1,0.833598552760657,0.795797502901219,0.771269037354421,0.748911958017671,0.738206783473978,0.724037502345083,0.71467190280849,0.705032604229708,0.685461124008849,0.67471261840707,0.661904628445214,0.654244133314225,0.644897663418903,0.636806134811482,0.633520129146984,0.634077212103159,0.625822844359931,0.617098768494872,0.612890072747867,0.608568772854897,0.599764426312082,0.590468866516156,0.579818443009006,0.569781622665319,0.565174843312463,0.550909697768199,0.529105223620255,0.504856273937142,0.438939084485745,0.307610146604634,-0.0209715357209501
0.833598552760657,1,0.959742559281238,0.935770444929094,0.91989810127228,0.909020249974917,0.89974627508768,0.890830086507291,0.884720709348083,0.872486871866905,0.864832610463977,0.857378438493731,0.851765254193457,0.842492592530154,0.833280910749143,0.829700227854923,0.827947596152286,0.821477857539454,0.813752244504401,0.810279038918101,0.805784965685267,0.796994736577206,0.787161659376895,0.776024793948362,0.763240416274704,0.754234067471663,0.73711279103542,0.717019683238121,0.684441271282901,0.611908071557017,0.458940934858076,0.024156775011342
0.795797502901219,0.959742559281238,1,0.979237316208127,0.963717640336813,0.953323053569688,0.943262559162023,0.936285306143898,0.930022458524256,0.919728300045654,0.911850733315267,0.904431677534975,0.898961746785631,0.891735886485994,0.884116953587801,0.880280663389499,0.878150669846606,0.873517828100252,0.865924103577437,0.861104967418806,0.855069883352391,0.845982305075831,0.835254868601668,0.823508181888206,0.810643960458195,0.802993430208752,0.784092099529749,0.763165354457083,0.730044776864234,0.658685484588774,0.502132085046008,0.0494912653279719
0.771269037354421,0.935770444929094,0.979237316208127,1,0.98786216763617,0.978910444549087,0.968495431385175,0.960684305441644,0.954075268890236,0.944244746761113,0.935869074528781,0.928815291783696,0.921747398265115,0.914925965247229,0.908386774454504,0.90431236556498,0.902141744556339,0.897716749767701,0.890237003474115,0.885735327080363,0.879689168053833,0.870722758064721,0.860493332172201,0.849163850985733,0.837488042865807,0.829124144139004,0.809328955011803,0.788153356515554,0.753064204428255,0.679747440012788,0.52163096358821,0.0487368711955263
0.748911958017671,0.91989810127228,0.963717640336813,0.98786216763617,1,0.991404661397413,0.981778148718792,0.973379631531794,0.96585882601032,0.956884148140391,0.949039966721456,0.940506781245315,0.932321218699275,0.924088754559988,0.917252104621623,0.914297081241044,0.912583352511564,0.908618327980857,0.902084777652447,0.8985195027938,0.89323490323901,0.88459034923908,0.874553815743498,0.863553450382851,0.85230664549,0.84427785888288,0.824986931368179,0.804834291668793,0.770389790280072,0.698242705677263,0.537599628653953,0.0557165242502224
0.738206783473978,0.909020249974917,0.953323053569688,0.978910444549087,0.991404661397413,1,0.991605807706284,0.984057378365526,0.977167910820356,0.967935404747271,0.959400148148962,0.950419291445814,0.942727920457925,0.935748140730992,0.92860960351794,0.924741847294045,0.921962768875516,0.917302452605573,0.911519502243522,0.908813228027325,0.903913951291359,0.895238227846894,0.885995316647002,0.875808084336017,0.864971414547191,0.858434830401715,0.8401260062792,0.820260386726279,0.785291758112999,0.713112031941132,0.550088963193422,0.0602568768321827
0.724037502345083,0.89974627508768,0.943262559162023,0.968495431385175,0.981778148718792,0.991605807706284,1,0.993070983974092,0.986069943046001,0.977887417491468,0.969075006254246,0.959670970147824,0.952476251573372,0.944326032114594,0.936284809658475,0.932074148990903,0.929109460300436,0.924816533680223,0.919165578582572,0.916388270135823,0.911275908551229,0.903229183563704,0.894985653463007,0.884931694794717,0.874564082789311,0.868700093570389,0.850660171891622,0.83154367594601,0.795411628224675,0.722606065725821,0.556244942446219,0.0589630741539352
0.71467190280849,0.890830086507291,0.936285306143898,0.960684305441644,0.973379631531794,0.984057378365526,0.993070983974092,1,0.994491351735776,0.987305502576576,0.978688838545368,0.969062859636717,0.961597597855469,0.953828875534518,0.945918224979224,0.940889719978808,0.937848237244118,0.933766339769519,0.927997068135827,0.924518572716252,0.919611061774606,0.911926284732572,0.904307257281572,0.89444251605413,0.884836561379698,0.878810323792824,0.861333337951679,0.843860216475118,0.807743784963052,0.734456967312461,0.568104798369232,0.063013733529008
0.705032604229708,0.884720709348083,0.930022458524256,0.954075268890236,0.96585882601032,0.977167910820356,0.986069943046001,0.994491351735776,1,0.994419641347158,0.986489349549231,0.976250583787278,0.968541564923616,0.960704080642709,0.952136926031691,0.946249555057792,0.942564113458415,0.937955280201036,0.932735332401011,0.929436383056984,0.924787165221961,0.917181580507856,0.9097419562553,0.901152630543541,0.892726338530615,0.887588702044982,0.871258768469408,0.854495942829428,0.817716781273964,0.745170548795032,0.577791514528243,0.0689436222543887
0.685461124008849,0.872486871866905,0.919728300045654,0.944244746761113,0.956884148140391,0.967935404747271,0.977887417491468,0.987305502576576,0.994419641347158,1,0.994266751070894,0.984950018033963,0.976436999611269,0.968492508838266,0.959607611953451,0.952453088461882,0.947358296215185,0.942229967974017,0.937328843775067,0.934213185398615,0.929791599679383,0.922560489510488,0.915864959667332,0.907989430520118,0.900087204697747,0.895144379081233,0.878974679168776,0.863763821043078,0.827288715250787,0.755444605175317,0.590773371178998,0.0789581548789863
0.67471261840707,0.864832610463977,0.911850733315267,0.935869074528781,0.949039966721456,0.959400148148962,0.969075006254246,0.978688838545368,0.986489349549231,0.994266751070894,1,0.994442424817082,0.986380655101403,0.977783442711465,0.968729893938624,0.961257200550048,0.956298064874809,0.950584673475123,0.945675269914727,0.942469520410743,0.938404933573965,0.931318676600482,0.925487731869631,0.918349277989694,0.91074733437218,0.906625343455974,0.890459796863371,0.876433431272338,0.841566250153872,0.770446887152016,0.601718703700002,0.0815322801056465
0.661904628445214,0.857378438493731,0.904431677534975,0.928815291783696,0.940506781245315,0.950419291445814,0.959670970147824,0.969062859636717,0.976250583787278,0.984950018033963,0.994442424817082,1,0.994761074917295,0.986245516387562,0.97685010892386,0.968337458972635,0.96260254714497,0.956529737228182,0.951240347084051,0.947246155298842,0.943694085443181,0.936645470857223,0.931306638748188,0.92427531136481,0.916468260390008,0.91235770632372,0.896591052545934,0.882402038650504,0.848004981537979,0.778877199248568,0.611812747259305,0.0915496610666241
0.654244133314225,0.851765254193457,0.898961746785631,0.921747398265115,0.932321218699275,0.942727920457925,0.952476251573372,0.961597597855469,0.968541564923616,0.976436999611269,0.986380655101403,0.994761074917295,1,0.994273506855019,0.985884880643663,0.977216078717709,0.970787156485554,0.963977438641764,0.958541949512468,0.954107864273252,0.950557122189563,0.943542810472397,0.938305441461139,0.931660970206449,0.924010763825341,0.920187655076701,0.904121459334162,0.889945756342698,0.855875478626828,0.786110673457645,0.617210770784849,0.0975568163294663
0.644897663418903,0.842492592530154,0.891735886485994,0.914925965247229,0.924088754559988,0.935748140730992,0.944326032114594,0.953828875534518,0.960704080642709,0.968492508838266,0.977783442711465,0.986245516387562,0.994273506855019,1,0.994966373129378,0.986807799349614,0.979444681572226,0.971876365643443,0.966352208538832,0.961499731031988,0.957349716270304,0.950739057952147,0.945486493648823,0.939113295344559,0.931728285466942,0.928541588938277,0.912240338345328,0.898881769366729,0.864871597344317,0.795655099573168,0.629745145821673,0.10541597532205
0.636806134811482,0.833280910749143,0.884116953587801,0.908386774454504,0.917252104621623,0.92860960351794,0.936284809658475,0.945918224979224,0.952136926031691,0.959607611953451,0.968729893938624,0.97685010892386,0.985884880643663,0.994966373129378,1,0.995360505767521,0.988897086343877,0.981411028453051,0.975439602137936,0.970092568689308,0.96572354332906,0.959037227772484,0.953674504275891,0.947797062304837,0.940159423426466,0.936334967430612,0.919995667998482,0.906734501667515,0.874675037577375,0.807252208499052,0.641136154508371,0.112373926463012
0.633520129146984,0.829700227854923,0.880280663389499,0.90431236556498,0.914297081241044,0.924741847294045,0.932074148990903,0.940889719978808,0.946249555057792,0.952453088461882,0.961257200550048,0.968337458972635,0.977216078717709,0.986807799349614,0.995360505767521,1,0.99566556115754,0.989292490021427,0.98291569936041,0.977460568291692,0.973204785236758,0.966405610988263,0.961046028817095,0.954945824239533,0.946353580882739,0.941781605770891,0.926332015933755,0.912672390378557,0.882242820045836,0.816756017708968,0.649901338213782,0.117280562082638
0.634077212103159,0.827947596152286,0.878150669846606,0.902141744556339,0.912583352511564,0.921962768875516,0.929109460300436,0.937848237244118,0.942564113458415,0.947358296215185,0.956298064874809,0.96260254714497,0.970787156485554,0.979444681572226,0.988897086343877,0.99566556115754,1,0.995723764095583,0.989877685152605,0.983624938192916,0.978840039686364,0.972536877482764,0.966955608373104,0.96023283325418,0.95119879368285,0.946111981933446,0.931241165207247,0.916655758021515,0.887761512401798,0.822517772156655,0.655852963767823,0.121440359328204
0.625822844359931,0.821477857539454,0.873517828100252,0.897716749767701,0.908618327980857,0.917302452605573,0.924816533680223,0.933766339769519,0.937955280201036,0.942229967974017,0.950584673475123,0.956529737228182,0.963977438641764,0.971876365643443,0.981411028453051,0.989292490021427,0.995723764095583,1,0.995910669418746,0.989897540266256,0.984845819197795,0.978634216434404,0.973464165399359,0.966916248949072,0.957495190735014,0.952484422866457,0.937840268520393,0.92289759098735,0.894969469091203,0.832022053197542,0.667015869071651,0.131887890957418
0.617098768494872,0.813752244504401,0.865924103577437,0.890237003474115,0.902084777652447,0.911519502243522,0.919165578582572,0.927997068135827,0.932735332401011,0.937328843775067,0.945675269914727,0.951240347084051,0.958541949512468,0.966352208538832,0.975439602137936,0.98291569936041,0.989877685152605,0.995910669418746,1,0.995751107017851,0.990677648307096,0.984824395455756,0.979875896451986,0.973498423567911,0.964124127375967,0.958506472837112,0.943911931273406,0.92955909318453,0.901647337356487,0.839515071830789,0.675069292940489,0.138035712662473
0.612890072747867,0.810279038918101,0.861104967418806,0.885735327080363,0.8985195027938,0.908813228027325,0.916388270135823,0.924518572716252,0.929436383056984,0.934213185398615,0.942469520410743,0.947246155298842,0.954107864273252,0.961499731031988,0.970092568689308,0.977460568291692,0.983624938192916,0.989897540266256,0.995751107017851,1,0.996068173270711,0.990362763270929,0.985343227093865,0.979678095188213,0.970961403525942,0.964372831843238,0.950268724196488,0.937202734960168,0.910696961110476,0.850732586702115,0.690550173010921,0.156073378974531
0.608568772854897,0.805784965685267,0.855069883352391,0.879689168053833,0.89323490323901,0.903913951291359,0.911275908551229,0.919611061774606,0.924787165221961,0.929791599679383,0.938404933573965,0.943694085443181,0.950557122189563,0.957349716270304,0.96572354332906,0.973204785236758,0.978840039686364,0.984845819197795,0.990677648307096,0.996068173270711,1,0.995560723284724,0.990907657454297,0.985542230317596,0.977336945442146,0.970530599810682,0.957535670495154,0.944155662538132,0.918689315849757,0.861296871972066,0.704151634967077,0.164888832626178
0.599764426312082,0.796994736577206,0.845982305075831,0.870722758064721,0.88459034923908,0.895238227846894,0.903229183563704,0.911926284732572,0.917181580507856,0.922560489510488,0.931318676600482,0.936645470857223,0.943542810472397,0.950739057952147,0.959037227772484,0.966405610988263,0.972536877482764,0.978634216434404,0.984824395455756,0.990362763270929,0.995560723284724,1,0.99626270754643,0.991354261407488,0.983447314822722,0.976165819606917,0.963549214363914,0.950164646257565,0.925108387048226,0.868857845009999,0.715023320111247,0.170058441667961
0.590468866516156,0.787161659376895,0.835254868601668,0.860493332172201,0.874553815743498,0.885995316647002,0.894985653463007,0.904307257281572,0.9097419562553,0.915864959667332,0.925487731869631,0.931306638748188,0.938305441461139,0.945486493648823,0.953674504275891,0.961046028817095,0.966955608373104,0.973464165399359,0.979875896451986,0.985343227093865,0.990907657454297,0.99626270754643,1,0.995115064362224,0.987520294103299,0.980533634413713,0.968989732241829,0.955990267066935,0.931551483672437,0.87716791985327,0.72567607293927,0.174974356381724
0.579818443009006,0.776024793948362,0.823508181888206,0.849163850985733,0.863553450382851,0.875808084336017,0.884931694794717,0.89444251605413,0.901152630543541,0.907989430520118,0.918349277989694,0.92427531136481,0.931660970206449,0.939113295344559,0.947797062304837,0.954945824239533,0.96023283325418,0.966916248949072,0.973498423567911,0.979678095188213,0.985542230317596,0.991354261407488,0.995115064362224,1,0.994294787154482,0.987964934343831,0.977054314123237,0.96480440605109,0.941063099170743,0.88775355850401,0.740238957134694,0.191298318397872
0.569781622665319,0.763240416274704,0.810643960458195,0.837488042865807,0.85230664549,0.864971414547191,0.874564082789311,0.884836561379698,0.892726338530615,0.900087204697747,0.91074733437218,0.916468260390008,0.924010763825341,0.931728285466942,0.940159423426466,0.946353580882739,0.95119879368285,0.957495190735014,0.964124127375967,0.970961403525942,0.977336945442146,0.983447314822722,0.987520294103299,0.994294787154482,1,0.994477917762593,0.983766213695152,0.972352172978474,0.949930100733735,0.899379993604344,0.755465099967946,0.208848296872534
0.565174843312463,0.754234067471663,0.802993430208752,0.829124144139004,0.84427785888288,0.858434830401715,0.868700093570389,0.878810323792824,0.887588702044982,0.895144379081233,0.906625343455974,0.91235770632372,0.920187655076701,0.928541588938277,0.936334967430612,0.941781605770891,0.946111981933446,0.952484422866457,0.958506472837112,0.964372831843238,0.970530599810682,0.976165819606917,0.980533634413713,0.987964934343831,0.994477917762593,1,0.990432182196847,0.979180041884709,0.957236841644953,0.908328941218746,0.767539452364527,0.216156009237881
0.550909697768199,0.73711279103542,0.784092099529749,0.809328955011803,0.824986931368179,0.8401260062792,0.850660171891622,0.861333337951679,0.871258768469408,0.878974679168776,0.890459796863371,0.896591052545934,0.904121459334162,0.912240338345328,0.919995667998482,0.926332015933755,0.931241165207247,0.937840268520393,0.943911931273406,0.950268724196488,0.957535670495154,0.963549214363914,0.968989732241829,0.977054314123237,0.983766213695152,0.990432182196847,1,0.990091889734704,0.969575165191532,0.926310086119619,0.789487913781401,0.243410358622777
0.529105223620255,0.717019683238121,0.763165354457083,0.788153356515554,0.804834291668793,0.820260386726279,0.83154367594601,0.843860216475118,0.854495942829428,0.863763821043078,0.876433431272338,0.882402038650504,0.889945756342698,0.898881769366729,0.906734501667515,0.912672390378557,0.916655758021515,0.92289759098735,0.92955909318453,0.937202734960168,0.944155662538132,0.950164646257565,0.955990267066935,0.96480440605109,0.972352172978474,0.979180041884709,0.990091889734704,1,0.984671264231056,0.944725741376913,0.81162222302456,0.263651688887086
0.504856273937142,0.684441271282901,0.730044776864234,0.753064204428255,0.770389790280072,0.785291758112999,0.795411628224675,0.807743784963052,0.817716781273964,0.827288715250787,0.841566250153872,0.848004981537979,0.855875478626828,0.864871597344317,0.874675037577375,0.882242820045836,0.887761512401798,0.894969469091203,0.901647337356487,0.910696961110476,0.918689315849757,0.925108387048226,0.931551483672437,0.941063099170743,0.949930100733735,0.957236841644953,0.969575165191532,0.984671264231056,1,0.964823329119196,0.838574385778688,0.300535990599222
0.438939084485745,0.611908071557017,0.658685484588774,0.679747440012788,0.698242705677263,0.713112031941132,0.722606065725821,0.734456967312461,0.745170548795032,0.755444605175317,0.770446887152016,0.778877199248568,0.786110673457645,0.795655099573168,0.807252208499052,0.816756017708968,0.822517772156655,0.832022053197542,0.839515071830789,0.850732586702115,0.861296871972066,0.868857845009999,0.87716791985327,0.88775355850401,0.899379993604344,0.908328941218746,0.926310086119619,0.944725741376913,0.964823329119196,1,0.900993137174251,0.360727501841333
0.307610146604634,0.458940934858076,0.502132085046008,0.52163096358821,0.537599628653953,0.550088963193422,0.556244942446219,0.568104798369232,0.577791514528243,0.590773371178998,0.601718703700002,0.611812747259305,0.617210770784849,0.629745145821673,0.641136154508371,0.649901338213782,0.655852963767823,0.667015869071651,0.675069292940489,0.690550173010921,0.704151634967077,0.715023320111247,0.72567607293927,0.740238957134694,0.755465099967946,0.767539452364527,0.789487913781401,0.81162222302456,0.838574385778688,0.900993137174251,1,0.455443244674316
-0.0209715357209501,0.024156775011342,0.0494912653279719,0.0487368711955263,0.0557165242502224,0.0602568768321827,0.0589630741539352,0.063013733529008,0.0689436222543887,0.0789581548789863,0.0815322801056465,0.0915496610666241,0.0975568163294663,0.10541597532205,0.112373926463012,0.117280562082638,0.121440359328204,0.131887890957418,0.138035712662473,0.156073378974531,0.164888832626178,0.170058441667961,0.174974356381724,0.191298318397872,0.208848296872534,0.216156009237881,0.243410358622777,0.263651688887086,0.300535990599222,0.360727501841333,0.455443244674316,1
