1,0.840119587229011,0.7688984900579,0.77148975013729,0.750149281427929,0.71500075211963,0.678075217522394,0.661641514221522,0.618851887366417,0.597754696854551,0.570355608438608,0.552751871579643,0.534746279251057,0.489062648411827,0.444749211889856,0.403354224866861,0.34130627852693,0.291010030493465,0.228302622889371,0.182663481218879,0.131694405625458,0.0697249907150636,0.0115188351437856,-0.0668589619609663,-0.109088785761605,-0.137707703318172,-0.132938921213766,-0.146789338911417,-0.159287539135772,-0.109990589875129,-0.125407813327393,-0.161936566217457
0.840119587229011,1,0.963266921097043,0.949182138045317,0.884839508969494,0.856718629389965,0.826086189932897,0.800184122452683,0.759745079668578,0.732632032724663,0.687338081498059,0.662983689703306,0.639149563264255,0.595197899239154,0.550082438754602,0.508387698153567,0.428955154468463,0.372156751241717,0.309069134035821,0.261584666479367,0.202832653371946,0.133453842691814,0.0556391428591629,-0.042237286248861,-0.0841428846317229,-0.125567397815295,-0.127389171697803,-0.143610869069923,-0.157586580411955,-0.110735766775834,-0.118318201198883,-0.145346851638696
0.7688984900579,0.963266921097043,1,0.978344953183854,0.89960049564053,0.876063818125494,0.850046178624938,0.8215898419322,0.784101579179142,0.761287942092864,0.711253610921886,0.686986818504346,0.666184445798811,0.629294555904003,0.588385278264032,0.548426176396869,0.464277891413681,0.408281628590099,0.3498543221918,0.306217263967366,0.249454810485249,0.182339736970912,0.102849365927956,0.00743556695315911,-0.043845553128692,-0.0928484701849075,-0.0992058210713336,-0.120111067227745,-0.133273632614422,-0.0890024684263209,-0.0870170183101508,-0.100548247854293
0.77148975013729,0.949182138045317,0.978344953183854,1,0.949551603569883,0.923576376698556,0.897025251149955,0.872400683694198,0.838760455488886,0.815775503967508,0.768755374979507,0.743407736799499,0.721949547577118,0.683043690038018,0.641406386110605,0.602013104544513,0.526132860235339,0.471852434462508,0.410868225561727,0.365498594669916,0.307041220145732,0.240416408158356,0.156837446916859,0.0624504398140827,0.00939135627401019,-0.037807746021277,-0.0461982564350161,-0.0666529694180149,-0.0899304700602882,-0.0532008465553092,-0.0611710428788144,-0.0843704561373335
0.750149281427929,0.884839508969494,0.89960049564053,0.949551603569883,1,0.979466672314716,0.947784142903609,0.924917505592962,0.891348855662521,0.865690553102227,0.831955337861342,0.805222587762046,0.779037121309235,0.734251900568915,0.689401765841711,0.647417768796819,0.58629651758943,0.532347332164136,0.466537849965982,0.417024363651863,0.356657203325085,0.289643209026063,0.205903290231662,0.117351018432502,0.0535107360114247,0.0105793957149866,0.00428457922933266,-0.0165333078022479,-0.0475591040309083,-0.0158090036138407,-0.0360715271477665,-0.0735028439776542
0.71500075211963,0.856718629389965,0.876063818125494,0.923576376698556,0.979466672314716,1,0.977866575175555,0.955757903848846,0.924708129944506,0.902484336576205,0.872160542403455,0.847015265105507,0.819667119082816,0.779415416937398,0.738552792112625,0.698613238409494,0.639565544401997,0.590372073357963,0.528137902630229,0.479808714974571,0.419275010422796,0.351597526145521,0.269157312140922,0.177960469247013,0.112609741766441,0.067712089433048,0.0663516603681683,0.0416473295422008,0.0123668464334253,0.0316733709102137,-0.000846760180036119,-0.0467005839388921
0.678075217522394,0.826086189932897,0.850046178624938,0.897025251149955,0.947784142903609,0.977866575175555,1,0.983400125620021,0.957328361561553,0.937709911556402,0.911122205189587,0.888032300935992,0.862567558955146,0.831516279114773,0.796431386129039,0.761958304664147,0.708054258139652,0.663930591281384,0.603863126897079,0.55548134136893,0.494243410476845,0.423737029414803,0.338909373480783,0.249854952956556,0.185433625700683,0.13776653959075,0.130416015770956,0.0987346517994909,0.0653069457117741,0.0700149225286389,0.0320182717810941,-0.0304438146526947
0.661641514221522,0.800184122452683,0.8215898419322,0.872400683694198,0.924917505592962,0.955757903848846,0.983400125620021,1,0.986001102669492,0.966276007443875,0.944757076926025,0.924816450078802,0.90418731728711,0.874586278119729,0.841871560394057,0.810136099623593,0.762141836573787,0.721817670976373,0.665927564229496,0.616412925367205,0.556868452339162,0.489471230154649,0.407089641450646,0.316984314755415,0.248674746226276,0.196413698809984,0.181281840640455,0.142691710586233,0.106952325607423,0.102227518809294,0.0660182814150448,-0.000653378080251888
0.618851887366417,0.759745079668578,0.784101579179142,0.838760455488886,0.891348855662521,0.924708129944506,0.957328361561553,0.986001102669492,1,0.985997786092211,0.970202959384044,0.952082244487625,0.933538569100303,0.908221184282804,0.879955242893295,0.853038434637589,0.810563322241804,0.773810317282371,0.72258638226187,0.675043123570321,0.618229863259535,0.554591304345352,0.474014723179021,0.383730414692933,0.315282720855004,0.261939758156306,0.239948864483788,0.196049174422259,0.157425852220507,0.142302364809893,0.102660833829338,0.027294185685287
0.597754696854551,0.732632032724663,0.761287942092864,0.815775503967508,0.865690553102227,0.902484336576205,0.937709911556402,0.966276007443875,0.985997786092211,1,0.988457208637615,0.973636126319172,0.956457800685449,0.933082173759907,0.908622769138845,0.882878599883037,0.843230343448503,0.807467191633415,0.758211746172874,0.712097075479292,0.657181810777528,0.595363365327344,0.515933930869828,0.427797015120373,0.358214938185086,0.303638440742806,0.279515145846944,0.233199417526589,0.194879549268075,0.174135973287601,0.134468018036941,0.0604443365672402
0.570355608438608,0.687338081498059,0.711253610921886,0.768755374979507,0.831955337861342,0.872160542403455,0.911122205189587,0.944757076926025,0.970202959384044,0.988457208637615,1,0.991774367134726,0.976368535356939,0.955657093371097,0.933417573343804,0.910066088309286,0.876131593499563,0.843098705684625,0.797988537620652,0.753631861493928,0.69992801745386,0.640647182488497,0.563872025354146,0.479707438013326,0.407726810268201,0.351824954685795,0.320828040320901,0.267583662830692,0.224448169882055,0.195426336018732,0.155623711028997,0.076204779021356
0.552751871579643,0.662983689703306,0.686986818504346,0.743407736799499,0.805222587762046,0.847015265105507,0.888032300935992,0.924816450078802,0.952082244487625,0.973636126319172,0.991774367134726,1,0.990546886493515,0.973404260111391,0.953334037280405,0.931634098849554,0.90110933136438,0.870009923448771,0.827396338190979,0.785181795997031,0.733996052757453,0.675415020386323,0.599910431005105,0.519143913416193,0.446811597575981,0.388114608784619,0.354070857353807,0.295998834837286,0.25165296129125,0.21917686781556,0.184663460430577,0.0957657960238294
0.534746279251057,0.639149563264255,0.666184445798811,0.721949547577118,0.779037121309235,0.819667119082816,0.862567558955146,0.90418731728711,0.933538569100303,0.956457800685449,0.976368535356939,0.990546886493515,1,0.986473629890781,0.968658834401728,0.948356562765045,0.920592163065226,0.892150477223562,0.851680854878188,0.811291389595297,0.761224813550994,0.703088212038254,0.630426105359559,0.550717514341123,0.476769189943285,0.416688657763362,0.379659112241652,0.318479777819056,0.270206956707155,0.233461075620045,0.202067846468246,0.112283794778967
0.489062648411827,0.595197899239154,0.629294555904003,0.683043690038018,0.734251900568915,0.779415416937398,0.831516279114773,0.874586278119729,0.908221184282804,0.933082173759907,0.955657093371097,0.973404260111391,0.986473629890781,1,0.990620392269088,0.97393817272979,0.949581739316122,0.925206036856781,0.888907158571125,0.851335996572098,0.806384362008588,0.749480498940866,0.677441760399697,0.601836206836922,0.52569735808313,0.462764527076061,0.419794011295925,0.354399339959799,0.301397716638296,0.258452523090727,0.228655090150897,0.127566809068504
0.444749211889856,0.550082438754602,0.588385278264032,0.641406386110605,0.689401765841711,0.738552792112625,0.796431386129039,0.841871560394057,0.879955242893295,0.908622769138845,0.933417573343804,0.953334037280405,0.968658834401728,0.990620392269088,1,0.990902670644554,0.971683608696929,0.951139993947569,0.918277699350732,0.883051342967203,0.842441681748162,0.786746603884829,0.715920099635202,0.643153123073677,0.568170260540487,0.505078455731298,0.461149921745459,0.394216313299188,0.337574565102136,0.283650938751137,0.261079308880189,0.158499881419478
0.403354224866861,0.508387698153567,0.548426176396869,0.602013104544513,0.647417768796819,0.698613238409494,0.761958304664147,0.810136099623593,0.853038434637589,0.882878599883037,0.910066088309286,0.931634098849554,0.948356562765045,0.97393817272979,0.990902670644554,1,0.98719045791684,0.969450076691786,0.939771492471534,0.908032918795731,0.87127249202919,0.818875291888673,0.750074775531267,0.680797659206689,0.613763382330657,0.552808785481511,0.502411899227879,0.433523692400829,0.373719855808818,0.312462269676375,0.291489151979032,0.179451925337296
0.34130627852693,0.428955154468463,0.464277891413681,0.526132860235339,0.58629651758943,0.639565544401997,0.708054258139652,0.762141836573787,0.810563322241804,0.843230343448503,0.876131593499563,0.90110933136438,0.920592163065226,0.949581739316122,0.971683608696929,0.98719045791684,1,0.989772680214903,0.965622325150755,0.939481376833541,0.907109964565186,0.860785199132321,0.798209857713507,0.737512928893584,0.67050465168736,0.611924420864296,0.561352707228749,0.485604546130759,0.426953595155988,0.3488862482713,0.330706954007901,0.212587163064497
0.291010030493465,0.372156751241717,0.408281628590099,0.471852434462508,0.532347332164136,0.590372073357963,0.663930591281384,0.721817670976373,0.773810317282371,0.807467191633415,0.843098705684625,0.870009923448771,0.892150477223562,0.925206036856781,0.951139993947569,0.969450076691786,0.989772680214903,1,0.986536141628281,0.962894784269761,0.934360999692181,0.895661982173438,0.83734874154505,0.779348194192837,0.713575993357557,0.655391000519591,0.601429476855682,0.525220610212924,0.466813341853095,0.38241132262899,0.366729842584113,0.244256138955966
0.228302622889371,0.309069134035821,0.3498543221918,0.410868225561727,0.466537849965982,0.528137902630229,0.603863126897079,0.665927564229496,0.72258638226187,0.758211746172874,0.797988537620652,0.827396338190979,0.851680854878188,0.888907158571125,0.918277699350732,0.939771492471534,0.965622325150755,0.986536141628281,1,0.985513171121905,0.96325188887757,0.934313836911117,0.882866007379601,0.829493770668256,0.764145614581533,0.7051580527315,0.648198674516178,0.567538775060651,0.512458058247987,0.425216276819406,0.413222228454535,0.291352133299509
0.182663481218879,0.261584666479367,0.306217263967366,0.365498594669916,0.417024363651863,0.479808714974571,0.55548134136893,0.616412925367205,0.675043123570321,0.712097075479292,0.753631861493928,0.785181795997031,0.811291389595297,0.851335996572098,0.883051342967203,0.908032918795731,0.939481376833541,0.962894784269761,0.985513171121905,1,0.984174712630327,0.95955948616886,0.916877759145068,0.868857849379055,0.80894544014957,0.752263180940772,0.695772110525536,0.61356950364367,0.563773286137577,0.468340354078446,0.461286413586358,0.338476352638733
0.131694405625458,0.202832653371946,0.249454810485249,0.307041220145732,0.356657203325085,0.419275010422796,0.494243410476845,0.556868452339162,0.618229863259535,0.657181810777528,0.69992801745386,0.733996052757453,0.761224813550994,0.806384362008588,0.842441681748162,0.87127249202919,0.907109964565186,0.934360999692181,0.96325188887757,0.984174712630327,1,0.985157434985461,0.949590314703274,0.907662655285339,0.851571661867264,0.799029389630353,0.738069064505096,0.648260897927606,0.594729761659074,0.495227125614794,0.503941389051223,0.37146337451019
0.0697249907150636,0.133453842691814,0.182339736970912,0.240416408158356,0.289643209026063,0.351597526145521,0.423737029414803,0.489471230154649,0.554591304345352,0.595363365327344,0.640647182488497,0.675415020386323,0.703088212038254,0.749480498940866,0.786746603884829,0.818875291888673,0.860785199132321,0.895661982173438,0.934313836911117,0.95955948616886,0.985157434985461,1,0.978037375210788,0.943945100195268,0.894676414295818,0.842364506292659,0.781570313939469,0.697047498440928,0.65040539071106,0.544431476184625,0.551011352487782,0.412821386113652
0.0115188351437856,0.0556391428591629,0.102849365927956,0.156837446916859,0.205903290231662,0.269157312140922,0.338909373480783,0.407089641450646,0.474014723179021,0.515933930869828,0.563872025354146,0.599910431005105,0.630426105359559,0.677441760399697,0.715920099635202,0.750074775531267,0.798209857713507,0.83734874154505,0.882866007379601,0.916877759145068,0.949590314703274,0.978037375210788,1,0.97380593878753,0.917752312319445,0.868475993036394,0.812329445821471,0.724553029640958,0.68749798152991,0.569132093520419,0.575870180975992,0.445214840237649
-0.0668589619609663,-0.042237286248861,0.00743556695315911,0.0624504398140827,0.117351018432502,0.177960469247013,0.249854952956556,0.316984314755415,0.383730414692933,0.427797015120373,0.479707438013326,0.519143913416193,0.550717514341123,0.601836206836922,0.643153123073677,0.680797659206689,0.737512928893584,0.779348194192837,0.829493770668256,0.868857849379055,0.907662655285339,0.943945100195268,0.97380593878753,1,0.962200089432578,0.919806124847593,0.864513099601828,0.77008108732929,0.721902556743696,0.593303387480416,0.609036703270404,0.472871158038465
-0.109088785761605,-0.0841428846317229,-0.043845553128692,0.00939135627401019,0.0535107360114247,0.112609741766441,0.185433625700683,0.248674746226276,0.315282720855004,0.358214938185086,0.407726810268201,0.446811597575981,0.476769189943285,0.52569735808313,0.568170260540487,0.613763382330657,0.67050465168736,0.713575993357557,0.764145614581533,0.80894544014957,0.851571661867264,0.894676414295818,0.917752312319445,0.962200089432578,1,0.978752055420497,0.93110925813156,0.854543074389427,0.789120184574098,0.667251681533779,0.670038644117251,0.4922392189196
-0.137707703318172,-0.125567397815295,-0.0928484701849075,-0.037807746021277,0.0105793957149866,0.067712089433048,0.13776653959075,0.196413698809984,0.261939758156306,0.303638440742806,0.351824954685795,0.388114608784619,0.416688657763362,0.462764527076061,0.505078455731298,0.552808785481511,0.611924420864296,0.655391000519591,0.7051580527315,0.752263180940772,0.799029389630353,0.842364506292659,0.868475993036394,0.919806124847593,0.978752055420497,1,0.960997735690516,0.88064103798838,0.803364336301276,0.688157119095389,0.69969154401295,0.516204407255675
-0.132938921213766,-0.127389171697803,-0.0992058210713336,-0.0461982564350161,0.00428457922933266,0.0663516603681683,0.130416015770956,0.181281840640455,0.239948864483788,0.279515145846944,0.320828040320901,0.354070857353807,0.379659112241652,0.419794011295925,0.461149921745459,0.502411899227879,0.561352707228749,0.601429476855682,0.648198674516178,0.695772110525536,0.738069064505096,0.781570313939469,0.812329445821471,0.864513099601828,0.93110925813156,0.960997735690516,1,0.948544368128778,0.879186565755729,0.777076626049548,0.762588571659586,0.559539461498427
-0.146789338911417,-0.143610869069923,-0.120111067227745,-0.0666529694180149,-0.0165333078022479,0.0416473295422008,0.0987346517994909,0.142691710586233,0.196049174422259,0.233199417526589,0.267583662830692,0.295998834837286,0.318479777819056,0.354399339959799,0.394216313299188,0.433523692400829,0.485604546130759,0.525220610212924,0.567538775060651,0.61356950364367,0.648260897927606,0.697047498440928,0.724553029640958,0.77008108732929,0.854543074389427,0.88064103798838,0.948544368128778,1,0.945537918274513,0.87368024969835,0.798140813202554,0.549430976869579
-0.159287539135772,-0.157586580411955,-0.133273632614422,-0.0899304700602882,-0.0475591040309083,0.0123668464334253,0.0653069457117741,0.106952325607423,0.157425852220507,0.194879549268075,0.224448169882055,0.25165296129125,0.270206956707155,0.301397716638296,0.337574565102136,0.373719855808818,0.426953595155988,0.466813341853095,0.512458058247987,0.563773286137577,0.594729761659074,0.65040539071106,0.68749798152991,0.721902556743696,0.789120184574098,0.803364336301276,0.879186565755729,0.945537918274513,1,0.923248355462466,0.823771592833099,0.593903599872695
-0.109990589875129,-0.110735766775834,-0.0890024684263209,-0.0532008465553092,-0.0158090036138407,0.0316733709102137,0.0700149225286389,0.102227518809294,0.142302364809893,0.174135973287601,0.195426336018732,0.21917686781556,0.233461075620045,0.258452523090727,0.283650938751137,0.312462269676375,0.3488862482713,0.38241132262899,0.425216276819406,0.468340354078446,0.495227125614794,0.544431476184625,0.569132093520419,0.593303387480416,0.667251681533779,0.688157119095389,0.777076626049548,0.87368024969835,0.923248355462466,1,0.877653638478169,0.587420271680822
-0.125407813327393,-0.118318201198883,-0.0870170183101508,-0.0611710428788144,-0.0360715271477665,-0.000846760180036119,0.0320182717810941,0.0660182814150448,0.102660833829338,0.134468018036941,0.155623711028997,0.184663460430577,0.202067846468246,0.228655090150897,0.261079308880189,0.291489151979032,0.330706954007901,0.366729842584113,0.413222228454535,0.461286413586358,0.503941389051223,0.551011352487782,0.575870180975992,0.609036703270404,0.670038644117251,0.69969154401295,0.762588571659586,0.798140813202554,0.823771592833099,0.877653638478169,1,0.765229967902578
-0.161936566217457,-0.145346851638696,-0.100548247854293,-0.0843704561373335,-0.0735028439776542,-0.0467005839388921,-0.0304438146526947,-0.000653378080251888,0.027294185685287,0.0604443365672402,0.076204779021356,0.0957657960238294,0.112283794778967,0.127566809068504,0.158499881419478,0.179451925337296,0.212587163064497,0.244256138955966,0.291352133299509,0.338476352638733,0.37146337451019,0.412821386113652,0.445214840237649,0.472871158038465,0.4922392189196,0.516204407255675,0.559539461498427,0.549430976869579,0.593903599872695,0.587420271680822,0.765229967902578,1
