1,0.863957256047326,0.810716699766812,0.784177151257554,0.764923900417028,0.746073900741692,0.730761168871942,0.718025320001873,0.698399130948015,0.681622534051183,0.661146472134157,0.638990949994507,0.618026157318883,0.594274639185329,0.558881729635589,0.527697703657728,0.502060219522492,0.480736689084012,0.460078355651709,0.43698347352621,0.419406474171691,0.395113389113237,0.372135924058131,0.345285199641895,0.305761078213045,0.278332579959559,0.224544980805793,0.168170014535323,0.119873913067474,0.0323280383697173,-0.0814427959793112,-0.0612095668835713
0.863957256047326,1,0.959889235248906,0.935871089580284,0.91799519253987,0.901655084981719,0.888433704340863,0.875412159172484,0.860779953424083,0.845701588641093,0.824236997965077,0.803249318949515,0.780428249138317,0.756867153832212,0.724425131016903,0.691835501605101,0.664209241840048,0.639231378647202,0.619603369674,0.593827345213375,0.578105525989972,0.553175369750776,0.528142294738974,0.503126097007353,0.463417575388805,0.430782182759711,0.376823929682288,0.317107166485968,0.259772510554053,0.151141896145595,-0.00891509219221622,-0.0352241280740655
0.810716699766812,0.959889235248906,1,0.980125882085147,0.96337446139519,0.948491377320377,0.936477928550701,0.922303288463515,0.909383830218918,0.896330922655547,0.87837303565056,0.857902584507046,0.83527474896035,0.813443412056079,0.783125115130353,0.752685759286497,0.726988789655222,0.704484874401451,0.685376544720263,0.662531585821812,0.647628735608252,0.621951839550216,0.597434234078986,0.573571662438812,0.533632679897382,0.503496667473275,0.450611649135892,0.39108386930705,0.338547852708341,0.226822537445233,0.0546274533327507,0.0201245692363569
0.784177151257554,0.935871089580284,0.980125882085147,1,0.985781002413613,0.974014584907572,0.962898730027134,0.951908655695159,0.940190141473751,0.928006011464745,0.912124793076328,0.893427834513224,0.872615685673283,0.852985633731642,0.826115830274368,0.797822071414023,0.774087901549257,0.754101180864291,0.736855242532178,0.716783291021712,0.702672701824276,0.677873171365912,0.654989741606667,0.632347012300533,0.594839485900874,0.564856385317165,0.512893909613432,0.454546836681033,0.402538290587725,0.290301220357399,0.101840985808237,0.0594968613224435
0.764923900417028,0.91799519253987,0.96337446139519,0.985781002413613,1,0.990253181911318,0.979418314556956,0.969864209054751,0.960087760975669,0.948778477071298,0.935533801451381,0.918968495458949,0.901701367209286,0.882957406858377,0.859068192180813,0.833561793854382,0.811773233144108,0.794013453840735,0.778914046023792,0.761025069499097,0.748296407799423,0.724166586598142,0.702589234806965,0.679660220017182,0.643250274973969,0.612861600490023,0.563121968493887,0.505747549212506,0.453785676043241,0.339799537951195,0.143308845505427,0.0940905632168909
0.746073900741692,0.901655084981719,0.948491377320377,0.974014584907572,0.990253181911318,1,0.991295991281401,0.982007593394528,0.973381521421205,0.963324599791686,0.951472320786105,0.936506630946117,0.920615482241547,0.902352415087411,0.881936027085886,0.85787717578233,0.837825350044444,0.821776124189323,0.807498221717404,0.790356480797062,0.777875672198575,0.754638733489986,0.733979895345197,0.713312813652613,0.679755783117371,0.650013402240688,0.602975793098406,0.54640390203239,0.495629440147836,0.377310323197903,0.169640786748107,0.117461357439614
0.730761168871942,0.888433704340863,0.936477928550701,0.962898730027134,0.979418314556956,0.991295991281401,1,0.991625978674947,0.98298595459109,0.974047155276499,0.962678891621399,0.948813743293005,0.934063969356802,0.916839221612387,0.897483470034756,0.875335645508549,0.856086873005214,0.840984942611107,0.827431708973307,0.810551184466797,0.798710083079185,0.77641908285302,0.756163810160227,0.736728343254816,0.704101502143717,0.675845658473157,0.630455330119112,0.575360086881796,0.523757772820006,0.401448352310111,0.187083239716159,0.134890428210591
0.718025320001873,0.875412159172484,0.922303288463515,0.951908655695159,0.969864209054751,0.982007593394528,0.991625978674947,1,0.99360091681755,0.985242789337686,0.975113884530516,0.962954550683784,0.948291846615474,0.932979161877894,0.914351014103803,0.893135368023583,0.874979385704004,0.860897394638498,0.84946627306182,0.833873965416191,0.822708313543942,0.802273722886238,0.783871493987191,0.764761239041741,0.733468241390212,0.706002117974814,0.661219340155982,0.605812335084558,0.554887046806489,0.430003063703892,0.206903432284642,0.157146057724799
0.698399130948015,0.860779953424083,0.909383830218918,0.940190141473751,0.960087760975669,0.973381521421205,0.98298595459109,0.99360091681755,1,0.993881791057536,0.984852253099147,0.974400701902761,0.960334237713364,0.946385926238928,0.929192230960434,0.909375397288588,0.892732923901246,0.878630520277855,0.867677253389893,0.852967457642105,0.842442158333511,0.823063998294558,0.805551888917747,0.787343367497885,0.757421409597349,0.732229714297231,0.687851917190085,0.633797258389912,0.583845283765285,0.457526603008577,0.22803390459349,0.18785383426036
0.681622534051183,0.845701588641093,0.896330922655547,0.928006011464745,0.948778477071298,0.963324599791686,0.974047155276499,0.985242789337686,0.993881791057536,1,0.993572981451839,0.984267470085405,0.971412959949442,0.957815170043443,0.941573080277851,0.922900602744946,0.906241668988346,0.892131556821044,0.881956631560842,0.867808557660105,0.856637130771829,0.838246283491274,0.82149989599908,0.80398211238868,0.775380226561332,0.750572419206682,0.708207912992689,0.654896402431447,0.605162853416986,0.476768367068458,0.241963658890583,0.213333185618555
0.661146472134157,0.824236997965077,0.87837303565056,0.912124793076328,0.935533801451381,0.951472320786105,0.962678891621399,0.975113884530516,0.984852253099147,0.993572981451839,1,0.993597516168306,0.982000708752109,0.969105726277453,0.954535062577308,0.937192655284568,0.922126013338218,0.908392539407813,0.899206615924592,0.885553953564811,0.874692739170025,0.856224536972414,0.840447820227549,0.823632087996284,0.797249839040808,0.773870552597814,0.733626837073315,0.68138581448068,0.631997323372097,0.503982336287204,0.265840085860701,0.234776394575475
0.638990949994507,0.803249318949515,0.857902584507046,0.893427834513224,0.918968495458949,0.936506630946117,0.948813743293005,0.962954550683784,0.974400701902761,0.984267470085405,0.993597516168306,1,0.992701385695049,0.982230350278476,0.969238402119262,0.953403362290151,0.9398542063908,0.926471010393219,0.91771337236275,0.904573332729669,0.894317897322806,0.876666016799022,0.861948801149979,0.846019150199982,0.821187993788846,0.798710040825274,0.761419979901019,0.711070026317976,0.661971868697124,0.531007420713685,0.288450133052847,0.259923700684276
0.618026157318883,0.780428249138317,0.83527474896035,0.872615685673283,0.901701367209286,0.920615482241547,0.934063969356802,0.948291846615474,0.960334237713364,0.971412959949442,0.982000708752109,0.992701385695049,1,0.993236873192526,0.98278218296212,0.96932083311536,0.957131770373718,0.944844629610626,0.936352667678175,0.924166082429081,0.915022389257269,0.89822878752862,0.88388105522445,0.870064795348051,0.846766207964305,0.825216055594632,0.790965361700446,0.743397938272569,0.694283767496223,0.564266937260636,0.322523177850223,0.289014382961856
0.594274639185329,0.756867153832212,0.813443412056079,0.852985633731642,0.882957406858377,0.902352415087411,0.916839221612387,0.932979161877894,0.946385926238928,0.957815170043443,0.969105726277453,0.982230350278476,0.993236873192526,1,0.993438219039689,0.983600476806803,0.973208723749895,0.961731332536708,0.952527595492386,0.941583726494009,0.933122267443261,0.918116512648646,0.904459247300848,0.891438235771575,0.869992265910855,0.849145278725117,0.816590747332302,0.770393117923865,0.72171278966604,0.591898086393208,0.347762036427293,0.318610875547375
0.558881729635589,0.724425131016903,0.783125115130353,0.826115830274368,0.859068192180813,0.881936027085886,0.897483470034756,0.914351014103803,0.929192230960434,0.941573080277851,0.954535062577308,0.969238402119262,0.98278218296212,0.993438219039689,1,0.994437364788514,0.986054795591287,0.975865619729769,0.967441927858664,0.957214582882292,0.948473370860622,0.934762772364922,0.922942627463232,0.91069724947988,0.891812739893936,0.871724452202187,0.842164235678101,0.798471309980076,0.752404998764645,0.622648865846463,0.372094284530121,0.340976735588703
0.527697703657728,0.691835501605101,0.752685759286497,0.797822071414023,0.833561793854382,0.85787717578233,0.875335645508549,0.893135368023583,0.909375397288588,0.922900602744946,0.937192655284568,0.953403362290151,0.96932083311536,0.983600476806803,0.994437364788514,1,0.994872334763966,0.986935639706879,0.979497271309181,0.970406651016146,0.962131748050943,0.950128410774175,0.939831530766931,0.928745720438528,0.911117439778168,0.892869376040978,0.864697375273435,0.82315257721196,0.778811133449853,0.649253589774549,0.39824838417243,0.367822253039065
0.502060219522492,0.664209241840048,0.726988789655222,0.774087901549257,0.811773233144108,0.837825350044444,0.856086873005214,0.874979385704004,0.892732923901246,0.906241668988346,0.922126013338218,0.9398542063908,0.957131770373718,0.973208723749895,0.986054795591287,0.994872334763966,1,0.994977745206174,0.988560492163543,0.980856492046334,0.973131238341971,0.962755360295601,0.953171490678035,0.943041857293972,0.926576659981266,0.910119848579914,0.883651893690613,0.843486358693818,0.80095539976765,0.670075748755509,0.415424382144465,0.391080996024531
0.480736689084012,0.639231378647202,0.704484874401451,0.754101180864291,0.794013453840735,0.821776124189323,0.840984942611107,0.860897394638498,0.878630520277855,0.892131556821044,0.908392539407813,0.926471010393219,0.944844629610626,0.961731332536708,0.975865619729769,0.986935639706879,0.994977745206174,1,0.995722458372483,0.989431495050214,0.982623979363364,0.973224794159822,0.96519696922193,0.955695925672569,0.94140173001007,0.925937437922107,0.901234953381369,0.863728300582162,0.823797816075369,0.693712942796493,0.436235153317817,0.403621008810027
0.460078355651709,0.619603369674,0.685376544720263,0.736855242532178,0.778914046023792,0.807498221717404,0.827431708973307,0.84946627306182,0.867677253389893,0.881956631560842,0.899206615924592,0.91771337236275,0.936352667678175,0.952527595492386,0.967441927858664,0.979497271309181,0.988560492163543,0.995722458372483,1,0.995020403400575,0.988903459964763,0.980589176395859,0.972947741147693,0.963799532044989,0.950100944462634,0.935994461237228,0.912335108774734,0.876015508865969,0.836979892122568,0.707911799853009,0.449159425201457,0.418158490205368
0.43698347352621,0.593827345213375,0.662531585821812,0.716783291021712,0.761025069499097,0.790356480797062,0.810551184466797,0.833873965416191,0.852967457642105,0.867808557660105,0.885553953564811,0.904573332729669,0.924166082429081,0.941583726494009,0.957214582882292,0.970406651016146,0.980856492046334,0.989431495050214,0.995020403400575,1,0.995516257474336,0.989025546778943,0.982530482771136,0.973726040298091,0.961231702117826,0.94833346524955,0.926326010115515,0.89248045834734,0.855766628702225,0.730938834534884,0.473526970903924,0.443934887823161
0.419406474171691,0.578105525989972,0.647628735608252,0.702672701824276,0.748296407799423,0.777875672198575,0.798710083079185,0.822708313543942,0.842442158333511,0.856637130771829,0.874692739170025,0.894317897322806,0.915022389257269,0.933122267443261,0.948473370860622,0.962131748050943,0.973131238341971,0.982623979363364,0.988903459964763,0.995516257474336,1,0.994727182766065,0.988464107795587,0.980181510368437,0.96762794743806,0.955260220195818,0.93383584544267,0.901972432703381,0.867480645234058,0.745569162617989,0.490991450272876,0.457017628507394
0.395113389113237,0.553175369750776,0.621951839550216,0.677873171365912,0.724166586598142,0.754638733489986,0.77641908285302,0.802273722886238,0.823063998294558,0.838246283491274,0.856224536972414,0.876666016799022,0.89822878752862,0.918116512648646,0.934762772364922,0.950128410774175,0.962755360295601,0.973224794159822,0.980589176395859,0.989025546778943,0.994727182766065,1,0.994350464135834,0.987339461031832,0.976283199590617,0.965399935406209,0.944011023566631,0.915307617681919,0.883506233791942,0.76599328451749,0.511117753023847,0.475095879211045
0.372135924058131,0.528142294738974,0.597434234078986,0.654989741606667,0.702589234806965,0.733979895345197,0.756163810160227,0.783871493987191,0.805551888917747,0.82149989599908,0.840447820227549,0.861948801149979,0.88388105522445,0.904459247300848,0.922942627463232,0.939831530766931,0.953171490678035,0.96519696922193,0.972947741147693,0.982530482771136,0.988464107795587,0.994350464135834,1,0.993504619153926,0.983640097038105,0.973113684038036,0.955303885628156,0.927551494723542,0.896452724470947,0.778910585733694,0.520465979642164,0.481991913181762
0.345285199641895,0.503126097007353,0.573571662438812,0.632347012300533,0.679660220017182,0.713312813652613,0.736728343254816,0.764761239041741,0.787343367497885,0.80398211238868,0.823632087996284,0.846019150199982,0.870064795348051,0.891438235771575,0.91069724947988,0.928745720438528,0.943041857293972,0.955695925672569,0.963799532044989,0.973726040298091,0.980181510368437,0.987339461031832,0.993504619153926,1,0.991809600550435,0.981650424554086,0.965713286449255,0.939796242871395,0.909868518829794,0.792592575607627,0.532377372957168,0.489057377577365
0.305761078213045,0.463417575388805,0.533632679897382,0.594839485900874,0.643250274973969,0.679755783117371,0.704101502143717,0.733468241390212,0.757421409597349,0.775380226561332,0.797249839040808,0.821187993788846,0.846766207964305,0.869992265910855,0.891812739893936,0.911117439778168,0.926576659981266,0.94140173001007,0.950100944462634,0.961231702117826,0.96762794743806,0.976283199590617,0.983640097038105,0.991809600550435,1,0.991905105455547,0.979329678751634,0.956408218517851,0.929727656902769,0.816122603809555,0.553465026666215,0.499739352758618
0.278332579959559,0.430782182759711,0.503496667473275,0.564856385317165,0.612861600490023,0.650013402240688,0.675845658473157,0.706002117974814,0.732229714297231,0.750572419206682,0.773870552597814,0.798710040825274,0.825216055594632,0.849145278725117,0.871724452202187,0.892869376040978,0.910119848579914,0.925937437922107,0.935994461237228,0.94833346524955,0.955260220195818,0.965399935406209,0.973113684038036,0.981650424554086,0.991905105455547,1,0.98960621319842,0.96969126133394,0.945034569276766,0.83542380101499,0.572555553016839,0.519600888695017
0.224544980805793,0.376823929682288,0.450611649135892,0.512893909613432,0.563121968493887,0.602975793098406,0.630455330119112,0.661219340155982,0.687851917190085,0.708207912992689,0.733626837073315,0.761419979901019,0.790965361700446,0.816590747332302,0.842164235678101,0.864697375273435,0.883651893690613,0.901234953381369,0.912335108774734,0.926326010115515,0.93383584544267,0.944011023566631,0.955303885628156,0.965713286449255,0.979329678751634,0.98960621319842,1,0.98534344653535,0.962921332008906,0.858236393695431,0.603445839104534,0.543428480801522
0.168170014535323,0.317107166485968,0.39108386930705,0.454546836681033,0.505747549212506,0.54640390203239,0.575360086881796,0.605812335084558,0.633797258389912,0.654896402431447,0.68138581448068,0.711070026317976,0.743397938272569,0.770393117923865,0.798471309980076,0.82315257721196,0.843486358693818,0.863728300582162,0.876015508865969,0.89248045834734,0.901972432703381,0.915307617681919,0.927551494723542,0.939796242871395,0.956408218517851,0.96969126133394,0.98534344653535,1,0.982375502001275,0.896013103258029,0.65891650886696,0.572482487413165
0.119873913067474,0.259772510554053,0.338547852708341,0.402538290587725,0.453785676043241,0.495629440147836,0.523757772820006,0.554887046806489,0.583845283765285,0.605162853416986,0.631997323372097,0.661971868697124,0.694283767496223,0.72171278966604,0.752404998764645,0.778811133449853,0.80095539976765,0.823797816075369,0.836979892122568,0.855766628702225,0.867480645234058,0.883506233791942,0.896452724470947,0.909868518829794,0.929727656902769,0.945034569276766,0.962921332008906,0.982375502001275,1,0.927774632761332,0.704484531024145,0.597605942564236
0.0323280383697173,0.151141896145595,0.226822537445233,0.290301220357399,0.339799537951195,0.377310323197903,0.401448352310111,0.430003063703892,0.457526603008577,0.476768367068458,0.503982336287204,0.531007420713685,0.564266937260636,0.591898086393208,0.622648865846463,0.649253589774549,0.670075748755509,0.693712942796493,0.707911799853009,0.730938834534884,0.745569162617989,0.76599328451749,0.778910585733694,0.792592575607627,0.816122603809555,0.83542380101499,0.858236393695431,0.896013103258029,0.927774632761332,1,0.875314423537161,0.635410548237137
-0.0814427959793112,-0.00891509219221622,0.0546274533327507,0.101840985808237,0.143308845505427,0.169640786748107,0.187083239716159,0.206903432284642,0.22803390459349,0.241963658890583,0.265840085860701,0.288450133052847,0.322523177850223,0.347762036427293,0.372094284530121,0.39824838417243,0.415424382144465,0.436235153317817,0.449159425201457,0.473526970903924,0.490991450272876,0.511117753023847,0.520465979642164,0.532377372957168,0.553465026666215,0.572555553016839,0.603445839104534,0.65891650886696,0.704484531024145,0.875314423537161,1,0.63022283508765
-0.0612095668835713,-0.0352241280740655,0.0201245692363569,0.0594968613224435,0.0940905632168909,0.117461357439614,0.134890428210591,0.157146057724799,0.18785383426036,0.213333185618555,0.234776394575475,0.259923700684276,0.289014382961856,0.318610875547375,0.340976735588703,0.367822253039065,0.391080996024531,0.403621008810027,0.418158490205368,0.443934887823161,0.457017628507394,0.475095879211045,0.481991913181762,0.489057377577365,0.499739352758618,0.519600888695017,0.543428480801522,0.572482487413165,0.597605942564236,0.635410548237137,0.63022283508765,1
