1,0.91201202970244,0.887013281102819,0.870085973945027,0.861055906297524,0.849842405982312,0.842288845406712,0.83595294275465,0.827556229989422,0.820056002234438,0.815317322850214,0.807712929476844,0.800651951301375,0.7921893062976,0.784025504523825,0.77611533053073,0.769783624351681,0.761053420480216,0.751153038277938,0.742492297693997,0.733722803189884,0.726477377438791,0.717428217027382,0.709615097014471,0.700058028487479,0.686086610705334,0.665641900536219,0.646514120992841,0.621959792897335,0.560469669908706,0.432174735806753,0.086925541745757
0.91201202970244,1,0.985843314462584,0.975754268488662,0.96951378980029,0.962529929574442,0.957283804749826,0.952799535680716,0.947026362094082,0.941287294914914,0.937001308279036,0.931103370231697,0.925875110572405,0.919780515441113,0.912909201009443,0.906587978498273,0.900002555989515,0.892591074725627,0.884082925050903,0.876882164887139,0.869986272295146,0.862922566376166,0.855217995223363,0.84759605256085,0.838290184688128,0.824767470253039,0.806550533918047,0.787171813208283,0.762096990052212,0.698205545920697,0.547592862370703,0.178703551607413
0.887013281102819,0.985843314462584,1,0.992384913118288,0.987482700872552,0.982295740577629,0.9779731461703,0.97386442551812,0.9693785762814,0.964626253784603,0.960766965575405,0.95550405828445,0.951012349100714,0.945884931763329,0.940290769379027,0.935032490582927,0.929426524092017,0.922462572390005,0.914575832093381,0.908054314648976,0.901401427268318,0.895221276960703,0.888331636166315,0.881053082223669,0.872525335723993,0.859739910759151,0.842242599680994,0.823777016394458,0.799245758794478,0.737173076697996,0.582511499042795,0.194253532703903
0.870085973945027,0.975754268488662,0.992384913118288,1,0.996145041898816,0.99188520140033,0.987992832968805,0.984442382872139,0.980719563078993,0.976333010328526,0.972462505831016,0.968234670376398,0.963925039554879,0.959053821377758,0.953945993364168,0.949069877072443,0.943755402030128,0.937684496640086,0.930897263151217,0.925414691957188,0.919277887249114,0.913642154188152,0.90752742839138,0.900818991775828,0.892878644808256,0.880404954957801,0.864352536377189,0.847171016765911,0.82303626090443,0.763123397458818,0.610299727871246,0.214535807523774
0.861055906297524,0.96951378980029,0.987482700872552,0.996145041898816,1,0.997079893646951,0.993833671736847,0.990285431157992,0.986503325150268,0.982299168900834,0.978714642628038,0.974320773262173,0.970149898173157,0.965703494649386,0.960854807126084,0.955983768258963,0.95106594550587,0.945175969138246,0.93874952857274,0.933694071689584,0.927904513132597,0.922716714298838,0.916916432778334,0.910526489816629,0.903142922228682,0.890915050453231,0.875738219823455,0.85939208274007,0.836536177718217,0.777465437925355,0.623887086130001,0.221119585332958
0.849842405982312,0.962529929574442,0.982295740577629,0.99188520140033,0.997079893646951,1,0.997672183564142,0.994455655717414,0.991342888373173,0.987586813343282,0.984351566188235,0.980211699750463,0.97646056583198,0.972352863688337,0.967929863330247,0.963213102846299,0.958623644905663,0.952958105678367,0.946969723145484,0.942094325650142,0.93679476079768,0.931775820407381,0.926347237115959,0.920450024855896,0.913568644825515,0.902090839916592,0.887633976355378,0.871872947877766,0.849909021320405,0.792450605841598,0.640418599553598,0.230469960787739
0.842288845406712,0.957283804749826,0.9779731461703,0.987992832968805,0.993833671736847,0.997672183564142,1,0.997841833822963,0.99532703767706,0.992121502050419,0.989112529708914,0.985316595552028,0.981887930539194,0.978134481244626,0.974074538518763,0.969734173135539,0.96538961698912,0.960202537386485,0.954648227628115,0.94990019857332,0.944955171419703,0.939960705302698,0.934668251045638,0.928904755436536,0.922519937888573,0.911635933491401,0.897572892734556,0.882474714021898,0.861257036271329,0.804110914865787,0.652324994231983,0.23362964489996
0.83595294275465,0.952799535680716,0.97386442551812,0.984442382872139,0.990285431157992,0.994455655717414,0.997841833822963,1,0.998285743132918,0.995640996181343,0.992893689807171,0.989576717079331,0.986435605252484,0.983085973462458,0.979180592286758,0.975103700186643,0.970909641333138,0.965967964013998,0.960620907565505,0.95607719581433,0.951440845152082,0.946779150309298,0.941628445586767,0.936270726315166,0.930333066315838,0.919754470359351,0.906269690160859,0.891771025853414,0.871013316825009,0.814749581411532,0.664111115581154,0.239874732423816
0.827556229989422,0.947026362094082,0.9693785762814,0.980719563078993,0.986503325150268,0.991342888373173,0.99532703767706,0.998285743132918,1,0.998254103594566,0.996011044688599,0.993083556259503,0.990178351544512,0.987203643961201,0.983576258307528,0.979818748400984,0.975910047033111,0.971424793571587,0.966507045543893,0.962274294949693,0.957971740177192,0.953548785120112,0.94856937294832,0.943656663198259,0.937983941710373,0.927941801732033,0.915153118561741,0.900912884595708,0.880483233639369,0.824973991670772,0.675840514710275,0.249715144624942
0.820056002234438,0.941287294914914,0.964626253784603,0.976333010328526,0.982299168900834,0.987586813343282,0.992121502050419,0.995640996181343,0.998254103594566,1,0.998542921466433,0.996276296421552,0.993897771368557,0.991297804063373,0.98821378477824,0.984861415350679,0.981200023214738,0.977080598257169,0.972688053866356,0.968950449291471,0.965032139794577,0.960919422193518,0.956295613387192,0.951674392602288,0.94619026147149,0.936925670709074,0.924982672694967,0.911508613414778,0.891681196760119,0.837983806021299,0.690546240831705,0.256323879268787
0.815317322850214,0.937001308279036,0.960766965575405,0.972462505831016,0.978714642628038,0.984351566188235,0.989112529708914,0.992893689807171,0.996011044688599,0.998542921466433,1,0.998553974956005,0.996562572181255,0.994239650069072,0.991472374968286,0.988283602160381,0.984872884050834,0.981133779834877,0.977014746811838,0.973461903880908,0.969864207189168,0.966002983865877,0.961692049030327,0.957368358907252,0.952228713827803,0.943635230130741,0.932186755328211,0.919414358246101,0.900232196228133,0.847542390314387,0.701581640938036,0.265092073512489
0.807712929476844,0.931103370231697,0.95550405828445,0.968234670376398,0.974320773262173,0.980211699750463,0.985316595552028,0.989576717079331,0.993083556259503,0.996276296421552,0.998553974956005,1,0.9987099699766,0.99680536837223,0.99435150326041,0.991594967400333,0.988560028872432,0.985138041770444,0.981350192006849,0.978001046648502,0.974648243454658,0.971051309878306,0.967077019664834,0.962902201330096,0.958189312092131,0.95002458759596,0.939197842967897,0.927318240675892,0.908482563232523,0.857188044725081,0.713539028982612,0.274918780550949
0.800651951301375,0.925875110572405,0.951012349100714,0.963925039554879,0.970149898173157,0.97646056583198,0.981887930539194,0.986435605252484,0.990178351544512,0.993897771368557,0.996562572181255,0.9987099699766,1,0.998811017620698,0.996935389870075,0.994600985593636,0.991974090515131,0.988993017868088,0.98545687322479,0.982260284368258,0.979040815222638,0.975691320181271,0.971949056030139,0.967843482624939,0.963391008341551,0.955849880823276,0.945576403407372,0.934145522290329,0.915844826626821,0.866092883049408,0.723115528082469,0.280281391627578
0.7921893062976,0.919780515441113,0.945884931763329,0.959053821377758,0.965703494649386,0.972352863688337,0.978134481244626,0.983085973462458,0.987203643961201,0.991297804063373,0.994239650069072,0.99680536837223,0.998811017620698,1,0.998753451210097,0.996763487775033,0.99437605635233,0.991805474177834,0.988599063930425,0.98569576959232,0.982687211525292,0.979449314819496,0.975977640122424,0.971999365817597,0.967911355960184,0.960637836875377,0.950860597659858,0.939922393008246,0.922228920312348,0.873256024050406,0.730618368241359,0.28976345967182
0.784025504523825,0.912909201009443,0.940290769379027,0.953945993364168,0.960854807126084,0.967929863330247,0.974074538518763,0.979180592286758,0.983576258307528,0.98821378477824,0.991472374968286,0.99435150326041,0.996935389870075,0.998753451210097,1,0.998845287002561,0.997026076260037,0.994913810659137,0.992182124490506,0.989583764494141,0.986814876027624,0.983729754141425,0.980490356281587,0.976870564752095,0.972992792012524,0.966247991599342,0.95687445366946,0.946481693738464,0.929245911562854,0.881239128176668,0.739910526153499,0.293054943152248
0.77611533053073,0.906587978498273,0.935032490582927,0.949069877072443,0.955983768258963,0.963213102846299,0.969734173135539,0.975103700186643,0.979818748400984,0.984861415350679,0.988283602160381,0.991594967400333,0.994600985593636,0.996763487775033,0.998845287002561,1,0.998819367986326,0.996976867960147,0.994651111380735,0.992270008036465,0.989744863191492,0.986783312158783,0.98378175249662,0.980327911623473,0.976505490447869,0.96995067274231,0.960987574716931,0.950846338473506,0.934293664438281,0.887306637202069,0.74638589929507,0.296932716680302
0.769783624351681,0.900002555989515,0.929426524092017,0.943755402030128,0.95106594550587,0.958623644905663,0.96538961698912,0.970909641333138,0.975910047033111,0.981200023214738,0.984872884050834,0.988560028872432,0.991974090515131,0.99437605635233,0.997026076260037,0.998819367986326,1,0.998819591650596,0.996935121058866,0.994816590171415,0.992415082906888,0.989744474025383,0.986927067876374,0.98368326322991,0.979990422511757,0.973648048177876,0.96504313481812,0.95537311018936,0.93930224113918,0.893507233032516,0.753767638480557,0.303300344919941
0.761053420480216,0.892591074725627,0.922462572390005,0.937684496640086,0.945175969138246,0.952958105678367,0.960202537386485,0.965967964013998,0.971424793571587,0.977080598257169,0.981133779834877,0.985138041770444,0.988993017868088,0.991805474177834,0.994913810659137,0.996976867960147,0.998819591650596,1,0.998754140885275,0.997093686097705,0.995021665821941,0.992574743526453,0.99008644004267,0.987134148216191,0.983565395516887,0.977742134567301,0.96986091165758,0.96039840380684,0.944923800655484,0.900019646168957,0.761915887460808,0.310909789574288
0.751153038277938,0.884082925050903,0.914575832093381,0.930897263151217,0.93874952857274,0.946969723145484,0.954648227628115,0.960620907565505,0.966507045543893,0.972688053866356,0.977014746811838,0.981350192006849,0.98545687322479,0.988599063930425,0.992182124490506,0.994651111380735,0.996935121058866,0.998754140885275,1,0.998944063984327,0.997345151697563,0.995161533092367,0.993024958240583,0.990320940656,0.987026183454261,0.981872880424821,0.974664388410738,0.966047928510484,0.951514422488276,0.90857305689279,0.773778914256462,0.317650663076742
0.742492297693997,0.876882164887139,0.908054314648976,0.925414691957188,0.933694071689584,0.942094325650142,0.94990019857332,0.95607719581433,0.962274294949693,0.968950449291471,0.973461903880908,0.978001046648502,0.982260284368258,0.98569576959232,0.989583764494141,0.992270008036465,0.994816590171415,0.997093686097705,0.998944063984327,1,0.998890314558812,0.997046490654538,0.995119614906046,0.992688532688723,0.989473789853716,0.984777421135774,0.978064427724442,0.969922837443542,0.956240676742421,0.914585854036313,0.781570479236657,0.322622278801844
0.733722803189884,0.869986272295146,0.901401427268318,0.919277887249114,0.927904513132597,0.93679476079768,0.944955171419703,0.951440845152082,0.957971740177192,0.965032139794577,0.969864207189168,0.974648243454658,0.979040815222638,0.982687211525292,0.986814876027624,0.989744863191492,0.992415082906888,0.995021665821941,0.997345151697563,0.998890314558812,1,0.998686547666526,0.996874839826255,0.994679153127697,0.991787702404677,0.987583564326403,0.98135026843145,0.973563195913461,0.960594609146898,0.920594916476907,0.790522431091326,0.327339785399028
0.726477377438791,0.862922566376166,0.895221276960703,0.913642154188152,0.922716714298838,0.931775820407381,0.939960705302698,0.946779150309298,0.953548785120112,0.960919422193518,0.966002983865877,0.971051309878306,0.975691320181271,0.979449314819496,0.983729754141425,0.986783312158783,0.989744474025383,0.992574743526453,0.995161533092367,0.997046490654538,0.998686547666526,1,0.998630343631943,0.996790669144743,0.994333457156745,0.990314102427015,0.984549473936588,0.977406178552839,0.964961424025431,0.925926444267069,0.797784329313252,0.334896785619936
0.717428217027382,0.855217995223363,0.888331636166315,0.90752742839138,0.916916432778334,0.926347237115959,0.934668251045638,0.941628445586767,0.94856937294832,0.956295613387192,0.961692049030327,0.967077019664834,0.971949056030139,0.975977640122424,0.980490356281587,0.98378175249662,0.986927067876374,0.99008644004267,0.993024958240583,0.995119614906046,0.996874839826255,0.998630343631943,1,0.99861505513858,0.996497133215671,0.992960406964733,0.987957397776075,0.981600096826538,0.969720007008914,0.932077293609062,0.806928890252962,0.346015333677592
0.709615097014471,0.84759605256085,0.881053082223669,0.900818991775828,0.910526489816629,0.920450024855896,0.928904755436536,0.936270726315166,0.943656663198259,0.951674392602288,0.957368358907252,0.962902201330096,0.967843482624939,0.971999365817597,0.976870564752095,0.980327911623473,0.98368326322991,0.987134148216191,0.990320940656,0.992688532688723,0.994679153127697,0.996790669144743,0.99861505513858,1,0.998418812373938,0.995449072032849,0.990838079488975,0.984760192039096,0.973230332255916,0.936041441925487,0.813424715397173,0.353249710416326
0.700058028487479,0.838290184688128,0.872525335723993,0.892878644808256,0.903142922228682,0.913568644825515,0.922519937888573,0.930333066315838,0.937983941710373,0.94619026147149,0.952228713827803,0.958189312092131,0.963391008341551,0.967911355960184,0.972992792012524,0.976505490447869,0.979990422511757,0.983565395516887,0.987026183454261,0.989473789853716,0.991787702404677,0.994333457156745,0.996497133215671,0.998418812373938,1,0.997822887527431,0.993985574673875,0.988627181148275,0.978143499721205,0.94228553252634,0.820836937196031,0.359544743194405
0.686086610705334,0.824767470253039,0.859739910759151,0.880404954957801,0.890915050453231,0.902090839916592,0.911635933491401,0.919754470359351,0.927941801732033,0.936925670709074,0.943635230130741,0.95002458759596,0.955849880823276,0.960637836875377,0.966247991599342,0.96995067274231,0.973648048177876,0.977742134567301,0.981872880424821,0.984777421135774,0.987583564326403,0.990314102427015,0.992960406964733,0.995449072032849,0.997822887527431,1,0.997184702879503,0.992737071756411,0.983901954815855,0.951425792881645,0.833611406883363,0.36922531400719
0.665641900536219,0.806550533918047,0.842242599680994,0.864352536377189,0.875738219823455,0.887633976355378,0.897572892734556,0.906269690160859,0.915153118561741,0.924982672694967,0.932186755328211,0.939197842967897,0.945576403407372,0.950860597659858,0.95687445366946,0.960987574716931,0.96504313481812,0.96986091165758,0.974664388410738,0.978064427724442,0.98135026843145,0.984549473936588,0.987957397776075,0.990838079488975,0.993985574673875,0.997184702879503,1,0.996772802099238,0.989568195094925,0.961032708805191,0.848329479951815,0.381206732485675
0.646514120992841,0.787171813208283,0.823777016394458,0.847171016765911,0.85939208274007,0.871872947877766,0.882474714021898,0.891771025853414,0.900912884595708,0.911508613414778,0.919414358246101,0.927318240675892,0.934145522290329,0.939922393008246,0.946481693738464,0.950846338473506,0.95537311018936,0.96039840380684,0.966047928510484,0.969922837443542,0.973563195913461,0.977406178552839,0.981600096826538,0.984760192039096,0.988627181148275,0.992737071756411,0.996772802099238,1,0.994647490706988,0.969810391362932,0.863788964257948,0.392675445907241
0.621959792897335,0.762096990052212,0.799245758794478,0.82303626090443,0.836536177718217,0.849909021320405,0.861257036271329,0.871013316825009,0.880483233639369,0.891681196760119,0.900232196228133,0.908482563232523,0.915844826626821,0.922228920312348,0.929245911562854,0.934293664438281,0.93930224113918,0.944923800655484,0.951514422488276,0.956240676742421,0.960594609146898,0.964961424025431,0.969720007008914,0.973230332255916,0.978143499721205,0.983901954815855,0.989568195094925,0.994647490706988,1,0.981751304832406,0.884030556338484,0.411466945399855
0.560469669908706,0.698205545920697,0.737173076697996,0.763123397458818,0.777465437925355,0.792450605841598,0.804110914865787,0.814749581411532,0.824973991670772,0.837983806021299,0.847542390314387,0.857188044725081,0.866092883049408,0.873256024050406,0.881239128176668,0.887306637202069,0.893507233032516,0.900019646168957,0.90857305689279,0.914585854036313,0.920594916476907,0.925926444267069,0.932077293609062,0.936041441925487,0.94228553252634,0.951425792881645,0.961032708805191,0.969810391362932,0.981751304832406,1,0.93196867540952,0.459620215898285
0.432174735806753,0.547592862370703,0.582511499042795,0.610299727871246,0.623887086130001,0.640418599553598,0.652324994231983,0.664111115581154,0.675840514710275,0.690546240831705,0.701581640938036,0.713539028982612,0.723115528082469,0.730618368241359,0.739910526153499,0.74638589929507,0.753767638480557,0.761915887460808,0.773778914256462,0.781570479236657,0.790522431091326,0.797784329313252,0.806928890252962,0.813424715397173,0.820836937196031,0.833611406883363,0.848329479951815,0.863788964257948,0.884030556338484,0.93196867540952,1,0.568386344107022
0.086925541745757,0.178703551607413,0.194253532703903,0.214535807523774,0.221119585332958,0.230469960787739,0.23362964489996,0.239874732423816,0.249715144624942,0.256323879268787,0.265092073512489,0.274918780550949,0.280281391627578,0.28976345967182,0.293054943152248,0.296932716680302,0.303300344919941,0.310909789574288,0.317650663076742,0.322622278801844,0.327339785399028,0.334896785619936,0.346015333677592,0.353249710416326,0.359544743194405,0.36922531400719,0.381206732485675,0.392675445907241,0.411466945399855,0.459620215898285,0.568386344107022,1
