1,0.933375266841591,0.911934370819689,0.901149849579543,0.890036840779384,0.88121555482086,0.871700620977085,0.864569687215344,0.857568615688897,0.848458553146459,0.839912866173457,0.833435265580608,0.827028003325955,0.817072021417968,0.809449359381145,0.8023567470809,0.79434304494936,0.787367059656504,0.778850381101912,0.769557330450816,0.760671987717783,0.749738724168069,0.740525978225754,0.732312499720328,0.722499472910031,0.711087504144406,0.696885040155839,0.675836654145844,0.646955114865941,0.573414067144449,0.365486376140745,0.13736394386605
0.933375266841591,1,0.983227023232408,0.971745614500307,0.964250635645016,0.957734647733594,0.951035205543917,0.945898814303256,0.939521403301322,0.932688044273281,0.925706444279412,0.919950188735716,0.914244426724549,0.906036628051213,0.899015449924528,0.891324942281679,0.884051198751698,0.878502336686034,0.870284263011035,0.86104877222814,0.8524676295211,0.842394171012481,0.834279992212801,0.825575744271001,0.816065036128184,0.804910086933873,0.789974898785928,0.769808942992921,0.741956000363472,0.667516845819799,0.457041486069977,0.190211239355205
0.911934370819689,0.983227023232408,1,0.991004794261808,0.983238986567848,0.976906734902682,0.970937799204161,0.966098864092841,0.960331318255899,0.954095588472939,0.947651283584937,0.942009236293145,0.936152866022812,0.928227133108398,0.922088287883292,0.915608530316425,0.910203041131327,0.905063350123517,0.897809016359292,0.889768748393169,0.881680853656859,0.872187479941151,0.864993577283897,0.856306540989533,0.847490915359248,0.836074854032629,0.822053901505098,0.800652364097322,0.772754074155187,0.698226725999539,0.484527759876584,0.199355222718276
0.901149849579543,0.971745614500307,0.991004794261808,1,0.99372494942044,0.988084183954049,0.982502906381406,0.97764006170632,0.971650341071243,0.965635187450308,0.959757716857121,0.95405752760553,0.948251330109852,0.940689763855732,0.935015518676587,0.928730187515969,0.923669166714275,0.918942556351401,0.911738836766908,0.904244041947824,0.896722662526389,0.887619435255739,0.880769881762332,0.872268841785114,0.864505318551269,0.853804367427376,0.840206562652254,0.819658219020588,0.79106128198667,0.71695633112852,0.501204676856363,0.204574688826296
0.890036840779384,0.964250635645016,0.983238986567848,0.99372494942044,1,0.995551953303463,0.990564802423605,0.986182859092111,0.981011220904102,0.975353460746249,0.969587940471132,0.964490859402134,0.959245354592229,0.952652400669288,0.947464744256022,0.941973657939574,0.936810976628939,0.932317408329827,0.925353886992819,0.91766925551027,0.91099860374084,0.902342381156449,0.895706920781098,0.887177906551421,0.879132558048412,0.868598383801282,0.855424963656383,0.835080594125467,0.807046689503398,0.732129874357561,0.518689876970511,0.211507490484045
0.88121555482086,0.957734647733594,0.976906734902682,0.988084183954049,0.995551953303463,1,0.996236768717999,0.992269757424105,0.987471924923167,0.982457298088182,0.97719264854405,0.972330947480777,0.967195472914049,0.961297808664759,0.95657285035135,0.951388620850756,0.946203495933242,0.941864928032904,0.934808585188563,0.927887355037438,0.921702785066456,0.913494940342515,0.906586077811976,0.898533175941287,0.890695317589106,0.880623355638762,0.867609361578689,0.847879002097091,0.820363489784144,0.74604905743217,0.530756473650088,0.218148431829318
0.871700620977085,0.951035205543917,0.970937799204161,0.982502906381406,0.990564802423605,0.996236768717999,1,0.997276451792566,0.992980959951601,0.988390073182125,0.983539776900825,0.978910788735712,0.97412476622678,0.968714369703345,0.963937803138952,0.958856975206444,0.953360277425158,0.948951438878691,0.942012059468089,0.935202108372507,0.929162363288331,0.92124307407556,0.91461692784603,0.907076968130013,0.899481566507625,0.889655238537285,0.877469156167232,0.859090421614978,0.831704371574975,0.757443755094141,0.540315734729675,0.226546823041637
0.864569687215344,0.945898814303256,0.966098864092841,0.97764006170632,0.986182859092111,0.992269757424105,0.997276451792566,1,0.996989390933743,0.992841572268308,0.988549288989446,0.984225556667236,0.979801961895677,0.975139307462571,0.970224417983782,0.965235215396009,0.959714636309309,0.955539346196343,0.949109276105594,0.943077965301952,0.937480133021435,0.930036272072672,0.923526754299338,0.916241144839404,0.908805734400414,0.898866728432214,0.88719030119783,0.869546737390012,0.843010399463798,0.768858409651802,0.550179990676101,0.231623786874865
0.857568615688897,0.939521403301322,0.960331318255899,0.971650341071243,0.981011220904102,0.987471924923167,0.992980959951601,0.996989390933743,1,0.997180444920137,0.993547763992189,0.989693620091174,0.98592716657997,0.981796959137262,0.977303104601168,0.972679729113295,0.96754433505703,0.963585265601791,0.957645646363246,0.952113998882509,0.94677816599031,0.939700347318247,0.933709330848025,0.926840106255676,0.919546411235245,0.909591630081021,0.898098741675746,0.881348223385132,0.855673350636246,0.782749903431121,0.560889166238293,0.237422829305633
0.848458553146459,0.932688044273281,0.954095588472939,0.965635187450308,0.975353460746249,0.982457298088182,0.988390073182125,0.992841572268308,0.997180444920137,1,0.997684226138927,0.994619588638248,0.991527805734476,0.987919384936659,0.984228249181832,0.980097121490635,0.975364871312863,0.971795301609266,0.966318960826791,0.961218766912661,0.956018524124138,0.949464105815758,0.943966772393772,0.937040861304979,0.930181306796602,0.920832417708346,0.909964495136386,0.894184359711556,0.869188965670016,0.799413690455574,0.576991761668166,0.248175528429234
0.839912866173457,0.925706444279412,0.947651283584937,0.959757716857121,0.969587940471132,0.97719264854405,0.983539776900825,0.988549288989446,0.993547763992189,0.997684226138927,1,0.997933166427626,0.995134565679895,0.991750853538443,0.988201150845782,0.984240577246477,0.979585932229594,0.976235241931043,0.971278923600079,0.966699568331688,0.96164907862328,0.955495438515349,0.950399888696827,0.94367671102168,0.936960186597834,0.927854016238489,0.9175901524566,0.902313505166565,0.8776908843127,0.809347155511068,0.586450033782729,0.254059963415139
0.833435265580608,0.919950188735716,0.942009236293145,0.95405752760553,0.964490859402134,0.972330947480777,0.978910788735712,0.984225556667236,0.989693620091174,0.994619588638248,0.997933166427626,1,0.99803419089747,0.995228055148634,0.991876480637956,0.988209964342744,0.984111052519015,0.981008790285235,0.976141101200471,0.9719381214678,0.967098172816069,0.961287124292461,0.956262066168365,0.949759339950644,0.943211324872652,0.93476976397517,0.924742638252481,0.910052947856035,0.886517102238788,0.819228243337408,0.596151216516864,0.259514681400806
0.827028003325955,0.914244426724549,0.936152866022812,0.948251330109852,0.959245354592229,0.967195472914049,0.97412476622678,0.979801961895677,0.98592716657997,0.991527805734476,0.995134565679895,0.99803419089747,1,0.998054428018137,0.995333362730457,0.992153296745946,0.988140772338661,0.985306670712881,0.980610052022482,0.97715988453149,0.972496283268506,0.966921192054858,0.962027996653949,0.955598385614906,0.948978467958446,0.940480142157265,0.930478229604048,0.91660178100697,0.89404532558493,0.827596439991197,0.60537954625243,0.266272808687845
0.817072021417968,0.906036628051213,0.928227133108398,0.940689763855732,0.952652400669288,0.961297808664759,0.968714369703345,0.975139307462571,0.981796959137262,0.987919384936659,0.991750853538443,0.995228055148634,0.998054428018137,1,0.998093405093972,0.995454490967214,0.992089490649931,0.989564010557026,0.985400321386448,0.982318853187972,0.977982905213068,0.972942947116941,0.96841089312474,0.962385594792108,0.956079293239546,0.947698315003414,0.938324492257487,0.925009627718129,0.90324288238494,0.838332824648054,0.615814291538047,0.272997370230269
0.809449359381145,0.899015449924528,0.922088287883292,0.935015518676587,0.947464744256022,0.95657285035135,0.963937803138952,0.970224417983782,0.977303104601168,0.984228249181832,0.988201150845782,0.991876480637956,0.995333362730457,0.998093405093972,1,0.998000189381364,0.995367966556598,0.99286152760045,0.989071898860971,0.986152546236454,0.982152397499644,0.977141131876414,0.972968804459113,0.966992117329456,0.961015409801177,0.953187338861943,0.94429009096937,0.931369299182854,0.910008256726482,0.846337498495726,0.625496676821169,0.278280933877145
0.8023567470809,0.891324942281679,0.915608530316425,0.928730187515969,0.941973657939574,0.951388620850756,0.958856975206444,0.965235215396009,0.972679729113295,0.980097121490635,0.984240577246477,0.988209964342744,0.992153296745946,0.995454490967214,0.998000189381364,1,0.997906634898566,0.99574572423205,0.992669133465924,0.989922768377576,0.986290647884273,0.981744193765432,0.977691937971481,0.971945734486863,0.966212322111913,0.958518657079539,0.949639390604964,0.937027163187783,0.916611954914187,0.854075895200902,0.634415785250765,0.281379714987947
0.79434304494936,0.884051198751698,0.910203041131327,0.923669166714275,0.936810976628939,0.946203495933242,0.953360277425158,0.959714636309309,0.96754433505703,0.975364871312863,0.979585932229594,0.984111052519015,0.988140772338661,0.992089490649931,0.995367966556598,0.997906634898566,1,0.998277555281384,0.995702720590683,0.993188997598436,0.989858651363664,0.985770139723732,0.981895832450935,0.976426050676251,0.971275340386433,0.964531413827856,0.955963547676043,0.943639008204992,0.923820653729498,0.86166322809818,0.642667259274921,0.282887784997821
0.787367059656504,0.878502336686034,0.905063350123517,0.918942556351401,0.932317408329827,0.941864928032904,0.948951438878691,0.955539346196343,0.963585265601791,0.971795301609266,0.976235241931043,0.981008790285235,0.985306670712881,0.989564010557026,0.99286152760045,0.99574572423205,0.998277555281384,1,0.998164505403193,0.996004440497419,0.993231391256524,0.989402172383236,0.985822783599878,0.980725716876774,0.975613939582811,0.969222983085329,0.960833551664088,0.949269619060081,0.930561183913517,0.869990119707361,0.650972208334357,0.290100825133522
0.778850381101912,0.870284263011035,0.897809016359292,0.911738836766908,0.925353886992819,0.934808585188563,0.942012059468089,0.949109276105594,0.957645646363246,0.966318960826791,0.971278923600079,0.976141101200471,0.980610052022482,0.985400321386448,0.989071898860971,0.992669133465924,0.995702720590683,0.998164505403193,1,0.998160199044263,0.995862173606571,0.99277359261632,0.989582665745914,0.984780519872614,0.980248808629085,0.974356663901796,0.966554436521226,0.955905280946676,0.937706896595156,0.878657902566085,0.662333882868507,0.300104550333198
0.769557330450816,0.86104877222814,0.889768748393169,0.904244041947824,0.91766925551027,0.927887355037438,0.935202108372507,0.943077965301952,0.952113998882509,0.961218766912661,0.966699568331688,0.9719381214678,0.97715988453149,0.982318853187972,0.986152546236454,0.989922768377576,0.993188997598436,0.996004440497419,0.998160199044263,1,0.998245610478691,0.995581365878098,0.992641178024128,0.988004374453628,0.983758747374104,0.978019452105348,0.97065242361096,0.960330433465412,0.942554004820547,0.884424244265456,0.668481897459636,0.305297282842447
0.760671987717783,0.8524676295211,0.881680853656859,0.896722662526389,0.91099860374084,0.921702785066456,0.929162363288331,0.937480133021435,0.94677816599031,0.956018524124138,0.96164907862328,0.967098172816069,0.972496283268506,0.977982905213068,0.982152397499644,0.986290647884273,0.989858651363664,0.993231391256524,0.995862173606571,0.998245610478691,1,0.998055491853723,0.995348908385237,0.991357460086543,0.987457068196814,0.982154357824349,0.975084902936143,0.965194390299515,0.947900570233483,0.89223919553535,0.678135058301317,0.309876988452736
0.749738724168069,0.842394171012481,0.872187479941151,0.887619435255739,0.902342381156449,0.913494940342515,0.92124307407556,0.930036272072672,0.939700347318247,0.949464105815758,0.955495438515349,0.961287124292461,0.966921192054858,0.972942947116941,0.977141131876414,0.981744193765432,0.985770139723732,0.989402172383236,0.99277359261632,0.995581365878098,0.998055491853723,1,0.997971226382208,0.994867729029181,0.991274509756103,0.986399680973162,0.979882172319368,0.970701964579642,0.954163369319312,0.900680022505179,0.688093067287786,0.321573659410923
0.740525978225754,0.834279992212801,0.864993577283897,0.880769881762332,0.895706920781098,0.906586077811976,0.91461692784603,0.923526754299338,0.933709330848025,0.943966772393772,0.950399888696827,0.956262066168365,0.962027996653949,0.96841089312474,0.972968804459113,0.977691937971481,0.981895832450935,0.985822783599878,0.989582665745914,0.992641178024128,0.995348908385237,0.997971226382208,1,0.997546650128539,0.994574705992713,0.990182927269146,0.98453684569862,0.976123022841866,0.960640441448577,0.911049169446613,0.701499517717122,0.334371436740856
0.732312499720328,0.825575744271001,0.856306540989533,0.872268841785114,0.887177906551421,0.898533175941287,0.907076968130013,0.916241144839404,0.926840106255676,0.937040861304979,0.94367671102168,0.949759339950644,0.955598385614906,0.962385594792108,0.966992117329456,0.971945734486863,0.976426050676251,0.980725716876774,0.984780519872614,0.988004374453628,0.991357460086543,0.994867729029181,0.997546650128539,1,0.997678362497499,0.993742645469735,0.988904890908851,0.980951085962248,0.966153663543453,0.918403426406945,0.707744537710488,0.341244436173306
0.722499472910031,0.816065036128184,0.847490915359248,0.864505318551269,0.879132558048412,0.890695317589106,0.899481566507625,0.908805734400414,0.919546411235245,0.930181306796602,0.936960186597834,0.943211324872652,0.948978467958446,0.956079293239546,0.961015409801177,0.966212322111913,0.971275340386433,0.975613939582811,0.980248808629085,0.983758747374104,0.987457068196814,0.991274509756103,0.994574705992713,0.997678362497499,1,0.997110162250366,0.992547567361253,0.985284033441618,0.971277697600863,0.925685932481942,0.71807992551848,0.344577625854447
0.711087504144406,0.804910086933873,0.836074854032629,0.853804367427376,0.868598383801282,0.880623355638762,0.889655238537285,0.898866728432214,0.909591630081021,0.920832417708346,0.927854016238489,0.93476976397517,0.940480142157265,0.947698315003414,0.953187338861943,0.958518657079539,0.964531413827856,0.969222983085329,0.974356663901796,0.978019452105348,0.982154357824349,0.986399680973162,0.990182927269146,0.993742645469735,0.997110162250366,1,0.996449735033585,0.990079716270234,0.976951319438583,0.933606436005008,0.726796112166084,0.352707961377141
0.696885040155839,0.789974898785928,0.822053901505098,0.840206562652254,0.855424963656383,0.867609361578689,0.877469156167232,0.88719030119783,0.898098741675746,0.909964495136386,0.9175901524566,0.924742638252481,0.930478229604048,0.938324492257487,0.94429009096937,0.949639390604964,0.955963547676043,0.960833551664088,0.966554436521226,0.97065242361096,0.975084902936143,0.979882172319368,0.98453684569862,0.988904890908851,0.992547567361253,0.996449735033585,1,0.994800059141865,0.982255061437384,0.940303435987932,0.73658893581491,0.360370396923927
0.675836654145844,0.769808942992921,0.800652364097322,0.819658219020588,0.835080594125467,0.847879002097091,0.859090421614978,0.869546737390012,0.881348223385132,0.894184359711556,0.902313505166565,0.910052947856035,0.91660178100697,0.925009627718129,0.931369299182854,0.937027163187783,0.943639008204992,0.949269619060081,0.955905280946676,0.960330433465412,0.965194390299515,0.970701964579642,0.976123022841866,0.980951085962248,0.985284033441618,0.990079716270234,0.994800059141865,1,0.991217776041319,0.953415579816269,0.758467878871236,0.380749371886673
0.646955114865941,0.741956000363472,0.772754074155187,0.79106128198667,0.807046689503398,0.820363489784144,0.831704371574975,0.843010399463798,0.855673350636246,0.869188965670016,0.8776908843127,0.886517102238788,0.89404532558493,0.90324288238494,0.910008256726482,0.916611954914187,0.923820653729498,0.930561183913517,0.937706896595156,0.942554004820547,0.947900570233483,0.954163369319312,0.960640441448577,0.966153663543453,0.971277697600863,0.976951319438583,0.982255061437384,0.991217776041319,1,0.971268246220576,0.790425472047753,0.41387427488333
0.573414067144449,0.667516845819799,0.698226725999539,0.71695633112852,0.732129874357561,0.74604905743217,0.757443755094141,0.768858409651802,0.782749903431121,0.799413690455574,0.809347155511068,0.819228243337408,0.827596439991197,0.838332824648054,0.846337498495726,0.854075895200902,0.86166322809818,0.869990119707361,0.878657902566085,0.884424244265456,0.89223919553535,0.900680022505179,0.911049169446613,0.918403426406945,0.925685932481942,0.933606436005008,0.940303435987932,0.953415579816269,0.971268246220576,1,0.866244349150647,0.515035569857254
0.365486376140745,0.457041486069977,0.484527759876584,0.501204676856363,0.518689876970511,0.530756473650088,0.540315734729675,0.550179990676101,0.560889166238293,0.576991761668166,0.586450033782729,0.596151216516864,0.60537954625243,0.615814291538047,0.625496676821169,0.634415785250765,0.642667259274921,0.650972208334357,0.662333882868507,0.668481897459636,0.678135058301317,0.688093067287786,0.701499517717122,0.707744537710488,0.71807992551848,0.726796112166084,0.73658893581491,0.758467878871236,0.790425472047753,0.866244349150647,1,0.647034912191416
0.13736394386605,0.190211239355205,0.199355222718276,0.204574688826296,0.211507490484045,0.218148431829318,0.226546823041637,0.231623786874865,0.237422829305633,0.248175528429234,0.254059963415139,0.259514681400806,0.266272808687845,0.272997370230269,0.278280933877145,0.281379714987947,0.282887784997821,0.290100825133522,0.300104550333198,0.305297282842447,0.309876988452736,0.321573659410923,0.334371436740856,0.341244436173306,0.344577625854447,0.352707961377141,0.360370396923927,0.380749371886673,0.41387427488333,0.515035569857254,0.647034912191416,1
