1,0.754861590568411,0.655029238711192,0.60950609078779,0.577201256130006,0.560534705661256,0.543255453180484,0.536907841817063,0.534447439617467,0.526582334930546,0.519815083802995,0.514435050433223,0.501499159678184,0.499838807373618,0.499585837714103,0.494786358640264,0.49047534110169,0.482914506041471,0.47233191637379,0.466267531095146,0.461267157696666,0.459197543069346,0.453456262952088,0.449812832766451,0.448401257867101,0.427138990776462,0.399319960844567,0.351292999621761,0.27226866761253,0.162748140597859,0.0755341677277845,0.030867200921324
0.754861590568411,1,0.933622486506742,0.886646405389499,0.860431766156211,0.839375387344756,0.821673074987358,0.815694470039935,0.810001166302075,0.802533872194121,0.79404394001524,0.785924651626603,0.778074301673767,0.776516133574477,0.774210061556926,0.767627664719493,0.760312326794164,0.753387377869727,0.736620061932333,0.729014457101248,0.721229868148815,0.717101004571188,0.706604228653232,0.699530684802949,0.686484558327822,0.662961803509828,0.624568068591879,0.554100296862776,0.432914710980059,0.259395590386494,0.141465219589017,0.0925868426661986
0.655029238711192,0.933622486506742,1,0.967058562309953,0.942775406045952,0.923882873323532,0.907815715485519,0.89888844942611,0.890895189903531,0.882009629841417,0.872464242101485,0.864580664963559,0.857180622311178,0.855131226383469,0.851367093337866,0.84591678867201,0.838318382116351,0.832326440279994,0.819753862708544,0.81398483343645,0.806763997474021,0.800303306278494,0.786798449516369,0.779477928463788,0.768541656406792,0.746025392931055,0.70617910976288,0.626220273916847,0.493744399116883,0.298140347470538,0.166908529065397,0.0987075781211482
0.60950609078779,0.886646405389499,0.967058562309953,1,0.982250579264473,0.962878322819355,0.947335981219785,0.935704458945355,0.927196444582052,0.918515836888274,0.908552341793959,0.899786419643351,0.892569831853876,0.888570670974806,0.883736542949339,0.877929283905387,0.871209571532234,0.866335393248768,0.855208181228254,0.849201245713594,0.841635450055137,0.835725477998262,0.823664308721948,0.815510484029321,0.805689548719236,0.781402304727274,0.743606864660494,0.659371460671263,0.520085837175696,0.317822610234413,0.175692459797196,0.103744743104502
0.577201256130006,0.860431766156211,0.942775406045952,0.982250579264473,1,0.985382313909416,0.970219678495847,0.958171692304657,0.948700093785322,0.93911205160845,0.928697331360381,0.919894723118202,0.912566629706299,0.90829174169912,0.903664918009048,0.898424427088359,0.891723614759208,0.886505413587366,0.875704642099495,0.869430512110537,0.862469369473261,0.856632184721606,0.845029966955252,0.835544215169482,0.825119131781546,0.799219068534966,0.758901407273904,0.674842380903356,0.533295121164177,0.321758722502996,0.177184660156625,0.11476655106362
0.560534705661256,0.839375387344756,0.923882873323532,0.962878322819355,0.985382313909416,1,0.990368743136764,0.979605854243437,0.970581158309895,0.960968596107596,0.950524133813458,0.940942568099079,0.93284593568413,0.928012012081494,0.92286673178476,0.916480970150002,0.909188540298917,0.903802426405081,0.893467836893391,0.887447450309,0.881270396695983,0.876208831764007,0.866642850710313,0.856969114726434,0.844807801971633,0.818403010531368,0.777112370397084,0.691466209258904,0.546168024240307,0.326093204911172,0.1839513030619,0.119975607512597
0.543255453180484,0.821673074987358,0.907815715485519,0.947335981219785,0.970219678495847,0.990368743136764,1,0.992213150675327,0.981883066177518,0.971992544839664,0.962216042650153,0.952302347164786,0.943709462505768,0.938875492044247,0.933223812112278,0.926099365657221,0.918166494334608,0.911907548418879,0.90096202070823,0.894614457266447,0.888244297802138,0.883558042992776,0.874280604008525,0.865900412012161,0.855271685478033,0.828069476323922,0.787218435195682,0.700188383536818,0.551399652989417,0.330298244782457,0.18561843207316,0.119079985469039
0.536907841817063,0.815694470039935,0.89888844942611,0.935704458945355,0.958171692304657,0.979605854243437,0.992213150675327,1,0.991649559382247,0.981084176833884,0.971114185558984,0.960500364577193,0.95135248848667,0.945654330589142,0.939681163925795,0.932351949127532,0.923864048352337,0.917727647830394,0.906467629590104,0.90050324926564,0.894699861172281,0.890166487346478,0.881485680735813,0.873537839568787,0.862390331211778,0.834011033241802,0.793847451187956,0.708055440136965,0.55633785613877,0.331379235923195,0.186920108294168,0.119440340441242
0.534447439617467,0.810001166302075,0.890895189903531,0.927196444582052,0.948700093785322,0.970581158309895,0.981883066177518,0.991649559382247,1,0.993315698993079,0.984130075113159,0.974417258729235,0.965568162691898,0.959281971406115,0.954028954794812,0.946892733413787,0.937989433758556,0.932205345894827,0.922573876121052,0.917294942103075,0.911141914179729,0.906580700414322,0.899223676463525,0.89106254640774,0.878979782906092,0.850628254718917,0.811888217858647,0.726289067626644,0.572197261781415,0.338939336943775,0.198802805180906,0.132948786875491
0.526582334930546,0.802533872194121,0.882009629841417,0.918515836888274,0.93911205160845,0.960968596107596,0.971992544839664,0.981084176833884,0.993315698993079,1,0.993928106211012,0.985114341745654,0.976145472088294,0.969789619373972,0.964443022470707,0.957268168498508,0.948279025088659,0.942708124586236,0.934248092847118,0.92947978671867,0.924116313160276,0.919433792264279,0.911812901665953,0.904084875007006,0.892319334772227,0.864739085976029,0.826068570973136,0.740330801828853,0.587028389048917,0.348977207356964,0.213336444099857,0.149693801529252
0.519815083802995,0.79404394001524,0.872464242101485,0.908552341793959,0.928697331360381,0.950524133813458,0.962216042650153,0.971114185558984,0.984130075113159,0.993928106211012,1,0.994431033207522,0.985628440390798,0.979082041545195,0.973372577953152,0.965898865399336,0.956854902293563,0.950367752554601,0.941816595464356,0.936623804214052,0.930907303000157,0.925844819395482,0.91686706205249,0.908587822877251,0.896781797197933,0.869275824496533,0.83041998322344,0.74211480906501,0.586972050363088,0.348535264372239,0.212812150706641,0.150666085772452
0.514435050433223,0.785924651626603,0.864580664963559,0.899786419643351,0.919894723118202,0.940942568099079,0.952302347164786,0.960500364577193,0.974417258729235,0.985114341745654,0.994431033207522,1,0.994439506460292,0.988241183372533,0.98145853314954,0.974087072336722,0.965640575524264,0.958956000916069,0.949837240707561,0.943586379252586,0.937753672187043,0.932436968433725,0.923563489574254,0.914595020754468,0.90194403621866,0.87501868124341,0.835346725826594,0.748148487346431,0.592146823134949,0.3526401332089,0.219130087328247,0.159417491617894
0.501499159678184,0.778074301673767,0.857180622311178,0.892569831853876,0.912566629706299,0.93284593568413,0.943709462505768,0.95135248848667,0.965568162691898,0.976145472088294,0.985628440390798,0.994439506460292,1,0.995708147740548,0.98855831472091,0.981365065205644,0.972449894915415,0.965413110015047,0.955836649190159,0.94925175193379,0.942848760184514,0.937329919197891,0.928200733069005,0.918256211823663,0.906036556050568,0.879367073652549,0.839087297638306,0.75319017578833,0.597550829904898,0.358042366135982,0.229943022315246,0.167511454189341
0.499838807373618,0.776516133574477,0.855131226383469,0.888570670974806,0.90829174169912,0.928012012081494,0.938875492044247,0.945654330589142,0.959281971406115,0.969789619373972,0.979082041545195,0.988241183372533,0.995708147740548,1,0.994713257956368,0.987478676923518,0.978884429257938,0.971636699412704,0.962264612355265,0.955926530259662,0.949713010433825,0.944041059583859,0.934279030843466,0.92375367147592,0.911120929924608,0.885606794851865,0.845847250915046,0.760417024462967,0.604220472927367,0.362485875533582,0.231830843446923,0.17091926588314
0.499585837714103,0.774210061556926,0.851367093337866,0.883736542949339,0.903664918009048,0.92286673178476,0.933223812112278,0.939681163925795,0.954028954794812,0.964443022470707,0.973372577953152,0.98145853314954,0.98855831472091,0.994713257956368,1,0.994723973944588,0.986066490644686,0.978662930477877,0.969443698340783,0.963048132225022,0.956698673033006,0.950005229801197,0.939242671537696,0.928623467715968,0.91556969557019,0.891484522082813,0.851779616291408,0.767690845448333,0.613234500787344,0.368892463391176,0.235157220231104,0.171395783522318
0.494786358640264,0.767627664719493,0.84591678867201,0.877929283905387,0.898424427088359,0.916480970150002,0.926099365657221,0.932351949127532,0.946892733413787,0.957268168498508,0.965898865399336,0.974087072336722,0.981365065205644,0.987478676923518,0.994723973944588,1,0.99437731718507,0.987511227453303,0.978379452089979,0.972110610952614,0.96551010661585,0.95819466697296,0.947271024947567,0.936528204689675,0.923653701472754,0.899179767098625,0.859351086507411,0.774944480977239,0.621023063715819,0.374531227283437,0.238556226162415,0.173244216049022
0.49047534110169,0.760312326794164,0.838318382116351,0.871209571532234,0.891723614759208,0.909188540298917,0.918166494334608,0.923864048352337,0.937989433758556,0.948279025088659,0.956854902293563,0.965640575524264,0.972449894915415,0.978884429257938,0.986066490644686,0.99437731718507,1,0.994465783655448,0.985603678678552,0.978315491351723,0.970992166922149,0.962944248918088,0.951368858603588,0.940564774618572,0.927638059206794,0.902354344698463,0.862414883824099,0.778602861832658,0.626222435652276,0.381995186069039,0.24251525924854,0.172278428142938
0.482914506041471,0.753387377869727,0.832326440279994,0.866335393248768,0.886505413587366,0.903802426405081,0.911907548418879,0.917727647830394,0.932205345894827,0.942708124586236,0.950367752554601,0.958956000916069,0.965413110015047,0.971636699412704,0.978662930477877,0.987511227453303,0.994465783655448,1,0.993801193944684,0.986619499334332,0.979113075404316,0.971004400056,0.959312318229506,0.948621983415762,0.935919635029427,0.909982540967821,0.870151731614528,0.787200889518777,0.635618569797391,0.392063893571064,0.254532478564018,0.184808588797311
0.47233191637379,0.736620061932333,0.819753862708544,0.855208181228254,0.875704642099495,0.893467836893391,0.90096202070823,0.906467629590104,0.922573876121052,0.934248092847118,0.941816595464356,0.949837240707561,0.955836649190159,0.962264612355265,0.969443698340783,0.978379452089979,0.985603678678552,0.993801193944684,1,0.994414348015642,0.986621470824967,0.979270224451893,0.96859338242959,0.957896028676483,0.945236736811895,0.918900629396594,0.878695491524264,0.796500727522097,0.645249733285816,0.400581089784889,0.263264918845688,0.198306204055697
0.466267531095146,0.729014457101248,0.81398483343645,0.849201245713594,0.869430512110537,0.887447450309,0.894614457266447,0.90050324926564,0.917294942103075,0.92947978671867,0.936623804214052,0.943586379252586,0.94925175193379,0.955926530259662,0.963048132225022,0.972110610952614,0.978315491351723,0.986619499334332,0.994414348015642,1,0.994276103309455,0.986453510670344,0.976979832119927,0.96653146954299,0.953831911548101,0.92873437102083,0.889077887319577,0.806142380606578,0.655129339183946,0.408112366735594,0.269723342185167,0.197094899171945
0.461267157696666,0.721229868148815,0.806763997474021,0.841635450055137,0.862469369473261,0.881270396695983,0.888244297802138,0.894699861172281,0.911141914179729,0.924116313160276,0.930907303000157,0.937753672187043,0.942848760184514,0.949713010433825,0.956698673033006,0.96551010661585,0.970992166922149,0.979113075404316,0.986621470824967,0.994276103309455,1,0.994070771463246,0.98534410555081,0.975175051638141,0.962833535194005,0.939931346801553,0.901804935260022,0.821829150216218,0.67353785605492,0.42872506959562,0.290439811192905,0.208733764208436
0.459197543069346,0.717101004571188,0.800303306278494,0.835725477998262,0.856632184721606,0.876208831764007,0.883558042992776,0.890166487346478,0.906580700414322,0.919433792264279,0.925844819395482,0.932436968433725,0.937329919197891,0.944041059583859,0.950005229801197,0.95819466697296,0.962944248918088,0.971004400056,0.979270224451893,0.986453510670344,0.994070771463246,1,0.993506641029648,0.982931994074096,0.970058342694388,0.947423705730472,0.910983808582468,0.832463206990964,0.683750790875798,0.441167884494913,0.302447787680606,0.218674510339936
0.453456262952088,0.706604228653232,0.786798449516369,0.823664308721948,0.845029966955252,0.866642850710313,0.874280604008525,0.881485680735813,0.899223676463525,0.911812901665953,0.91686706205249,0.923563489574254,0.928200733069005,0.934279030843466,0.939242671537696,0.947271024947567,0.951368858603588,0.959312318229506,0.96859338242959,0.976979832119927,0.98534410555081,0.993506641029648,1,0.992177274170909,0.978007552639271,0.955788470370198,0.920462985864411,0.84491670779345,0.698207026818833,0.452329378385654,0.319385318553003,0.23537016561713
0.449812832766451,0.699530684802949,0.779477928463788,0.815510484029321,0.835544215169482,0.856969114726434,0.865900412012161,0.873537839568787,0.89106254640774,0.904084875007006,0.908587822877251,0.914595020754468,0.918256211823663,0.92375367147592,0.928623467715968,0.936528204689675,0.940564774618572,0.948621983415762,0.957896028676483,0.96653146954299,0.975175051638141,0.982931994074096,0.992177274170909,1,0.989304941523747,0.970204316079916,0.936785236049831,0.865340994530397,0.723522840810076,0.478415376816262,0.342312718262483,0.253941826257263
0.448401257867101,0.686484558327822,0.768541656406792,0.805689548719236,0.825119131781546,0.844807801971633,0.855271685478033,0.862390331211778,0.878979782906092,0.892319334772227,0.896781797197933,0.90194403621866,0.906036556050568,0.911120929924608,0.91556969557019,0.923653701472754,0.927638059206794,0.935919635029427,0.945236736811895,0.953831911548101,0.962833535194005,0.970058342694388,0.978007552639271,0.989304941523747,1,0.985596933460545,0.955729855859157,0.892121811680719,0.759211674921661,0.518337267869381,0.37525377486801,0.273298342543653
0.427138990776462,0.662961803509828,0.746025392931055,0.781402304727274,0.799219068534966,0.818403010531368,0.828069476323922,0.834011033241802,0.850628254718917,0.864739085976029,0.869275824496533,0.87501868124341,0.879367073652549,0.885606794851865,0.891484522082813,0.899179767098625,0.902354344698463,0.909982540967821,0.918900629396594,0.92873437102083,0.939931346801553,0.947423705730472,0.955788470370198,0.970204316079916,0.985596933460545,1,0.981279434945521,0.93004442775125,0.815443369311185,0.587005993260964,0.433053720184737,0.305746660627712
0.399319960844567,0.624568068591879,0.70617910976288,0.743606864660494,0.758901407273904,0.777112370397084,0.787218435195682,0.793847451187956,0.811888217858647,0.826068570973136,0.83041998322344,0.835346725826594,0.839087297638306,0.845847250915046,0.851779616291408,0.859351086507411,0.862414883824099,0.870151731614528,0.878695491524264,0.889077887319577,0.901804935260022,0.910983808582468,0.920462985864411,0.936785236049831,0.955729855859157,0.981279434945521,1,0.966805163721678,0.873350719215056,0.65159001935535,0.499891374734238,0.344552174270268
0.351292999621761,0.554100296862776,0.626220273916847,0.659371460671263,0.674842380903356,0.691466209258904,0.700188383536818,0.708055440136965,0.726289067626644,0.740330801828853,0.74211480906501,0.748148487346431,0.75319017578833,0.760417024462967,0.767690845448333,0.774944480977239,0.778602861832658,0.787200889518777,0.796500727522097,0.806142380606578,0.821829150216218,0.832463206990964,0.84491670779345,0.865340994530397,0.892121811680719,0.93004442775125,0.966805163721678,1,0.94347631988767,0.743964380986096,0.596148864367827,0.405425230915707
0.27226866761253,0.432914710980059,0.493744399116883,0.520085837175696,0.533295121164177,0.546168024240307,0.551399652989417,0.55633785613877,0.572197261781415,0.587028389048917,0.586972050363088,0.592146823134949,0.597550829904898,0.604220472927367,0.613234500787344,0.621023063715819,0.626222435652276,0.635618569797391,0.645249733285816,0.655129339183946,0.67353785605492,0.683750790875798,0.698207026818833,0.723522840810076,0.759211674921661,0.815443369311185,0.873350719215056,0.94347631988767,1,0.865234943605974,0.723732869184157,0.468638347645853
0.162748140597859,0.259395590386494,0.298140347470538,0.317822610234413,0.321758722502996,0.326093204911172,0.330298244782457,0.331379235923195,0.338939336943775,0.348977207356964,0.348535264372239,0.3526401332089,0.358042366135982,0.362485875533582,0.368892463391176,0.374531227283437,0.381995186069039,0.392063893571064,0.400581089784889,0.408112366735594,0.42872506959562,0.441167884494913,0.452329378385654,0.478415376816262,0.518337267869381,0.587005993260964,0.65159001935535,0.743964380986096,0.865234943605974,1,0.837135715871384,0.512921004440352
0.0755341677277845,0.141465219589017,0.166908529065397,0.175692459797196,0.177184660156625,0.1839513030619,0.18561843207316,0.186920108294168,0.198802805180906,0.213336444099857,0.212812150706641,0.219130087328247,0.229943022315246,0.231830843446923,0.235157220231104,0.238556226162415,0.24251525924854,0.254532478564018,0.263264918845688,0.269723342185167,0.290439811192905,0.302447787680606,0.319385318553003,0.342312718262483,0.37525377486801,0.433053720184737,0.499891374734238,0.596148864367827,0.723732869184157,0.837135715871384,1,0.689031872354541
0.030867200921324,0.0925868426661986,0.0987075781211482,0.103744743104502,0.11476655106362,0.119975607512597,0.119079985469039,0.119440340441242,0.132948786875491,0.149693801529252,0.150666085772452,0.159417491617894,0.167511454189341,0.17091926588314,0.171395783522318,0.173244216049022,0.172278428142938,0.184808588797311,0.198306204055697,0.197094899171945,0.208733764208436,0.218674510339936,0.23537016561713,0.253941826257263,0.273298342543653,0.305746660627712,0.344552174270268,0.405425230915707,0.468638347645853,0.512921004440352,0.689031872354541,1
