1,0.733342699491734,0.686729281362782,0.664813827048531,0.637843066216649,0.624653988501929,0.620359654974114,0.593256360300302,0.587244610816264,0.565378055999292,0.545017075156686,0.523379421772185,0.498305762111938,0.482501641007025,0.464142354613389,0.446581912530116,0.440668325113461,0.441748612050005,0.425890036181261,0.414169615458838,0.408822419521573,0.398086072396252,0.389085058135013,0.381999915024087,0.359564260550785,0.341986859801954,0.325806050356711,0.276185082523732,0.208011218892958,0.123292596180534,0.0475502163109072,-0.0025629057989374
0.733342699491734,1,0.921539373780255,0.86391082158055,0.829994477043522,0.806053609056835,0.784431587233692,0.754983463261507,0.745661946355749,0.731607765928287,0.719127292908265,0.702851180802923,0.683758589533814,0.664642708155246,0.642947114387304,0.627376767583392,0.617566067571946,0.608358021364794,0.592064293178399,0.580507883336214,0.570388324976706,0.555391350991243,0.547404504647692,0.541490914623206,0.514321398011726,0.498904469966405,0.465424013422294,0.389388049200304,0.295408547748879,0.19336550331812,0.114878248498781,0.0897183455447222
0.686729281362782,0.921539373780255,1,0.954583647552684,0.91404009185193,0.882594204006926,0.854655482874533,0.824329751089262,0.811462995998943,0.796170377352958,0.779293647151347,0.761169329091554,0.746540619628965,0.731677471099076,0.71366162094459,0.699424334155663,0.687766450354314,0.6737955054708,0.663284229763349,0.655361213952307,0.645843721660719,0.630007558803714,0.619377568072192,0.61484194344415,0.586898457366324,0.568597962741761,0.530281215707023,0.453560244865004,0.362848464220226,0.246129511112826,0.145873055900598,0.115008475018139
0.664813827048531,0.86391082158055,0.954583647552684,1,0.961279225990313,0.92325470046459,0.895849998375353,0.866154828899393,0.850374451898063,0.835931917306672,0.818485827530482,0.798112924155234,0.783005311891211,0.7639900448662,0.743915367587446,0.729742595921715,0.718900195451602,0.706870833758683,0.697791952809543,0.689625808398083,0.681652590983059,0.669867481445296,0.654241316110542,0.646226369939043,0.617174761967096,0.593071893446496,0.550762741230159,0.474215214628134,0.378133262215274,0.256291465020405,0.154029429783306,0.120304183074162
0.637843066216649,0.829994477043522,0.91404009185193,0.961279225990313,1,0.970098302856249,0.937476916468007,0.902470294551056,0.884378853715124,0.866507716758548,0.848441102234546,0.826394530404193,0.809203151647754,0.7871093123947,0.766431723467393,0.749644763494238,0.73616797872785,0.723742949582087,0.711539273934076,0.701478928062236,0.693516007008136,0.681855133055445,0.666851427598075,0.657094949559189,0.625359218244934,0.599667631384333,0.560610968360279,0.486859756542622,0.388076888893085,0.268698937975084,0.161035958481494,0.135227217241345
0.624653988501929,0.806053609056835,0.882594204006926,0.92325470046459,0.970098302856249,1,0.97244021258018,0.934503309047477,0.91343332133341,0.892115589696088,0.87415200942118,0.852377629823688,0.832045862064166,0.811905985225433,0.789992542076628,0.770655866580854,0.758283800237139,0.746006055391347,0.732429401773992,0.72273050481637,0.714387302475017,0.702123894404618,0.685118094744833,0.675056765336242,0.641423330388918,0.613121411015965,0.574413974580075,0.501965624945528,0.404192902037217,0.278806689258323,0.167929836682666,0.130573481368489
0.620359654974114,0.784431587233692,0.854655482874533,0.895849998375353,0.937476916468007,0.97244021258018,1,0.976562306133517,0.953666990522733,0.929575871804849,0.912354917629515,0.888811536491068,0.868079361383091,0.848511340858031,0.82845319276053,0.80918732648157,0.799100523245235,0.788650837725805,0.773189783074227,0.762546602444348,0.754316482214284,0.743029281034304,0.724722519111021,0.711980590633849,0.678656219203374,0.649669264568386,0.609949995335355,0.532383574639335,0.42537094586741,0.283552251872698,0.183627882758736,0.149516264997949
0.593256360300302,0.754983463261507,0.824329751089262,0.866154828899393,0.902470294551056,0.934503309047477,0.976562306133517,1,0.980914149401591,0.957912535133874,0.938775453411556,0.912629277905445,0.892005688365225,0.869997177597314,0.852140474771511,0.833021783283649,0.823981333818803,0.811879617020176,0.795258777216296,0.782847408385804,0.775896205904816,0.765375059579143,0.745979747050426,0.731462592830432,0.698125640371891,0.668019501082777,0.626587898748965,0.551751295889575,0.440740665960185,0.289407912853994,0.200660094054443,0.177026769556959
0.587244610816264,0.745661946355749,0.811462995998943,0.850374451898063,0.884378853715124,0.91343332133341,0.953666990522733,0.980914149401591,1,0.982712182743074,0.962089396079519,0.933926439753483,0.913978320045647,0.891185963142461,0.872026038132959,0.852819313692389,0.842801359415095,0.830801895710162,0.813299192232031,0.79992316591399,0.790717652170093,0.780560545635528,0.762706273588257,0.746810018733022,0.713888172816369,0.682994608429891,0.642983439479748,0.569695603860685,0.463352492997121,0.31556135671632,0.228006714148114,0.199082502556422
0.565378055999292,0.731607765928287,0.796170377352958,0.835931917306672,0.866507716758548,0.892115589696088,0.929575871804849,0.957912535133874,0.982712182743074,1,0.98359334079827,0.956432796555656,0.935807617094703,0.911977572952794,0.892989203944749,0.872065828911101,0.86098061309046,0.848726492376242,0.830169585093789,0.816102812516774,0.80682877111581,0.795370503685188,0.776637851630127,0.760783768296756,0.730227051690371,0.701020209362811,0.663950623766184,0.591276288733132,0.483617700209443,0.334859042123812,0.246965404867855,0.209432196498285
0.545017075156686,0.719127292908265,0.779293647151347,0.818485827530482,0.848441102234546,0.87415200942118,0.912354917629515,0.938775453411556,0.962089396079519,0.98359334079827,1,0.982489111316408,0.962432231516122,0.939320158151562,0.920184823125743,0.898463056932039,0.886131011666715,0.872783869347092,0.853092936372673,0.839091095665474,0.827542345596584,0.814404043881079,0.798151211006283,0.782275758316776,0.75114541311113,0.724137866350142,0.68923809404305,0.614599333342613,0.502901507333588,0.351108105725545,0.258724079590739,0.226923531540846
0.523379421772185,0.702851180802923,0.761169329091554,0.798112924155234,0.826394530404193,0.852377629823688,0.888811536491068,0.912629277905445,0.933926439753483,0.956432796555656,0.982489111316408,1,0.985449746856635,0.9631235343436,0.944442178112572,0.923145689819037,0.907678931192719,0.893684673873311,0.875641759350538,0.862007471050945,0.84844627931357,0.834080171704915,0.817224122043304,0.801404766678477,0.773274736645545,0.74825091626822,0.715127219954402,0.643885586819973,0.533722194702469,0.378808925609045,0.281606905132552,0.239878440854642
0.498305762111938,0.683758589533814,0.746540619628965,0.783005311891211,0.809203151647754,0.832045862064166,0.868079361383091,0.892005688365225,0.913978320045647,0.935807617094703,0.962432231516122,0.985449746856635,1,0.984565325650064,0.966702245027128,0.945727992816254,0.927812003095366,0.912631569947683,0.894281497228118,0.881525203315672,0.868668333817874,0.853321447433749,0.837049764227145,0.821851812083304,0.795911875232445,0.773550310713295,0.741054681142071,0.670312749635174,0.558946775179996,0.398011618838772,0.293060893974669,0.249912564220141
0.482501641007025,0.664642708155246,0.731677471099076,0.7639900448662,0.7871093123947,0.811905985225433,0.848511340858031,0.869997177597314,0.891185963142461,0.911977572952794,0.939320158151562,0.9631235343436,0.984565325650064,1,0.987802918631332,0.968810560201567,0.951373633389752,0.936324171418192,0.918095255955269,0.905433327756691,0.891506206909345,0.875732306315718,0.858536440897165,0.844136551953049,0.817422764749128,0.79656696719414,0.761764508655143,0.692575426269766,0.584090560468409,0.430282714158943,0.319739185980023,0.266426586297245
0.464142354613389,0.642947114387304,0.71366162094459,0.743915367587446,0.766431723467393,0.789992542076628,0.82845319276053,0.852140474771511,0.872026038132959,0.892989203944749,0.920184823125743,0.944442178112572,0.966702245027128,0.987802918631332,1,0.988138953782505,0.969791320005437,0.952494914743975,0.933106060361916,0.920628040207508,0.90665396188682,0.893380200527028,0.875241955422184,0.861208825448213,0.834163393691198,0.815223616082555,0.781782700382993,0.715912908346355,0.604602507555198,0.449589721490932,0.331195042528068,0.273717857844225
0.446581912530116,0.627376767583392,0.699424334155663,0.729742595921715,0.749644763494238,0.770655866580854,0.80918732648157,0.833021783283649,0.852819313692389,0.872065828911101,0.898463056932039,0.923145689819037,0.945727992816254,0.968810560201567,0.988138953782505,1,0.986379452795232,0.968834634779981,0.948455952880123,0.936083935265702,0.922265862412587,0.910163890503711,0.889853294908707,0.874366365680751,0.845545994651579,0.826547776430433,0.791080340289319,0.725603440845824,0.61364324217649,0.457337500127326,0.340028223883885,0.27046538784498
0.440668325113461,0.617566067571946,0.687766450354314,0.718900195451602,0.73616797872785,0.758283800237139,0.799100523245235,0.823981333818803,0.842801359415095,0.86098061309046,0.886131011666715,0.907678931192719,0.927812003095366,0.951373633389752,0.969791320005437,0.986379452795232,1,0.988508804119278,0.96864406852957,0.955905539454083,0.941794936882085,0.927285457164931,0.906466340240351,0.891465938795907,0.85988066024472,0.837814864528224,0.801435590661593,0.737616439908828,0.625691645342629,0.465787229969094,0.362637408254952,0.285105808148546
0.441748612050005,0.608358021364794,0.6737955054708,0.706870833758683,0.723742949582087,0.746006055391347,0.788650837725805,0.811879617020176,0.830801895710162,0.848726492376242,0.872783869347092,0.893684673873311,0.912631569947683,0.936324171418192,0.952494914743975,0.968834634779981,0.988508804119278,1,0.984097994287065,0.970256383782258,0.956306891200256,0.940474146202614,0.918734966244375,0.903000259772748,0.869674729003057,0.846825857301992,0.810709169577458,0.743898365850935,0.622595266988767,0.462147392939991,0.370325818130675,0.302502574106175
0.425890036181261,0.592064293178399,0.663284229763349,0.697791952809543,0.711539273934076,0.732429401773992,0.773189783074227,0.795258777216296,0.813299192232031,0.830169585093789,0.853092936372673,0.875641759350538,0.894281497228118,0.918095255955269,0.933106060361916,0.948455952880123,0.96864406852957,0.984097994287065,1,0.987768581184803,0.973091246381312,0.955780147125778,0.932917802228645,0.919021725408343,0.888684006123379,0.8652859439953,0.824769511013972,0.759211876447682,0.64863062168566,0.492843371599982,0.393108306770118,0.30972318079997
0.414169615458838,0.580507883336214,0.655361213952307,0.689625808398083,0.701478928062236,0.72273050481637,0.762546602444348,0.782847408385804,0.79992316591399,0.816102812516774,0.839091095665474,0.862007471050945,0.881525203315672,0.905433327756691,0.920628040207508,0.936083935265702,0.955905539454083,0.970256383782258,0.987768581184803,1,0.988415746232908,0.971363075352894,0.949398720197505,0.934106322947802,0.902540292242129,0.878039891089316,0.837034778941025,0.772015530529163,0.660303062662166,0.506831182120575,0.410429736982565,0.306500539728668
0.408822419521573,0.570388324976706,0.645843721660719,0.681652590983059,0.693516007008136,0.714387302475017,0.754316482214284,0.775896205904816,0.790717652170093,0.80682877111581,0.827542345596584,0.84844627931357,0.868668333817874,0.891506206909345,0.90665396188682,0.922265862412587,0.941794936882085,0.956306891200256,0.973091246381312,0.988415746232908,1,0.984837972904779,0.961454026466521,0.943808362220555,0.911804716208473,0.886882237209458,0.84339775886002,0.777823895667506,0.663196579620052,0.501020753039625,0.402799943154935,0.302557104793634
0.398086072396252,0.555391350991243,0.630007558803714,0.669867481445296,0.681855133055445,0.702123894404618,0.743029281034304,0.765375059579143,0.780560545635528,0.795370503685188,0.814404043881079,0.834080171704915,0.853321447433749,0.875732306315718,0.893380200527028,0.910163890503711,0.927285457164931,0.940474146202614,0.955780147125778,0.971363075352894,0.984837972904779,1,0.983757629818959,0.964366029753125,0.934060664571811,0.906257868730014,0.860679488079981,0.789452543590918,0.670648991491273,0.503162499868349,0.403612359642163,0.314540906052563
0.389085058135013,0.547404504647692,0.619377568072192,0.654241316110542,0.666851427598075,0.685118094744833,0.724722519111021,0.745979747050426,0.762706273588257,0.776637851630127,0.798151211006283,0.817224122043304,0.837049764227145,0.858536440897165,0.875241955422184,0.889853294908707,0.906466340240351,0.918734966244375,0.932917802228645,0.949398720197505,0.961454026466521,0.983757629818959,1,0.98149639387097,0.949261989651485,0.917326775419219,0.871732897514516,0.793634769049792,0.664407135926898,0.500610562086173,0.401633758328858,0.320276598632419
0.381999915024087,0.541490914623206,0.61484194344415,0.646226369939043,0.657094949559189,0.675056765336242,0.711980590633849,0.731462592830432,0.746810018733022,0.760783768296756,0.782275758316776,0.801404766678477,0.821851812083304,0.844136551953049,0.861208825448213,0.874366365680751,0.891465938795907,0.903000259772748,0.919021725408343,0.934106322947802,0.943808362220555,0.964366029753125,0.98149639387097,1,0.976025747719786,0.941884051594499,0.894533870553717,0.813825589580782,0.689787946845517,0.524652484864802,0.416908446130241,0.32709549579412
0.359564260550785,0.514321398011726,0.586898457366324,0.617174761967096,0.625359218244934,0.641423330388918,0.678656219203374,0.698125640371891,0.713888172816369,0.730227051690371,0.75114541311113,0.773274736645545,0.795911875232445,0.817422764749128,0.834163393691198,0.845545994651579,0.85988066024472,0.869674729003057,0.888684006123379,0.902540292242129,0.911804716208473,0.934060664571811,0.949261989651485,0.976025747719786,1,0.974182703625715,0.930614804048751,0.848446364871725,0.735953232566128,0.565564616987145,0.458240570662181,0.345359800125565
0.341986859801954,0.498904469966405,0.568597962741761,0.593071893446496,0.599667631384333,0.613121411015965,0.649669264568386,0.668019501082777,0.682994608429891,0.701020209362811,0.724137866350142,0.74825091626822,0.773550310713295,0.79656696719414,0.815223616082555,0.826547776430433,0.837814864528224,0.846825857301992,0.8652859439953,0.878039891089316,0.886882237209458,0.906257868730014,0.917326775419219,0.941884051594499,0.974182703625715,1,0.967478163761718,0.895238149516629,0.775675467579908,0.598344587285726,0.484841315502534,0.353015399231888
0.325806050356711,0.465424013422294,0.530281215707023,0.550762741230159,0.560610968360279,0.574413974580075,0.609949995335355,0.626587898748965,0.642983439479748,0.663950623766184,0.68923809404305,0.715127219954402,0.741054681142071,0.761764508655143,0.781782700382993,0.791080340289319,0.801435590661593,0.810709169577458,0.824769511013972,0.837034778941025,0.84339775886002,0.860679488079981,0.871732897514516,0.894533870553717,0.930614804048751,0.967478163761718,1,0.937808021602073,0.811351078761038,0.631269606507376,0.539021194548096,0.359288961632721
0.276185082523732,0.389388049200304,0.453560244865004,0.474215214628134,0.486859756542622,0.501965624945528,0.532383574639335,0.551751295889575,0.569695603860685,0.591276288733132,0.614599333342613,0.643885586819973,0.670312749635174,0.692575426269766,0.715912908346355,0.725603440845824,0.737616439908828,0.743898365850935,0.759211876447682,0.772015530529163,0.777823895667506,0.789452543590918,0.793634769049792,0.813825589580782,0.848446364871725,0.895238149516629,0.937808021602073,1,0.90819088904204,0.732051480082949,0.612887278969152,0.390797830159506
0.208011218892958,0.295408547748879,0.362848464220226,0.378133262215274,0.388076888893085,0.404192902037217,0.42537094586741,0.440740665960185,0.463352492997121,0.483617700209443,0.502901507333588,0.533722194702469,0.558946775179996,0.584090560468409,0.604602507555198,0.61364324217649,0.625691645342629,0.622595266988767,0.64863062168566,0.660303062662166,0.663196579620052,0.670648991491273,0.664407135926898,0.689787946845517,0.735953232566128,0.775675467579908,0.811351078761038,0.90819088904204,1,0.850590530726929,0.669448324916422,0.396007157104031
0.123292596180534,0.19336550331812,0.246129511112826,0.256291465020405,0.268698937975084,0.278806689258323,0.283552251872698,0.289407912853994,0.31556135671632,0.334859042123812,0.351108105725545,0.378808925609045,0.398011618838772,0.430282714158943,0.449589721490932,0.457337500127326,0.465787229969094,0.462147392939991,0.492843371599982,0.506831182120575,0.501020753039625,0.503162499868349,0.500610562086173,0.524652484864802,0.565564616987145,0.598344587285726,0.631269606507376,0.732051480082949,0.850590530726929,1,0.796273418229141,0.401326593162613
0.0475502163109072,0.114878248498781,0.145873055900598,0.154029429783306,0.161035958481494,0.167929836682666,0.183627882758736,0.200660094054443,0.228006714148114,0.246965404867855,0.258724079590739,0.281606905132552,0.293060893974669,0.319739185980023,0.331195042528068,0.340028223883885,0.362637408254952,0.370325818130675,0.393108306770118,0.410429736982565,0.402799943154935,0.403612359642163,0.401633758328858,0.416908446130241,0.458240570662181,0.484841315502534,0.539021194548096,0.612887278969152,0.669448324916422,0.796273418229141,1,0.502276378295097
-0.0025629057989374,0.0897183455447222,0.115008475018139,0.120304183074162,0.135227217241345,0.130573481368489,0.149516264997949,0.177026769556959,0.199082502556422,0.209432196498285,0.226923531540846,0.239878440854642,0.249912564220141,0.266426586297245,0.273717857844225,0.27046538784498,0.285105808148546,0.302502574106175,0.30972318079997,0.306500539728668,0.302557104793634,0.314540906052563,0.320276598632419,0.32709549579412,0.345359800125565,0.353015399231888,0.359288961632721,0.390797830159506,0.396007157104031,0.401326593162613,0.502276378295097,1
