1,0.893791638723234,0.775586956605223,0.688412495026452,0.638650605446795,0.577096484476469,0.519447448672878,0.467303314658219,0.401068758126441,0.346383430286452,0.302876613736192,0.25012929250864,0.200412481131136,0.155838650652366,0.112321063679311,0.0596573582675953,0.0118000838701677,-0.0294035718370193,-0.0932218334026677,-0.13837627705043,-0.15895750105602,-0.189766116497226,-0.2137405164123,-0.224192901943685,-0.13530398261121,-0.0768136373435292,-0.0444683667770037,-0.0327954760480562,-0.0231922584306255,-0.0285510395782738,-0.0466812910838913,-0.0670857809473231
0.893791638723234,1,0.962783024763193,0.86740164829597,0.815537745251328,0.745763598642044,0.676982148095685,0.624103548474514,0.553923260426186,0.497491343334617,0.454661830329784,0.397702230747538,0.342604361799919,0.295240792595084,0.24665668083178,0.184502022350667,0.131688331478558,0.09008741941782,0.0278048920985235,-0.0188216736054526,-0.042915668991953,-0.0828817773431448,-0.118056493011915,-0.136126658483616,-0.0946568160922988,-0.0607155843708139,-0.0206393082965032,0.00604735208643902,0.02841434561629,0.00990186194777227,-0.0255519605318911,-0.0663044576774482
0.775586956605223,0.962783024763193,1,0.959895734704802,0.906558548169412,0.832681503465551,0.758836056292767,0.71314764662895,0.647123952408972,0.592313861099923,0.55293337709723,0.496313134302927,0.440229411447467,0.391168793556055,0.338900766308165,0.277977457435834,0.226533896281754,0.186751222389858,0.131358786374424,0.0866172744056057,0.0588179655769845,0.0174697191335967,-0.0212669174724502,-0.0461500890777114,-0.0468682063177554,-0.0367335699002431,-0.00619948200704173,0.0226459216897816,0.0479632810522825,0.033438651880271,-0.00268651213497082,-0.0507181501889705
0.688412495026452,0.86740164829597,0.959895734704802,1,0.955786445130859,0.885307010976943,0.809151434793003,0.7728440946565,0.713042446577153,0.659866935999027,0.623823135396569,0.568219482571735,0.511535610559553,0.459741706332031,0.403278025026644,0.348060537442677,0.300076267096698,0.262010117038141,0.213221928992458,0.170137072513656,0.137956913382813,0.0982438002857543,0.0594124252437099,0.0285444214817972,-0.00485531510170921,-0.0139737361074454,-0.000176025350485005,0.0241530957501894,0.0472555638459625,0.0453957251947232,0.0185378146051355,-0.0272248567824437
0.638650605446795,0.815537745251328,0.906558548169412,0.955786445130859,1,0.977027028988391,0.900367508299926,0.8661759690072,0.805392501383506,0.750166015423182,0.713980485477176,0.654331636108839,0.589652937418516,0.531153051556348,0.468024004393292,0.412928115529958,0.364718221873658,0.326427053618114,0.273267586852028,0.224809402170051,0.187155432055834,0.14131627311502,0.0963197623944007,0.061442353332761,0.00740967216551832,-0.0116834035538838,0.00202616778749771,0.0304878396457035,0.0577882339226705,0.0557970819716056,0.0371698550099184,0.00390156880097399
0.577096484476469,0.745763598642044,0.832681503465551,0.885307010976943,0.977027028988391,1,0.962272610265755,0.929913495102086,0.868569511381232,0.812303509067569,0.776284738860629,0.714707275960871,0.647224103769197,0.586151797131435,0.520051227088034,0.468334873627796,0.422045094834926,0.38460065641911,0.330848189108595,0.280422497482291,0.240081142173465,0.191482869645227,0.142989871592565,0.104985164680281,0.0298353776614515,-0.00110552825955332,0.00472810554119563,0.0332428856137172,0.0617938124180939,0.0559897355044648,0.0427220818141178,0.0215587151395879
0.519447448672878,0.676982148095685,0.758836056292767,0.809151434793003,0.900367508299926,0.962272610265755,1,0.968450993972726,0.906128554293997,0.849169517261879,0.813075523440958,0.751120390186506,0.685670685484573,0.625809175923732,0.560025625834475,0.513944639565265,0.4709121821632,0.434777886087485,0.383703721855051,0.334407196090958,0.294059702217267,0.245883796618448,0.196426474551629,0.15604112917989,0.0607353875617207,0.0169541518121172,0.00769803575601721,0.0323565527406507,0.0593042106731222,0.0461575049195602,0.0343287974921982,0.0230304871743209
0.467303314658219,0.624103548474514,0.71314764662895,0.7728440946565,0.8661759690072,0.929913495102086,0.968450993972726,1,0.97985432984779,0.917907541345249,0.881437309375459,0.819152596202392,0.757291450999902,0.69883239955338,0.632042714639456,0.589277653201668,0.54665727982809,0.50882014837256,0.458739136079982,0.409079823000677,0.367757230312765,0.320425691444196,0.269525261293543,0.223179005797171,0.121961224590966,0.068018657934837,0.0419854027814561,0.0619197681005612,0.0845168987393043,0.0726517376944237,0.0592522877101251,0.0406522925130571
0.401068758126441,0.553923260426186,0.647123952408972,0.713042446577153,0.805392501383506,0.868569511381232,0.906128554293997,0.97985432984779,1,0.963830134505949,0.931488649420995,0.868645089426623,0.81167557898616,0.756736804923478,0.691390799278145,0.651770434389067,0.610020769293321,0.57138574303968,0.522984402078352,0.473698949453875,0.432052878511065,0.38561820434313,0.333729651889517,0.283275963179915,0.17554669793058,0.111854427417967,0.066783551404913,0.0835808546959619,0.10453331638866,0.0970797715759619,0.0840156183677119,0.0589288866433434
0.346383430286452,0.497491343334617,0.592313861099923,0.659866935999027,0.750166015423182,0.812303509067569,0.849169517261879,0.917907541345249,0.963830134505949,1,0.977247265258744,0.910674474412419,0.856908926380862,0.805770140359788,0.742869461850687,0.703422032463313,0.661247592436179,0.621933104737089,0.573769496556729,0.523824165312539,0.481205404100824,0.43335230684088,0.379173099902676,0.326819263139556,0.208033429032982,0.135035830413948,0.0700983404593804,0.0882798707961475,0.113935886401565,0.114778583157542,0.104838304289285,0.0757126152071776
0.302876613736192,0.454661830329784,0.55293337709723,0.623823135396569,0.713980485477176,0.776284738860629,0.813075523440958,0.881437309375459,0.931488649420995,0.977247265258744,1,0.976179508886826,0.925367033356324,0.875724804242424,0.811949549572712,0.772065615803279,0.728651215702401,0.687784524578097,0.643132642891302,0.594456051286381,0.550861187336518,0.505193358920693,0.451997313393229,0.398962662905926,0.255877552679922,0.166283033660674,0.103588804715049,0.118049753945728,0.137131674558733,0.144114765044806,0.133398280688439,0.0934749088351248
0.25012929250864,0.397702230747538,0.496313134302927,0.568219482571735,0.654331636108839,0.714707275960871,0.751120390186506,0.819152596202392,0.868645089426623,0.910674474412419,0.976179508886826,1,0.968453614241109,0.926603023616719,0.863621515689557,0.824915487159132,0.781454604328106,0.739751207148766,0.701315451545339,0.655960950139969,0.612129568507013,0.570949330111439,0.521050556726967,0.468290663467355,0.302125255033923,0.196566273389454,0.137219327562327,0.146186872653882,0.156633288796345,0.168957425101676,0.157913555188663,0.109018808930972
0.200412481131136,0.342604361799919,0.440229411447467,0.511535610559553,0.589652937418516,0.647224103769197,0.685670685484573,0.757291450999902,0.81167557898616,0.856908926380862,0.925367033356324,0.968453614241109,1,0.981286352532549,0.920156499707656,0.883961355281822,0.840446946467842,0.796811109075672,0.765264003081256,0.722888452411114,0.676798950184777,0.639470257538712,0.591956288557675,0.536222585526019,0.349930169035165,0.229408025240112,0.154320739763696,0.158197632736325,0.164898184462228,0.18124563466241,0.173040317918149,0.123403365180333
0.155838650652366,0.295240792595084,0.391168793556055,0.459741706332031,0.531153051556348,0.586151797131435,0.625809175923732,0.69883239955338,0.756736804923478,0.805770140359788,0.875724804242424,0.926603023616719,0.981286352532549,1,0.976218329145046,0.939393103266091,0.893627278364539,0.84674079550826,0.817518999144887,0.777509829989447,0.734685790778715,0.697206134665819,0.647504190860641,0.589616452841408,0.392469471155104,0.261696367894391,0.175351190287285,0.178404841599699,0.184781049651771,0.202987478074533,0.196324608311176,0.144831832924789
0.112321063679311,0.24665668083178,0.338900766308165,0.403278025026644,0.468024004393292,0.520051227088034,0.560025625834475,0.632042714639456,0.691390799278145,0.742869461850687,0.811949549572712,0.863621515689557,0.920156499707656,0.976218329145046,1,0.967644584586058,0.92263963328613,0.873509302844399,0.844754960402376,0.807057723341405,0.769957030891756,0.731239356804182,0.678618631699204,0.62060051849332,0.421403806161947,0.285844989139588,0.194129316070442,0.198086904396404,0.205072167836188,0.223480229120991,0.217593715898118,0.16468325340973
0.0596573582675953,0.184502022350667,0.277977457435834,0.348060537442677,0.412928115529958,0.468334873627796,0.513944639565265,0.589277653201668,0.651770434389067,0.703422032463313,0.772065615803279,0.824915487159132,0.883961355281822,0.939393103266091,0.967644584586058,1,0.985603397953101,0.937295852719174,0.906117183311458,0.864992060459097,0.824482604558973,0.783157737910061,0.728258501392722,0.671603748444683,0.461292653438213,0.315682914134119,0.229280203181,0.231714273629473,0.233778291234957,0.251302103342892,0.24390572066239,0.185480784917798
0.0118000838701677,0.131688331478558,0.226533896281754,0.300076267096698,0.364718221873658,0.422045094834926,0.4709121821632,0.54665727982809,0.610020769293321,0.661247592436179,0.728651215702401,0.781454604328106,0.840446946467842,0.893627278364539,0.92263963328613,0.985603397953101,1,0.97747112902506,0.947846419561062,0.905799215083958,0.864524696844967,0.823822808372205,0.768886940172389,0.711569336344426,0.491073445510875,0.337213642756135,0.248864354694277,0.251938207651229,0.253680018936029,0.275192435639935,0.270238230943019,0.209283173705261
-0.0294035718370193,0.09008741941782,0.186751222389858,0.262010117038141,0.326427053618114,0.38460065641911,0.434777886087485,0.50882014837256,0.57138574303968,0.621933104737089,0.687784524578097,0.739751207148766,0.796811109075672,0.84674079550826,0.873509302844399,0.937295852719174,0.97747112902506,1,0.975029763070786,0.934016352665126,0.894042234767734,0.856444059633504,0.803104261202907,0.743226929585679,0.512927496334012,0.352105072353437,0.255491929088223,0.260985034016171,0.266258555819271,0.295691982800001,0.296316219066771,0.235191593217825
-0.0932218334026677,0.0278048920985235,0.131358786374424,0.213221928992458,0.273267586852028,0.330848189108595,0.383703721855051,0.458739136079982,0.522984402078352,0.573769496556729,0.643132642891302,0.701315451545339,0.765264003081256,0.817518999144887,0.844754960402376,0.906117183311458,0.947846419561062,0.975029763070786,1,0.987579322022573,0.941248879284597,0.903913996624778,0.851698116424942,0.793261442103557,0.545943194670774,0.372727986050663,0.257452383182314,0.260425233213122,0.266190359311943,0.298855939148676,0.301261318341851,0.239837234587561
-0.13837627705043,-0.0188216736054526,0.0866172744056057,0.170137072513656,0.224809402170051,0.280422497482291,0.334407196090958,0.409079823000677,0.473698949453875,0.523824165312539,0.594456051286381,0.655960950139969,0.722888452411114,0.777509829989447,0.807057723341405,0.864992060459097,0.905799215083958,0.934016352665126,0.987579322022573,1,0.971557866401809,0.939227157004503,0.887697212332027,0.830399926882407,0.575651625253191,0.394973120596352,0.271899225860497,0.274937561799018,0.28115274408686,0.312408915298299,0.31482170874512,0.252995184264767
-0.15895750105602,-0.042915668991953,0.0588179655769845,0.137956913382813,0.187155432055834,0.240081142173465,0.294059702217267,0.367757230312765,0.432052878511065,0.481205404100824,0.550861187336518,0.612129568507013,0.676798950184777,0.734685790778715,0.769957030891756,0.824482604558973,0.864524696844967,0.894042234767734,0.941248879284597,0.971557866401809,1,0.979926367623452,0.927250902135528,0.868805318733709,0.615420376011676,0.430500106858315,0.314001463124441,0.32178461907588,0.328955737738778,0.352904181740563,0.353129889916288,0.289202107471615
-0.189766116497226,-0.0828817773431448,0.0174697191335967,0.0982438002857543,0.14131627311502,0.191482869645227,0.245883796618448,0.320425691444196,0.38561820434313,0.43335230684088,0.505193358920693,0.570949330111439,0.639470257538712,0.697206134665819,0.731239356804182,0.783157737910061,0.823822808372205,0.856444059633504,0.903913996624778,0.939227157004503,0.979926367623452,1,0.98170894556004,0.920554314247873,0.651984081939572,0.456327782107414,0.347790827657338,0.352962177656887,0.353700117077147,0.373530490507456,0.369681367968168,0.299690833035627
-0.2137405164123,-0.118056493011915,-0.0212669174724502,0.0594124252437099,0.0963197623944007,0.142989871592565,0.196426474551629,0.269525261293543,0.333729651889517,0.379173099902676,0.451997313393229,0.521050556726967,0.591956288557675,0.647504190860641,0.678618631699204,0.728258501392722,0.768886940172389,0.803104261202907,0.851698116424942,0.887697212332027,0.927250902135528,0.98170894556004,1,0.956117662060329,0.681845079676104,0.477803808946428,0.38355886722273,0.382801335556849,0.372385528447697,0.385632642992343,0.376581400414967,0.301552733689804
-0.224192901943685,-0.136126658483616,-0.0461500890777114,0.0285444214817972,0.061442353332761,0.104985164680281,0.15604112917989,0.223179005797171,0.283275963179915,0.326819263139556,0.398962662905926,0.468290663467355,0.536222585526019,0.589616452841408,0.62060051849332,0.671603748444683,0.711569336344426,0.743226929585679,0.793261442103557,0.830399926882407,0.868805318733709,0.920554314247873,0.956117662060329,1,0.747633805769394,0.533040083228159,0.469166919297525,0.457087747248178,0.423655180087452,0.418484387591954,0.400580927815715,0.321464385156789
-0.13530398261121,-0.0946568160922988,-0.0468682063177554,-0.00485531510170921,0.00740967216551832,0.0298353776614515,0.0607353875617207,0.121961224590966,0.17554669793058,0.208033429032982,0.255877552679922,0.302125255033923,0.349930169035165,0.392469471155104,0.421403806161947,0.461292653438213,0.491073445510875,0.512927496334012,0.545943194670774,0.575651625253191,0.615420376011676,0.651984081939572,0.681845079676104,0.747633805769394,1,0.959755552296373,0.594814822918183,0.492261201891106,0.408129171882763,0.379331396123486,0.33321828284523,0.229987481917651
-0.0768136373435292,-0.0607155843708139,-0.0367335699002431,-0.0139737361074454,-0.0116834035538838,-0.00110552825955332,0.0169541518121172,0.068018657934837,0.111854427417967,0.135035830413948,0.166283033660674,0.196566273389454,0.229408025240112,0.261696367894391,0.285844989139588,0.315682914134119,0.337213642756135,0.352105072353437,0.372727986050663,0.394973120596352,0.430500106858315,0.456327782107414,0.477803808946428,0.533040083228159,0.959755552296373,1,0.571726257509389,0.446638248251171,0.351541982193104,0.315847118142325,0.263351394220409,0.162853361181194
-0.0444683667770037,-0.0206393082965032,-0.00619948200704173,-0.000176025350485005,0.00202616778749771,0.00472810554119563,0.00769803575601721,0.0419854027814561,0.066783551404913,0.0700983404593804,0.103588804715049,0.137219327562327,0.154320739763696,0.175351190287285,0.194129316070442,0.229280203181,0.248864354694277,0.255491929088223,0.257452383182314,0.271899225860497,0.314001463124441,0.347790827657338,0.38355886722273,0.469166919297525,0.594814822918183,0.571726257509389,1,0.936729247118886,0.727315822839072,0.584036569847545,0.481013033315016,0.350634565623723
-0.0327954760480562,0.00604735208643902,0.0226459216897816,0.0241530957501894,0.0304878396457035,0.0332428856137172,0.0323565527406507,0.0619197681005612,0.0835808546959619,0.0882798707961475,0.118049753945728,0.146186872653882,0.158197632736325,0.178404841599699,0.198086904396404,0.231714273629473,0.251938207651229,0.260985034016171,0.260425233213122,0.274937561799018,0.32178461907588,0.352962177656887,0.382801335556849,0.457087747248178,0.492261201891106,0.446638248251171,0.936729247118886,1,0.916736132473453,0.763302184886427,0.621149316644662,0.423760876184074
-0.0231922584306255,0.02841434561629,0.0479632810522825,0.0472555638459625,0.0577882339226705,0.0617938124180939,0.0593042106731222,0.0845168987393043,0.10453331638866,0.113935886401565,0.137131674558733,0.156633288796345,0.164898184462228,0.184781049651771,0.205072167836188,0.233778291234957,0.253680018936029,0.266258555819271,0.266190359311943,0.28115274408686,0.328955737738778,0.353700117077147,0.372385528447697,0.423655180087452,0.408129171882763,0.351541982193104,0.727315822839072,0.916736132473453,1,0.86451292735715,0.697200006759255,0.443670239709602
-0.0285510395782738,0.00990186194777227,0.033438651880271,0.0453957251947232,0.0557970819716056,0.0559897355044648,0.0461575049195602,0.0726517376944237,0.0970797715759619,0.114778583157542,0.144114765044806,0.168957425101676,0.18124563466241,0.202987478074533,0.223480229120991,0.251302103342892,0.275192435639935,0.295691982800001,0.298855939148676,0.312408915298299,0.352904181740563,0.373530490507456,0.385632642992343,0.418484387591954,0.379331396123486,0.315847118142325,0.584036569847545,0.763302184886427,0.86451292735715,1,0.927284645006656,0.574230597939124
-0.0466812910838913,-0.0255519605318911,-0.00268651213497082,0.0185378146051355,0.0371698550099184,0.0427220818141178,0.0343287974921982,0.0592522877101251,0.0840156183677119,0.104838304289285,0.133398280688439,0.157913555188663,0.173040317918149,0.196324608311176,0.217593715898118,0.24390572066239,0.270238230943019,0.296316219066771,0.301261318341851,0.31482170874512,0.353129889916288,0.369681367968168,0.376581400414967,0.400580927815715,0.33321828284523,0.263351394220409,0.481013033315016,0.621149316644662,0.697200006759255,0.927284645006656,1,0.80693208428799
-0.0670857809473231,-0.0663044576774482,-0.0507181501889705,-0.0272248567824437,0.00390156880097399,0.0215587151395879,0.0230304871743209,0.0406522925130571,0.0589288866433434,0.0757126152071776,0.0934749088351248,0.109018808930972,0.123403365180333,0.144831832924789,0.16468325340973,0.185480784917798,0.209283173705261,0.235191593217825,0.239837234587561,0.252995184264767,0.289202107471615,0.299690833035627,0.301552733689804,0.321464385156789,0.229987481917651,0.162853361181194,0.350634565623723,0.423760876184074,0.443670239709602,0.574230597939124,0.80693208428799,1
