1,0.935278107617845,0.845102554474769,0.698883502923377,0.567753686437731,0.494633411391452,0.432437177535235,0.37010815584596,0.344515345061443,0.323383440718626,0.298905985339237,0.271573218774053,0.251830703447819,0.251171678411524,0.246178453375077,0.24011011417326,0.237840796209556,0.228281459552886,0.220347209304628,0.224218309313506,0.224361134161409,0.221529783941993,0.220116544736744,0.21952070736853,0.218472813479186,0.217933200456436,0.205966168229396,0.190951050632865,0.17887397248541,0.176523284618299,0.166199821868254,0.127501681709311
0.935278107617845,1,0.95575712987767,0.822721512172611,0.697354530881383,0.627774337249276,0.564670394756348,0.497615690077684,0.469357663281253,0.444845898455696,0.416322985297923,0.386158650474826,0.364907431454249,0.366904193099331,0.358759098212145,0.34958904881962,0.349470262767839,0.340739687648586,0.332188289446084,0.334456012532483,0.334211967666111,0.331042467258432,0.331747924889851,0.333018015775082,0.332664782373808,0.331257133099438,0.321704280236343,0.305000123779372,0.281387396054592,0.277431181767533,0.266836625200384,0.223992127381391
0.845102554474769,0.95575712987767,1,0.950781436733158,0.855816512589112,0.795356634539366,0.733225484674904,0.665896101481405,0.637418812577477,0.610130801575497,0.576099022438704,0.54358991730033,0.520029028396286,0.520913167012436,0.51122718818203,0.500150803412759,0.500177407490284,0.488661353265332,0.476921318433777,0.478975398209808,0.476617060523144,0.470530745914029,0.471441766361094,0.472955954152281,0.471270876084536,0.465585360316619,0.457896809010106,0.438547407447806,0.399434217540631,0.394444886514974,0.383434862653377,0.331216028411265
0.698883502923377,0.822721512172611,0.950781436733158,1,0.961448821392964,0.918154331804574,0.862123095881862,0.801586006596018,0.775171957305097,0.746814033748637,0.709585029700678,0.677265435788471,0.652797848894327,0.651277116452891,0.64175377339695,0.63013167512363,0.628896487065057,0.614696471250656,0.600166212208326,0.60176342332769,0.596752886006788,0.587142454304924,0.586867206038505,0.588368460494737,0.585303882718349,0.574526780937948,0.569012567512955,0.548968819151588,0.499327875372946,0.493665937897285,0.482390179004108,0.423815736783263
0.567753686437731,0.697354530881383,0.855816512589112,0.961448821392964,1,0.978177255932294,0.930455040301021,0.880892713344734,0.85642664126185,0.827630468762795,0.790380066933634,0.760035958987119,0.735975796853422,0.732298884937495,0.72462935832706,0.713631273883733,0.709527297900054,0.694668406876384,0.679325257653184,0.67924436706116,0.671826065166166,0.659126935161768,0.656115758081607,0.658329563558271,0.655302192862932,0.640347520379814,0.636780586194327,0.619192139405607,0.571138779162412,0.564805235899977,0.552497968738195,0.493619695784171
0.494633411391452,0.627774337249276,0.795356634539366,0.918154331804574,0.978177255932294,1,0.984726029581903,0.942466667723088,0.918923268041554,0.890591582710883,0.856586905415088,0.831310770330752,0.810363665056688,0.80678243986331,0.798275718967895,0.785949597760545,0.781147203486317,0.766449012894945,0.751225019833126,0.751694255464308,0.742251198719969,0.726150810538271,0.719535171011008,0.723214671983343,0.722441602827912,0.708409952677376,0.704117882487535,0.685418795157617,0.638276704760122,0.632023149686711,0.619321685220703,0.559569615581032
0.432437177535235,0.564670394756348,0.733225484674904,0.862123095881862,0.930455040301021,0.984726029581903,1,0.977622911239286,0.957237594432082,0.929246115559052,0.897930166597787,0.878634113058654,0.862034541839449,0.859480470169194,0.850887266314241,0.837762225076578,0.83208796732801,0.818041561696969,0.803227814548875,0.803270601877326,0.79240820132721,0.774306333900603,0.766016972096044,0.769888204136393,0.769531643290135,0.755460734663739,0.750049675743053,0.729975330291327,0.682615889589993,0.675616417080696,0.661854064779963,0.600538426630544
0.37010815584596,0.497615690077684,0.665896101481405,0.801586006596018,0.880892713344734,0.942466667723088,0.977622911239286,1,0.986926666869362,0.95803236205811,0.926513373713897,0.913533618464633,0.902278891781577,0.901466167886881,0.895038014158488,0.882493801474083,0.874513948092654,0.861356901904647,0.846751974402144,0.843666944644345,0.831912964244657,0.813811843244989,0.807285400426314,0.808890183232933,0.804794641717583,0.786486296170773,0.78017051408037,0.759169451540619,0.708736496659824,0.698985888707012,0.682298689476369,0.616846450394625
0.344515345061443,0.469357663281253,0.637418812577477,0.775171957305097,0.85642664126185,0.918923268041554,0.957237594432082,0.986926666869362,1,0.990196867313473,0.956920435265183,0.942224477271501,0.929204627512229,0.926747780291152,0.919970307733179,0.907366056049896,0.899678276067012,0.888315101308785,0.874859486521055,0.870812219784603,0.859579825827761,0.842228237164375,0.836884569855595,0.838807344174856,0.834748908609717,0.816858336181816,0.809449187149398,0.788359790367217,0.742371896061351,0.732560017791169,0.713302290476613,0.64200687869696
0.323383440718626,0.444845898455696,0.610130801575497,0.746814033748637,0.827630468762795,0.890591582710883,0.929246115559052,0.95803236205811,0.990196867313473,1,0.97935702489036,0.964318835081483,0.948396707713666,0.944031183778458,0.936483635807942,0.923497921719538,0.915868394323318,0.905340918805177,0.892783205774893,0.88963902804331,0.878980970044921,0.86175258066711,0.856236223115354,0.858445225746735,0.855078208694022,0.838937090064633,0.831292386280582,0.811768604124138,0.774539427456708,0.766823005979361,0.746523623616183,0.671282110674824
0.298905985339237,0.416322985297923,0.576099022438704,0.709585029700678,0.790380066933634,0.856586905415088,0.897930166597787,0.926513373713897,0.956920435265183,0.97935702489036,1,0.990547619837272,0.972295419823022,0.966860703271252,0.958689736781693,0.944783381296619,0.935525593438086,0.923459202975404,0.910752739302417,0.911170490122359,0.9004421728712,0.881558327662706,0.873410079919268,0.874761585565156,0.871688541215242,0.857681870883407,0.851432193640959,0.836087254821763,0.812446617927343,0.80979202498126,0.790945444002773,0.715002192918667
0.271573218774053,0.386158650474826,0.54358991730033,0.677265435788471,0.760035958987119,0.831310770330752,0.878634113058654,0.913533618464633,0.942224477271501,0.964318835081483,0.990547619837272,1,0.994502124676306,0.984838102836862,0.976865989140484,0.963532954988019,0.953476338286211,0.942348882691219,0.930282041627597,0.929714693738652,0.916641551753368,0.895569375046349,0.886722884668267,0.886391883287216,0.881559140385538,0.866363912880552,0.86125259576999,0.847908420228252,0.827460567826411,0.825524760448826,0.806844025283035,0.731604049483659
0.251830703447819,0.364907431454249,0.520029028396286,0.652797848894327,0.735975796853422,0.810363665056688,0.862034541839449,0.902278891781577,0.929204627512229,0.948396707713666,0.972295419823022,0.994502124676306,1,0.992055787144693,0.984696368811487,0.9714787608186,0.961257203492417,0.951257448888126,0.939843136169903,0.938028640361882,0.923430291225288,0.901103864050834,0.891850039532307,0.890069278578881,0.883814373654566,0.86806895625011,0.863751606051029,0.851043458283544,0.830041786237185,0.826990560376019,0.807374798896055,0.731864683204413
0.251171678411524,0.366904193099331,0.520913167012436,0.651277116452891,0.732298884937495,0.80678243986331,0.859480470169194,0.901466167886881,0.926747780291152,0.944031183778458,0.966860703271252,0.984838102836862,0.992055787144693,1,0.993666364043432,0.978617669899819,0.968917385712203,0.959195065593896,0.947948851888606,0.946359422914987,0.932545520913683,0.91053902703253,0.900275013416874,0.897669305717864,0.891363855209367,0.877657127468174,0.873584346697529,0.859587522404971,0.834843092077992,0.828748566939941,0.805987548134537,0.72592515424379
0.246178453375077,0.358759098212145,0.51122718818203,0.64175377339695,0.72462935832706,0.798275718967895,0.850887266314241,0.895038014158488,0.919970307733179,0.936483635807942,0.958689736781693,0.976865989140484,0.984696368811487,0.993666364043432,1,0.995120802988192,0.985022633664058,0.9749700473454,0.9631545093215,0.960501536863739,0.947072626464651,0.925426327652203,0.914808991736722,0.910536097011144,0.901946937337457,0.885254194816195,0.881836432924928,0.86847757989422,0.841848241002297,0.832373447443719,0.807371768007634,0.728501117992654
0.24011011417326,0.34958904881962,0.500150803412759,0.63013167512363,0.713631273883733,0.785949597760545,0.837762225076578,0.882493801474083,0.907366056049896,0.923497921719538,0.944783381296619,0.963532954988019,0.9714787608186,0.978617669899819,0.995120802988192,1,0.993341049814386,0.984122940744812,0.971899153457236,0.967689800603262,0.954676226797475,0.933563759368229,0.922546502679734,0.916881834402075,0.90647740089993,0.887502083496083,0.884327901340324,0.871485934046648,0.844252557094789,0.832360492439694,0.805938600982379,0.72912631625025
0.237840796209556,0.349470262767839,0.500177407490284,0.628896487065057,0.709527297900054,0.781147203486317,0.83208796732801,0.874513948092654,0.899678276067012,0.915868394323318,0.935525593438086,0.953476338286211,0.961257203492417,0.968917385712203,0.985022633664058,0.993341049814386,1,0.994633026947238,0.982500081278531,0.976012207578529,0.963549345082427,0.943026645630944,0.930804476559251,0.924514407932997,0.914179472892624,0.896794301177486,0.892653851722166,0.878715398876733,0.852015490339352,0.83941652604166,0.81210072730168,0.734681596980864
0.228281459552886,0.340739687648586,0.488661353265332,0.614696471250656,0.694668406876384,0.766449012894945,0.818041561696969,0.861356901904647,0.888315101308785,0.905340918805177,0.923459202975404,0.942348882691219,0.951257448888126,0.959195065593896,0.9749700473454,0.984122940744812,0.994633026947238,1,0.996075729134744,0.98779378804521,0.976729369698191,0.957924047330477,0.946483615516884,0.939339805094607,0.927872080525143,0.910091604445204,0.905591999519558,0.891321981726083,0.864606060806613,0.849481106795149,0.819224063442915,0.739112218681647
0.220347209304628,0.332188289446084,0.476921318433777,0.600166212208326,0.679325257653184,0.751225019833126,0.803227814548875,0.846751974402144,0.874859486521055,0.892783205774893,0.910752739302417,0.930282041627597,0.939843136169903,0.947948851888606,0.9631545093215,0.971899153457236,0.982500081278531,0.996075729134744,1,0.993918983840227,0.984564554736646,0.966916500037838,0.956098474841126,0.948400175133326,0.936037707256864,0.917470049640108,0.912928423018023,0.89882406197803,0.87245656476292,0.855562310954159,0.823124090818947,0.740946872078514
0.224218309313506,0.334456012532483,0.478975398209808,0.60176342332769,0.67924436706116,0.751694255464308,0.803270601877326,0.843666944644345,0.870812219784603,0.88963902804331,0.911170490122359,0.929714693738652,0.938028640361882,0.946359422914987,0.960501536863739,0.967689800603262,0.976012207578529,0.98779378804521,0.993918983840227,1,0.992622622348241,0.973778289311901,0.961641556886564,0.954107524513128,0.942004423552754,0.922703980748246,0.918397167118017,0.904952144806848,0.879886638262712,0.863938533550392,0.831901646730639,0.749157044223497
0.224361134161409,0.334211967666111,0.476617060523144,0.596752886006788,0.671826065166166,0.742251198719969,0.79240820132721,0.831912964244657,0.859579825827761,0.878980970044921,0.9004421728712,0.916641551753368,0.923430291225288,0.932545520913683,0.947072626464651,0.954676226797475,0.963549345082427,0.976729369698191,0.984564554736646,0.992622622348241,1,0.993713690185865,0.981168948659312,0.972121910129476,0.958738720933915,0.939861136456202,0.933967295096203,0.918797845624807,0.893190091363659,0.877218331010681,0.845775113074339,0.764903139737186
0.221529783941993,0.331042467258432,0.470530745914029,0.587142454304924,0.659126935161768,0.726150810538271,0.774306333900603,0.813811843244989,0.842228237164375,0.86175258066711,0.881558327662706,0.895569375046349,0.901103864050834,0.91053902703253,0.925426327652203,0.933563759368229,0.943026645630944,0.957924047330477,0.966916500037838,0.973778289311901,0.993713690185865,1,0.991713593736273,0.982320430955707,0.967638398992332,0.948964614263918,0.940827522265909,0.923454003018103,0.897195132354421,0.881338110270259,0.850564567899086,0.771302188858249
0.220116544736744,0.331747924889851,0.471441766361094,0.586867206038505,0.656115758081607,0.719535171011008,0.766016972096044,0.807285400426314,0.836884569855595,0.856236223115354,0.873410079919268,0.886722884668267,0.891850039532307,0.900275013416874,0.914808991736722,0.922546502679734,0.930804476559251,0.946483615516884,0.956098474841126,0.961641556886564,0.981168948659312,0.991713593736273,1,0.99436862973314,0.978862604567987,0.958327862948616,0.946958830694527,0.927044230757435,0.900401165298479,0.885354593006093,0.854485345468444,0.772022866962076
0.21952070736853,0.333018015775082,0.472955954152281,0.588368460494737,0.658329563558271,0.723214671983343,0.769888204136393,0.808890183232933,0.838807344174856,0.858445225746735,0.874761585565156,0.886391883287216,0.890069278578881,0.897669305717864,0.910536097011144,0.916881834402075,0.924514407932997,0.939339805094607,0.948400175133326,0.954107524513128,0.972121910129476,0.982320430955707,0.99436862973314,1,0.994329924214372,0.974241522989912,0.961247931375401,0.939768863080661,0.913292676022561,0.896487234623656,0.863809036965268,0.780484273159033
0.218472813479186,0.332664782373808,0.471270876084536,0.585303882718349,0.655302192862932,0.722441602827912,0.769531643290135,0.804794641717583,0.834748908609717,0.855078208694022,0.871688541215242,0.881559140385538,0.883814373654566,0.891363855209367,0.901946937337457,0.90647740089993,0.914179472892624,0.927872080525143,0.936037707256864,0.942004423552754,0.958738720933915,0.967638398992332,0.978862604567987,0.994329924214372,1,0.987264853561259,0.973921556266493,0.950344929851682,0.92337258663015,0.905107379306535,0.871114956762512,0.787289231448126
0.217933200456436,0.331257133099438,0.465585360316619,0.574526780937948,0.640347520379814,0.708409952677376,0.755460734663739,0.786486296170773,0.816858336181816,0.838937090064633,0.857681870883407,0.866363912880552,0.86806895625011,0.877657127468174,0.885254194816195,0.887502083496083,0.896794301177486,0.910091604445204,0.917470049640108,0.922703980748246,0.939861136456202,0.948964614263918,0.958327862948616,0.974241522989912,0.987264853561259,1,0.988193175433189,0.959545706037086,0.929308999882469,0.912370251811378,0.879436949237092,0.792873864540563
0.205966168229396,0.321704280236343,0.457896809010106,0.569012567512955,0.636780586194327,0.704117882487535,0.750049675743053,0.78017051408037,0.809449187149398,0.831292386280582,0.851432193640959,0.86125259576999,0.863751606051029,0.873584346697529,0.881836432924928,0.884327901340324,0.892653851722166,0.905591999519558,0.912928423018023,0.918397167118017,0.933967295096203,0.940827522265909,0.946958830694527,0.961247931375401,0.973921556266493,0.988193175433189,1,0.990037604478846,0.955022020693934,0.932992758520706,0.895780901944281,0.806318425701299
0.190951050632865,0.305000123779372,0.438547407447806,0.548968819151588,0.619192139405607,0.685418795157617,0.729975330291327,0.759169451540619,0.788359790367217,0.811768604124138,0.836087254821763,0.847908420228252,0.851043458283544,0.859587522404971,0.86847757989422,0.871485934046648,0.878715398876733,0.891321981726083,0.89882406197803,0.904952144806848,0.918797845624807,0.923454003018103,0.927044230757435,0.939768863080661,0.950344929851682,0.959545706037086,0.990037604478846,1,0.975023688314156,0.949898463119904,0.907477410343609,0.816268717172486
0.17887397248541,0.281387396054592,0.399434217540631,0.499327875372946,0.571138779162412,0.638276704760122,0.682615889589993,0.708736496659824,0.742371896061351,0.774539427456708,0.812446617927343,0.827460567826411,0.830041786237185,0.834843092077992,0.841848241002297,0.844252557094789,0.852015490339352,0.864606060806613,0.87245656476292,0.879886638262712,0.893190091363659,0.897195132354421,0.900401165298479,0.913292676022561,0.92337258663015,0.929308999882469,0.955022020693934,0.975023688314156,1,0.980190884889395,0.931763827126342,0.83854251646034
0.176523284618299,0.277431181767533,0.394444886514974,0.493665937897285,0.564805235899977,0.632023149686711,0.675616417080696,0.698985888707012,0.732560017791169,0.766823005979361,0.80979202498126,0.825524760448826,0.826990560376019,0.828748566939941,0.832373447443719,0.832360492439694,0.83941652604166,0.849481106795149,0.855562310954159,0.863938533550392,0.877218331010681,0.881338110270259,0.885354593006093,0.896487234623656,0.905107379306535,0.912370251811378,0.932992758520706,0.949898463119904,0.980190884889395,1,0.98192668913252,0.87747149556051
0.166199821868254,0.266836625200384,0.383434862653377,0.482390179004108,0.552497968738195,0.619321685220703,0.661854064779963,0.682298689476369,0.713302290476613,0.746523623616183,0.790945444002773,0.806844025283035,0.807374798896055,0.805987548134537,0.807371768007634,0.805938600982379,0.81210072730168,0.819224063442915,0.823124090818947,0.831901646730639,0.845775113074339,0.850564567899086,0.854485345468444,0.863809036965268,0.871114956762512,0.879436949237092,0.895780901944281,0.907477410343609,0.931763827126342,0.98192668913252,1,0.926501045747955
0.127501681709311,0.223992127381391,0.331216028411265,0.423815736783263,0.493619695784171,0.559569615581032,0.600538426630544,0.616846450394625,0.64200687869696,0.671282110674824,0.715002192918667,0.731604049483659,0.731864683204413,0.72592515424379,0.728501117992654,0.72912631625025,0.734681596980864,0.739112218681647,0.740946872078514,0.749157044223497,0.764903139737186,0.771302188858249,0.772022866962076,0.780484273159033,0.787289231448126,0.792873864540563,0.806318425701299,0.816268717172486,0.83854251646034,0.87747149556051,0.926501045747955,1
