1,0.844116305091742,0.800897999049087,0.773291635194203,0.757136455647854,0.737290316228513,0.714356860307857,0.694274652056159,0.681597631166114,0.673754112835204,0.66214886533926,0.646521826533713,0.627196724765503,0.60918919624701,0.585449776961659,0.567599283569741,0.55087513972865,0.531730330983778,0.515206247363459,0.503639917723303,0.495115916780726,0.483500488571858,0.467675333339295,0.453628880414664,0.433054895819355,0.408954473377573,0.378602697659983,0.340852743156724,0.289758442111127,0.220619098605009,0.0959541339223651,-0.0378137168156973
0.844116305091742,1,0.962043408045955,0.939635123680285,0.925977802645306,0.9094929292611,0.893902839224162,0.879621500316135,0.869537973472159,0.863138277215355,0.851992714351366,0.839623238914203,0.819656096517019,0.802464140632607,0.782939083238067,0.76579797227145,0.749311341943243,0.731161450880075,0.714822097609349,0.701636070507023,0.6932254965991,0.680489647429038,0.66524461851667,0.64893311932383,0.627172410459282,0.602931321506494,0.570549959543076,0.531773904330559,0.478770952420713,0.405634204882854,0.259067114881552,0.0457971007920708
0.800897999049087,0.962043408045955,1,0.980607751050623,0.967393217249633,0.954140529357813,0.940462526419586,0.928905684463098,0.917888980706396,0.911479224491384,0.902930279013245,0.891876321116151,0.875254821537593,0.861063887430376,0.842938893395523,0.827826116270169,0.813195327734306,0.796789141559438,0.781456594698816,0.768402883710346,0.759641480758658,0.746975073775906,0.73162434124229,0.715489818217618,0.696076705069945,0.674227414402814,0.641588794615389,0.604314143596207,0.54920291362954,0.470347520305874,0.312472827279005,0.0591202950560097
0.773291635194203,0.939635123680285,0.980607751050623,1,0.988643288565302,0.97742912477359,0.966455449969653,0.956130126701078,0.946041253874849,0.941058657160652,0.933641552054769,0.9231501151497,0.908059295356458,0.895435834496236,0.879732630091019,0.865111904297826,0.850935028795431,0.83653201375105,0.822263575462352,0.809727558922752,0.801437348675058,0.789713660986759,0.77550339535706,0.760231996523426,0.741158987808773,0.720139264552634,0.689789166648466,0.651866520481602,0.598677349840342,0.519827883617612,0.354516730232507,0.0825563755285736
0.757136455647854,0.925977802645306,0.967393217249633,0.988643288565302,1,0.990277500142826,0.980662421009605,0.970814208613063,0.961212324662335,0.956289012520071,0.950294504407021,0.94176934551342,0.92805638831097,0.915858337981914,0.901416340720043,0.887980162422469,0.874782845556533,0.861122844567963,0.847498191158749,0.835856194483873,0.827903908082268,0.816254617206536,0.802450110272342,0.788889510359068,0.770090948039472,0.75087853129678,0.721031352582061,0.684691522979612,0.631231073361985,0.554597016879029,0.389788741460488,0.103902605450646
0.737290316228513,0.9094929292611,0.954140529357813,0.97742912477359,0.990277500142826,1,0.992094814298082,0.984812801994265,0.976135109252203,0.970003006875873,0.963557536406941,0.955835167840836,0.94333470725079,0.931904565746066,0.91809031467389,0.905040575943744,0.89240862156361,0.880289705435926,0.867474204248383,0.855696689350037,0.848910283631647,0.83777108973874,0.826045461252868,0.813630915824218,0.795680504923519,0.775972814859957,0.746864018618476,0.711446610164394,0.65720427712864,0.583264565345811,0.412080443002746,0.111859670812528
0.714356860307857,0.893902839224162,0.940462526419586,0.966455449969653,0.980662421009605,0.992094814298082,1,0.994426612017473,0.987385048973493,0.981752721309779,0.97555004619419,0.968501106033946,0.95721326233844,0.946947393042,0.935397625788603,0.923568150383177,0.91124415060944,0.899903198226923,0.88786312556046,0.877358989386358,0.871349454669934,0.861269234329605,0.851011428794048,0.839534800401112,0.822913252415526,0.804449309141029,0.777084196094838,0.742383680727305,0.688799979484891,0.613838104114266,0.441885018094038,0.121432239762306
0.694274652056159,0.879621500316135,0.928905684463098,0.956130126701078,0.970814208613063,0.984812801994265,0.994426612017473,1,0.994447898613694,0.98847894066507,0.9825604854074,0.976688664117972,0.966201794150644,0.956700970712741,0.946068192430388,0.934994986857618,0.923430173961723,0.913142343880729,0.90178985093121,0.891976816902623,0.886548404064057,0.877110996394566,0.868035030999577,0.856652589563192,0.84115726794814,0.823408708241569,0.797464672211718,0.764570918327825,0.712123060334689,0.637997892576889,0.466153488619258,0.140320483720123
0.681597631166114,0.869537973472159,0.917888980706396,0.946041253874849,0.961212324662335,0.976135109252203,0.987385048973493,0.994447898613694,1,0.995426599261635,0.989528724526163,0.984019027392458,0.974783030721353,0.965805865867988,0.954912812038805,0.943936261375584,0.93256473489313,0.922328712443688,0.911111133011847,0.901824065087504,0.89668172684576,0.888708202904833,0.880820341266866,0.869579131598716,0.855018937160389,0.838799658617447,0.813133527116774,0.781422106477252,0.73054919809018,0.658329099043545,0.486893977819925,0.152875472697139
0.673754112835204,0.863138277215355,0.911479224491384,0.941058657160652,0.956289012520071,0.970003006875873,0.981752721309779,0.98847894066507,0.995426599261635,1,0.99536262701633,0.989477265084602,0.980651306905446,0.972027564430735,0.962052193631803,0.950792303437036,0.938910145928906,0.928052530733184,0.917311322540478,0.908402723308051,0.903358007312337,0.895950169930623,0.888512295899538,0.877841600781552,0.864808926156328,0.849550523289246,0.824525069497259,0.793118345678223,0.744087501577961,0.671563739555707,0.502790046360216,0.16254760105211
0.66214886533926,0.851992714351366,0.902930279013245,0.933641552054769,0.950294504407021,0.963557536406941,0.97555004619419,0.9825604854074,0.989528724526163,0.99536262701633,1,0.995844899277495,0.988371981110984,0.980180041038609,0.971147311577151,0.961005137713151,0.94974214288087,0.939411227017762,0.929038189404959,0.920104995661276,0.915165997693919,0.908054561817837,0.900988807317297,0.890907028862622,0.878597144375122,0.864361805739797,0.839526491686005,0.810049371954203,0.763210985858877,0.692059886058608,0.527353342037184,0.181021469648413
0.646521826533713,0.839623238914203,0.891876321116151,0.9231501151497,0.94176934551342,0.955835167840836,0.968501106033946,0.976688664117972,0.984019027392458,0.989477265084602,0.995844899277495,1,0.995067552001282,0.988608217370052,0.980384973913453,0.971064641568911,0.960558678055433,0.95045011129406,0.940865087995483,0.932534829640457,0.927891693995579,0.92112619398433,0.914119305657553,0.904769152594909,0.893080646228714,0.879333038880343,0.856056128713142,0.828195861390632,0.782451716763301,0.713264766711138,0.550927866509055,0.197722457273991
0.627196724765503,0.819656096517019,0.875254821537593,0.908059295356458,0.92805638831097,0.94333470725079,0.95721326233844,0.966201794150644,0.974783030721353,0.980651306905446,0.988371981110984,0.995067552001282,1,0.995917140955633,0.989022872840301,0.980849213337008,0.971324980123757,0.962113288826517,0.953800351461425,0.946011374981071,0.941163902795981,0.935672550256496,0.929354556234598,0.920730039846772,0.909980961438085,0.89710589142516,0.874840935034312,0.848710821853265,0.805809181701206,0.738755148062491,0.57574607382012,0.216792228426658
0.60918919624701,0.802464140632607,0.861063887430376,0.895435834496236,0.915858337981914,0.931904565746066,0.946947393042,0.956700970712741,0.965805865867988,0.972027564430735,0.980180041038609,0.988608217370052,0.995917140955633,1,0.995513565319841,0.988212687496409,0.979694147375291,0.971488884983875,0.964091005541271,0.957171234461923,0.952263718723823,0.947308107431136,0.941432202643861,0.932560176143396,0.922235643774911,0.910600471945915,0.890414139936158,0.865731563724417,0.824901978765956,0.75962791407002,0.598864836854354,0.23633349669502
0.585449776961659,0.782939083238067,0.842938893395523,0.879732630091019,0.901416340720043,0.91809031467389,0.935397625788603,0.946068192430388,0.954912812038805,0.962052193631803,0.971147311577151,0.980384973913453,0.989022872840301,0.995513565319841,1,0.995492183404899,0.988565559130542,0.981345001758514,0.974781593819694,0.96798729685958,0.962781163727741,0.957892977157329,0.952523313311083,0.944531053975911,0.934848734251913,0.924406413393593,0.905231440588983,0.882159026464318,0.843758901069464,0.781324855322305,0.625494434832207,0.25370302114333
0.567599283569741,0.76579797227145,0.827826116270169,0.865111904297826,0.887980162422469,0.905040575943744,0.923568150383177,0.934994986857618,0.943936261375584,0.950792303437036,0.961005137713151,0.971064641568911,0.980849213337008,0.988212687496409,0.995492183404899,1,0.996100270010774,0.990690316164063,0.984733572992643,0.978588994329047,0.973122994895759,0.968152548276046,0.962956981138884,0.95483751313505,0.945765163576402,0.93648765476439,0.918484726617384,0.896710114799945,0.859834830749346,0.798981645686942,0.64665022324519,0.265096958423768
0.55087513972865,0.749311341943243,0.813195327734306,0.850935028795431,0.874782845556533,0.89240862156361,0.91124415060944,0.923430173961723,0.93256473489313,0.938910145928906,0.94974214288087,0.960558678055433,0.971324980123757,0.979694147375291,0.988565559130542,0.996100270010774,1,0.996482819846089,0.991404382242781,0.985978789371902,0.980408270388915,0.975734962601607,0.970731145423353,0.963156474702073,0.954582585308892,0.945789354148092,0.928757436341258,0.907723105917886,0.871664864056664,0.811499680981046,0.658002166628776,0.27914768153074
0.531730330983778,0.731161450880075,0.796789141559438,0.83653201375105,0.861122844567963,0.880289705435926,0.899903198226923,0.913142343880729,0.922328712443688,0.928052530733184,0.939411227017762,0.95045011129406,0.962113288826517,0.971488884983875,0.981345001758514,0.990690316164063,0.996482819846089,1,0.996642706260487,0.992165145865629,0.987201805676273,0.982707733305568,0.977504138954104,0.970162959735133,0.96212723576811,0.953518850519659,0.937729903697921,0.917780007689521,0.883551553932728,0.824522792766739,0.67311353742618,0.295159556684434
0.515206247363459,0.714822097609349,0.781456594698816,0.822263575462352,0.847498191158749,0.867474204248383,0.88786312556046,0.90178985093121,0.911111133011847,0.917311322540478,0.929038189404959,0.940865087995483,0.953800351461425,0.964091005541271,0.974781593819694,0.984733572992643,0.991404382242781,0.996642706260487,1,0.996915694214657,0.99223660092103,0.987977238199172,0.983345911200605,0.976673806349617,0.968791045901326,0.960501730432693,0.945510220788865,0.927262107691896,0.894781539714823,0.837711088682413,0.68817392315133,0.305332530968805
0.503639917723303,0.701636070507023,0.768402883710346,0.809727558922752,0.835856194483873,0.855696689350037,0.877358989386358,0.891976816902623,0.901824065087504,0.908402723308051,0.920104995661276,0.932534829640457,0.946011374981071,0.957171234461923,0.96798729685958,0.978588994329047,0.985978789371902,0.992165145865629,0.996915694214657,1,0.996653172787352,0.992602530380007,0.988303213455222,0.981855813141058,0.974193576988911,0.966429643676196,0.951883698059714,0.934640556711118,0.90389900050544,0.84811389598383,0.700777703453451,0.31319933370456
0.495115916780726,0.6932254965991,0.759641480758658,0.801437348675058,0.827903908082268,0.848910283631647,0.871349454669934,0.886548404064057,0.89668172684576,0.903358007312337,0.915165997693919,0.927891693995579,0.941163902795981,0.952263718723823,0.962781163727741,0.973122994895759,0.980408270388915,0.987201805676273,0.99223660092103,0.996653172787352,1,0.996881479286353,0.992908350759256,0.987082338724037,0.979808801090503,0.972123706981809,0.958263741779762,0.942110584963635,0.91246323081175,0.857166276092616,0.712025056092286,0.322290247542931
0.483500488571858,0.680489647429038,0.746975073775906,0.789713660986759,0.816254617206536,0.83777108973874,0.861269234329605,0.877110996394566,0.888708202904833,0.895950169930623,0.908054561817837,0.92112619398433,0.935672550256496,0.947308107431136,0.957892977157329,0.968152548276046,0.975734962601607,0.982707733305568,0.987977238199172,0.992602530380007,0.996881479286353,1,0.996514117721289,0.991727578250935,0.985471685455841,0.978261694618686,0.965440373832214,0.950032008099854,0.921009234687445,0.867007760041518,0.719673885724475,0.335825668136041
0.467675333339295,0.66524461851667,0.73162434124229,0.77550339535706,0.802450110272342,0.826045461252868,0.851011428794048,0.868035030999577,0.880820341266866,0.888512295899538,0.900988807317297,0.914119305657553,0.929354556234598,0.941432202643861,0.952523313311083,0.962956981138884,0.970731145423353,0.977504138954104,0.983345911200605,0.988303213455222,0.992908350759256,0.996514117721289,1,0.996237836053643,0.990953405089278,0.983647549177874,0.971659772431013,0.956934220305127,0.929909104111306,0.877903725973218,0.732233252086277,0.344160558873287
0.453628880414664,0.64893311932383,0.715489818217618,0.760231996523426,0.788889510359068,0.813630915824218,0.839534800401112,0.856652589563192,0.869579131598716,0.877841600781552,0.890907028862622,0.904769152594909,0.920730039846772,0.932560176143396,0.944531053975911,0.95483751313505,0.963156474702073,0.970162959735133,0.976673806349617,0.981855813141058,0.987082338724037,0.991727578250935,0.996237836053643,1,0.995264787023248,0.988714149397325,0.978200673000371,0.963208995872743,0.936394459779578,0.88692109891329,0.743116470204325,0.360101424670408
0.433054895819355,0.627172410459282,0.696076705069945,0.741158987808773,0.770090948039472,0.795680504923519,0.822913252415526,0.84115726794814,0.855018937160389,0.864808926156328,0.878597144375122,0.893080646228714,0.909980961438085,0.922235643774911,0.934848734251913,0.945765163576402,0.954582585308892,0.96212723576811,0.968791045901326,0.974193576988911,0.979808801090503,0.985471685455841,0.990953405089278,0.995264787023248,1,0.994964893196246,0.986164372508853,0.973204755835253,0.948417957958943,0.90137006976949,0.75982038942697,0.370501667841834
0.408954473377573,0.602931321506494,0.674227414402814,0.720139264552634,0.75087853129678,0.775972814859957,0.804449309141029,0.823408708241569,0.838799658617447,0.849550523289246,0.864361805739797,0.879333038880343,0.89710589142516,0.910600471945915,0.924406413393593,0.93648765476439,0.945789354148092,0.953518850519659,0.960501730432693,0.966429643676196,0.972123706981809,0.978261694618686,0.983647549177874,0.988714149397325,0.994964893196246,1,0.993084165968286,0.982586466961988,0.960240756778261,0.915352196839231,0.7785438873299,0.382913637226611
0.378602697659983,0.570549959543076,0.641588794615389,0.689789166648466,0.721031352582061,0.746864018618476,0.777084196094838,0.797464672211718,0.813133527116774,0.824525069497259,0.839526491686005,0.856056128713142,0.874840935034312,0.890414139936158,0.905231440588983,0.918484726617384,0.928757436341258,0.937729903697921,0.945510220788865,0.951883698059714,0.958263741779762,0.965440373832214,0.971659772431013,0.978200673000371,0.986164372508853,0.993084165968286,1,0.991778028351089,0.971938590210312,0.931250335487726,0.799055691029416,0.40641146036222
0.340852743156724,0.531773904330559,0.604314143596207,0.651866520481602,0.684691522979612,0.711446610164394,0.742383680727305,0.764570918327825,0.781422106477252,0.793118345678223,0.810049371954203,0.828195861390632,0.848710821853265,0.865731563724417,0.882159026464318,0.896710114799945,0.907723105917886,0.917780007689521,0.927262107691896,0.934640556711118,0.942110584963635,0.950032008099854,0.956934220305127,0.963208995872743,0.973204755835253,0.982586466961988,0.991778028351089,1,0.985725194444305,0.950697341318229,0.832238332189266,0.436582932820777
0.289758442111127,0.478770952420713,0.54920291362954,0.598677349840342,0.631231073361985,0.65720427712864,0.688799979484891,0.712123060334689,0.73054919809018,0.744087501577961,0.763210985858877,0.782451716763301,0.805809181701206,0.824901978765956,0.843758901069464,0.859834830749346,0.871664864056664,0.883551553932728,0.894781539714823,0.90389900050544,0.91246323081175,0.921009234687445,0.929909104111306,0.936394459779578,0.948417957958943,0.960240756778261,0.971938590210312,0.985725194444305,1,0.975697820524927,0.873489138019867,0.462236921548079
0.220619098605009,0.405634204882854,0.470347520305874,0.519827883617612,0.554597016879029,0.583264565345811,0.613838104114266,0.637997892576889,0.658329099043545,0.671563739555707,0.692059886058608,0.713264766711138,0.738755148062491,0.75962791407002,0.781324855322305,0.798981645686942,0.811499680981046,0.824522792766739,0.837711088682413,0.84811389598383,0.857166276092616,0.867007760041518,0.877903725973218,0.88692109891329,0.90137006976949,0.915352196839231,0.931250335487726,0.950697341318229,0.975697820524927,1,0.920041811452945,0.494543065604032
0.0959541339223651,0.259067114881552,0.312472827279005,0.354516730232507,0.389788741460488,0.412080443002746,0.441885018094038,0.466153488619258,0.486893977819925,0.502790046360216,0.527353342037184,0.550927866509055,0.57574607382012,0.598864836854354,0.625494434832207,0.64665022324519,0.658002166628776,0.67311353742618,0.68817392315133,0.700777703453451,0.712025056092286,0.719673885724475,0.732233252086277,0.743116470204325,0.75982038942697,0.7785438873299,0.799055691029416,0.832238332189266,0.873489138019867,0.920041811452945,1,0.51196754007552
-0.0378137168156973,0.0457971007920708,0.0591202950560097,0.0825563755285736,0.103902605450646,0.111859670812528,0.121432239762306,0.140320483720123,0.152875472697139,0.16254760105211,0.181021469648413,0.197722457273991,0.216792228426658,0.23633349669502,0.25370302114333,0.265096958423768,0.27914768153074,0.295159556684434,0.305332530968805,0.31319933370456,0.322290247542931,0.335825668136041,0.344160558873287,0.360101424670408,0.370501667841834,0.382913637226611,0.40641146036222,0.436582932820777,0.462236921548079,0.494543065604032,0.51196754007552,1
