1,0.732952245332963,0.603843671355602,0.556096870211446,0.530261802852528,0.518230832208776,0.500552399632284,0.492044226059336,0.485196863255386,0.484213605379791,0.473187484151477,0.455601545795304,0.443980149765251,0.430060720438381,0.421730899827022,0.415802745684347,0.405366171812414,0.391086650869757,0.371684829343668,0.364370534723559,0.360461498291566,0.361323239535833,0.347859506106519,0.335459507751221,0.323462557925893,0.300456386056235,0.296989007296468,0.269266670475991,0.216313588319745,0.116409770359606,0.0812578445930471,0.0264034889622178
0.732952245332963,1,0.914814003117799,0.853523198047503,0.81939223307254,0.796543655189038,0.778287173160081,0.762133819865935,0.750457313933216,0.744393522612493,0.730491511227453,0.717047691610192,0.699439140266217,0.68185965075405,0.671339315695745,0.667777984882902,0.656515395429116,0.639266522765302,0.623157841382756,0.612825653591313,0.600235816938854,0.596804473773287,0.58170727726872,0.564633785528611,0.556867824760393,0.539565598376714,0.529618407844967,0.498741574364632,0.413230610003396,0.226459070439032,0.158561374611712,0.0198148010052327
0.603843671355602,0.914814003117799,1,0.948620983655696,0.908813411935917,0.884244755746532,0.862805489690867,0.845492300250828,0.830797332640407,0.824581239193126,0.810900026264399,0.800113740900839,0.780700783706336,0.761447337880034,0.744738288034627,0.74021195553847,0.729433092383937,0.712457445975535,0.694999208366073,0.684804074701398,0.670629514412976,0.66469579286147,0.649135784277665,0.632019605972662,0.623737642380027,0.604405749855619,0.592301741162374,0.555414161502315,0.461129959579623,0.26239818177655,0.21124159623258,0.0621228271252859
0.556096870211446,0.853523198047503,0.948620983655696,1,0.969833415586499,0.938596723077745,0.909504488578666,0.893541480218744,0.877698661871743,0.868521242130593,0.854318501411063,0.840843564720409,0.821274646027763,0.802521427652533,0.784216931031308,0.778328141506643,0.767463497110796,0.75456302321581,0.736282291436925,0.721889620467758,0.706908464041994,0.699801903547705,0.684256518789621,0.667845416752559,0.658952388961254,0.63694100951735,0.62098562015788,0.579954222656995,0.483651399498147,0.276962746429169,0.220853345134399,0.0744616984577466
0.530261802852528,0.81939223307254,0.908813411935917,0.969833415586499,1,0.977367195345028,0.945075502807198,0.929894817785385,0.912245333188345,0.90143223896007,0.886972524396483,0.871100740158472,0.85060598824884,0.830453446335827,0.809571388817378,0.802373046914933,0.793642154008786,0.779726431317689,0.761747588092474,0.7474815525048,0.73397795161518,0.72532125202828,0.710642681729492,0.696975391262371,0.689133286096248,0.66594682760779,0.647906895939125,0.603639920423762,0.505387039343875,0.302275329130658,0.227691767137224,0.0720150542474356
0.518230832208776,0.796543655189038,0.884244755746532,0.938596723077745,0.977367195345028,1,0.977355876197775,0.96295852106276,0.944266760620239,0.930118484579669,0.914343726656856,0.89915486779343,0.878341745411126,0.858413980976604,0.837862729687356,0.830612227320009,0.822885113639972,0.808654158241233,0.790862100247551,0.777429509683025,0.765784380696834,0.756907960828056,0.742373956796083,0.730440156054313,0.72350653020343,0.697249708136958,0.675605587205352,0.634591398185382,0.532281957196048,0.310646031864506,0.229438739671217,0.0750842392363043
0.500552399632284,0.778287173160081,0.862805489690867,0.909504488578666,0.945075502807198,0.977355876197775,1,0.983368596854964,0.964021339615654,0.948238775527018,0.932325552662672,0.916768114544958,0.896787913572888,0.877062988469263,0.858010688187821,0.853074918745171,0.845540320097326,0.831898298328773,0.815216624125601,0.803091562896701,0.792839414097334,0.782505672485719,0.770059216974001,0.758110032352761,0.752851200496465,0.727160985328489,0.705810422526774,0.665944552302673,0.566845813186428,0.343536637515015,0.253886509709042,0.100264751514084
0.492044226059336,0.762133819865935,0.845492300250828,0.893541480218744,0.929894817785385,0.96295852106276,0.983368596854964,1,0.987350981813014,0.969918972953003,0.952592600300967,0.937061630913869,0.916743884520035,0.89583062842887,0.876734434304376,0.86993808790591,0.860996511427796,0.846562903439666,0.828838044121633,0.816847332227199,0.806009964856427,0.796034277567608,0.782176434617399,0.770167674435319,0.765349447295275,0.740071927947019,0.720278199762318,0.677643571689944,0.57662555185399,0.352658860562116,0.260807322212356,0.0922269694262682
0.485196863255386,0.750457313933216,0.830797332640407,0.877698661871743,0.912245333188345,0.944266760620239,0.964021339615654,0.987350981813014,1,0.988788148849687,0.970879304018481,0.954745754654975,0.934710778393101,0.914119779289455,0.895466468506724,0.887437024639942,0.876636694285874,0.860044502815692,0.841427549421241,0.830992748937093,0.820260494518779,0.809970291853047,0.795182075462924,0.783106786001329,0.777895709223683,0.753762032061849,0.734860756930538,0.691769990900744,0.59128119294915,0.366047037728594,0.280296129965149,0.101703849017973
0.484213605379791,0.744393522612493,0.824581239193126,0.868521242130593,0.90143223896007,0.930118484579669,0.948238775527018,0.969918972953003,0.988788148849687,1,0.986296383080202,0.972091190634173,0.952115768000755,0.930391441371011,0.910511923912255,0.901674951773025,0.88989208340519,0.872872060594066,0.855772897317051,0.847242679254633,0.8369964133308,0.828197640208145,0.815132037874719,0.804002129154276,0.797859009095866,0.773658754352077,0.755337489732533,0.71338158850583,0.616569551695398,0.384283937055381,0.299980611687014,0.11103101323035
0.473187484151477,0.730491511227453,0.810900026264399,0.854318501411063,0.886972524396483,0.914343726656856,0.932325552662672,0.952592600300967,0.970879304018481,0.986296383080202,1,0.987706460871329,0.968226870954075,0.947020745020873,0.926957786627632,0.917432502287625,0.90617138426119,0.889282368451157,0.872980732851737,0.864047095110553,0.852821568420782,0.844603923902058,0.832133347739097,0.821508379017401,0.814303732988604,0.787146671668795,0.767980182349482,0.726472825521727,0.627451605673575,0.391035737304203,0.306105459475756,0.111565516887409
0.455601545795304,0.717047691610192,0.800113740900839,0.840843564720409,0.871100740158472,0.89915486779343,0.916768114544958,0.937061630913869,0.954745754654975,0.972091190634173,0.987706460871329,1,0.988377740366453,0.968792203067322,0.948746671978723,0.936954469099884,0.92465717635186,0.909161628262629,0.894011997518474,0.884966154916026,0.873814318406556,0.865799181848517,0.853771628169702,0.845452762801639,0.839193186319292,0.813373681253959,0.793317793669897,0.75125177921638,0.648565170799227,0.404782275242296,0.327582366839674,0.126685941297551
0.443980149765251,0.699439140266217,0.780700783706336,0.821274646027763,0.85060598824884,0.878341745411126,0.896787913572888,0.916743884520035,0.934710778393101,0.952115768000755,0.968226870954075,0.988377740366453,1,0.989944070887482,0.971597755374716,0.959580090274675,0.945499000176731,0.929848627876236,0.915033399963554,0.906114140411994,0.893916681846301,0.884849035021075,0.873770674640621,0.866027535095645,0.858223662689132,0.831352639820445,0.811347023158388,0.769985620099771,0.662154159168365,0.414462555435392,0.340950095003703,0.138002568560869
0.430060720438381,0.68185965075405,0.761447337880034,0.802521427652533,0.830453446335827,0.858413980976604,0.877062988469263,0.89583062842887,0.914119779289455,0.930391441371011,0.947020745020873,0.968792203067322,0.989944070887482,1,0.987185731780407,0.974737948659202,0.959894466275985,0.943645659478364,0.928918919523966,0.919481811220874,0.906665472802026,0.896675952981371,0.884980955539061,0.876201912252649,0.867628237717974,0.840509979514546,0.821037203147883,0.780928881164523,0.671454027312154,0.421454239575293,0.358365265510948,0.151358652527959
0.421730899827022,0.671339315695745,0.744738288034627,0.784216931031308,0.809571388817378,0.837862729687356,0.858010688187821,0.876734434304376,0.895466468506724,0.910511923912255,0.926957786627632,0.948746671978723,0.971597755374716,0.987185731780407,1,0.990352894274564,0.977463692869729,0.962679921162252,0.948391863229562,0.937371050546633,0.923679797352394,0.912815738464893,0.901052093321634,0.89230692213509,0.883489246369939,0.856888625914181,0.839111356628668,0.798056984165447,0.685738395265432,0.429823210349942,0.380609620271128,0.16423175084097
0.415802745684347,0.667777984882902,0.74021195553847,0.778328141506643,0.802373046914933,0.830612227320009,0.853074918745171,0.86993808790591,0.887437024639942,0.901674951773025,0.917432502287625,0.936954469099884,0.959580090274675,0.974737948659202,0.990352894274564,1,0.993011466155033,0.979161945339798,0.964891132674666,0.952653965052412,0.938432379611464,0.926254244991733,0.914926026017746,0.905473273910627,0.895568685407048,0.868517315093895,0.849711893345033,0.808372438775025,0.697828154876192,0.446323813172415,0.389937012269349,0.172531459199275
0.405366171812414,0.656515395429116,0.729433092383937,0.767463497110796,0.793642154008786,0.822885113639972,0.845540320097326,0.860996511427796,0.876636694285874,0.88989208340519,0.90617138426119,0.92465717635186,0.945499000176731,0.959894466275985,0.977463692869729,0.993011466155033,1,0.989726597969896,0.976155174136859,0.962339331657886,0.947297235053826,0.934177844615304,0.923459741156675,0.913973063765916,0.903852847979768,0.876800308803507,0.857840924109647,0.81347253994746,0.700169380575797,0.449121832745275,0.390271729367873,0.174785734129788
0.391086650869757,0.639266522765302,0.712457445975535,0.75456302321581,0.779726431317689,0.808654158241233,0.831898298328773,0.846562903439666,0.860044502815692,0.872872060594066,0.889282368451157,0.909161628262629,0.929848627876236,0.943645659478364,0.962679921162252,0.979161945339798,0.989726597969896,1,0.988966553611552,0.975243951739392,0.960884930186621,0.945772972946371,0.934427898667411,0.925302705534957,0.914623942168634,0.887180201489097,0.865851495097577,0.82044841030275,0.703219880064225,0.450580657834899,0.414851643497794,0.195478756690687
0.371684829343668,0.623157841382756,0.694999208366073,0.736282291436925,0.761747588092474,0.790862100247551,0.815216624125601,0.828838044121633,0.841427549421241,0.855772897317051,0.872980732851737,0.894011997518474,0.915033399963554,0.928918919523966,0.948391863229562,0.964891132674666,0.976155174136859,0.988966553611552,1,0.990537111988644,0.976362355411025,0.960852996842832,0.949572081112005,0.93735768605766,0.926549666734176,0.899244469211542,0.878158037649968,0.830727666907434,0.715220664766159,0.457970299337734,0.427139704677632,0.211963588833991
0.364370534723559,0.612825653591313,0.684804074701398,0.721889620467758,0.7474815525048,0.777429509683025,0.803091562896701,0.816847332227199,0.830992748937093,0.847242679254633,0.864047095110553,0.884966154916026,0.906114140411994,0.919481811220874,0.937371050546633,0.952653965052412,0.962339331657886,0.975243951739392,0.990537111988644,1,0.991145003830402,0.975194292349396,0.962820590822355,0.949545990251951,0.938830795936839,0.912831586933669,0.890808064107474,0.842366338357714,0.733035150963009,0.469820615254547,0.436436560386283,0.220829183818356
0.360461498291566,0.600235816938854,0.670629514412976,0.706908464041994,0.73397795161518,0.765784380696834,0.792839414097334,0.806009964856427,0.820260494518779,0.8369964133308,0.852821568420782,0.873814318406556,0.893916681846301,0.906665472802026,0.923679797352394,0.938432379611464,0.947297235053826,0.960884930186621,0.976362355411025,0.991145003830402,1,0.988435759788404,0.975506377399658,0.961767295190725,0.949987055779594,0.926704139428552,0.902415562984467,0.851002085018304,0.745730929869824,0.487578605759162,0.454054781173986,0.23534709913769
0.361323239535833,0.596804473773287,0.66469579286147,0.699801903547705,0.72532125202828,0.756907960828056,0.782505672485719,0.796034277567608,0.809970291853047,0.828197640208145,0.844603923902058,0.865799181848517,0.884849035021075,0.896675952981371,0.912815738464893,0.926254244991733,0.934177844615304,0.945772972946371,0.960852996842832,0.975194292349396,0.988435759788404,1,0.987777486975979,0.972353435953763,0.959714358371328,0.93521196502608,0.912514515597908,0.862380596102052,0.754906421796664,0.489519325340314,0.45314540127182,0.238191376749824
0.347859506106519,0.58170727726872,0.649135784277665,0.684256518789621,0.710642681729492,0.742373956796083,0.770059216974001,0.782176434617399,0.795182075462924,0.815132037874719,0.832133347739097,0.853771628169702,0.873770674640621,0.884980955539061,0.901052093321634,0.914926026017746,0.923459741156675,0.934427898667411,0.949572081112005,0.962820590822355,0.975506377399658,0.987777486975979,1,0.988514347016014,0.974613678455316,0.949630977332945,0.927069171594579,0.875701580081133,0.767876842741995,0.502440652379882,0.46596604940814,0.255006930928702
0.335459507751221,0.564633785528611,0.632019605972662,0.667845416752559,0.696975391262371,0.730440156054313,0.758110032352761,0.770167674435319,0.783106786001329,0.804002129154276,0.821508379017401,0.845452762801639,0.866027535095645,0.876201912252649,0.89230692213509,0.905473273910627,0.913973063765916,0.925302705534957,0.93735768605766,0.949545990251951,0.961767295190725,0.972353435953763,0.988514347016014,1,0.990536959905815,0.96831577784471,0.942755665514414,0.890493110644903,0.782349917211548,0.513945173366726,0.48089473672261,0.263492504108358
0.323462557925893,0.556867824760393,0.623737642380027,0.658952388961254,0.689133286096248,0.72350653020343,0.752851200496465,0.765349447295275,0.777895709223683,0.797859009095866,0.814303732988604,0.839193186319292,0.858223662689132,0.867628237717974,0.883489246369939,0.895568685407048,0.903852847979768,0.914623942168634,0.926549666734176,0.938830795936839,0.949987055779594,0.959714358371328,0.974613678455316,0.990536959905815,1,0.982672274102316,0.9561432942841,0.903020045537212,0.794569146354373,0.520118651287118,0.480711942583963,0.267206016026116
0.300456386056235,0.539565598376714,0.604405749855619,0.63694100951735,0.66594682760779,0.697249708136958,0.727160985328489,0.740071927947019,0.753762032061849,0.773658754352077,0.787146671668795,0.813373681253959,0.831352639820445,0.840509979514546,0.856888625914181,0.868517315093895,0.876800308803507,0.887180201489097,0.899244469211542,0.912831586933669,0.926704139428552,0.93521196502608,0.949630977332945,0.96831577784471,0.982672274102316,1,0.977633708051466,0.926871074708693,0.828625566671325,0.559403698134277,0.510160823421174,0.274632998174794
0.296989007296468,0.529618407844967,0.592301741162374,0.62098562015788,0.647906895939125,0.675605587205352,0.705810422526774,0.720278199762318,0.734860756930538,0.755337489732533,0.767980182349482,0.793317793669897,0.811347023158388,0.821037203147883,0.839111356628668,0.849711893345033,0.857840924109647,0.865851495097577,0.878158037649968,0.890808064107474,0.902415562984467,0.912514515597908,0.927069171594579,0.942755665514414,0.9561432942841,0.977633708051466,1,0.969022757546727,0.873687036721114,0.585597324462862,0.525134100295953,0.272161790953431
0.269266670475991,0.498741574364632,0.555414161502315,0.579954222656995,0.603639920423762,0.634591398185382,0.665944552302673,0.677643571689944,0.691769990900744,0.71338158850583,0.726472825521727,0.75125177921638,0.769985620099771,0.780928881164523,0.798056984165447,0.808372438775025,0.81347253994746,0.82044841030275,0.830727666907434,0.842366338357714,0.851002085018304,0.862380596102052,0.875701580081133,0.890493110644903,0.903020045537212,0.926871074708693,0.969022757546727,1,0.915071569431645,0.606289619771429,0.537768869245311,0.266973804163949
0.216313588319745,0.413230610003396,0.461129959579623,0.483651399498147,0.505387039343875,0.532281957196048,0.566845813186428,0.57662555185399,0.59128119294915,0.616569551695398,0.627451605673575,0.648565170799227,0.662154159168365,0.671454027312154,0.685738395265432,0.697828154876192,0.700169380575797,0.703219880064225,0.715220664766159,0.733035150963009,0.745730929869824,0.754906421796664,0.767876842741995,0.782349917211548,0.794569146354373,0.828625566671325,0.873687036721114,0.915071569431645,1,0.780634601930289,0.628595520806831,0.277144194280812
0.116409770359606,0.226459070439032,0.26239818177655,0.276962746429169,0.302275329130658,0.310646031864506,0.343536637515015,0.352658860562116,0.366047037728594,0.384283937055381,0.391035737304203,0.404782275242296,0.414462555435392,0.421454239575293,0.429823210349942,0.446323813172415,0.449121832745275,0.450580657834899,0.457970299337734,0.469820615254547,0.487578605759162,0.489519325340314,0.502440652379882,0.513945173366726,0.520118651287118,0.559403698134277,0.585597324462862,0.606289619771429,0.780634601930289,1,0.768228500702479,0.28903718657241
0.0812578445930471,0.158561374611712,0.21124159623258,0.220853345134399,0.227691767137224,0.229438739671217,0.253886509709042,0.260807322212356,0.280296129965149,0.299980611687014,0.306105459475756,0.327582366839674,0.340950095003703,0.358365265510948,0.380609620271128,0.389937012269349,0.390271729367873,0.414851643497794,0.427139704677632,0.436436560386283,0.454054781173986,0.45314540127182,0.46596604940814,0.48089473672261,0.480711942583963,0.510160823421174,0.525134100295953,0.537768869245311,0.628595520806831,0.768228500702479,1,0.412960658784984
0.0264034889622178,0.0198148010052327,0.0621228271252859,0.0744616984577466,0.0720150542474356,0.0750842392363043,0.100264751514084,0.0922269694262682,0.101703849017973,0.11103101323035,0.111565516887409,0.126685941297551,0.138002568560869,0.151358652527959,0.16423175084097,0.172531459199275,0.174785734129788,0.195478756690687,0.211963588833991,0.220829183818356,0.23534709913769,0.238191376749824,0.255006930928702,0.263492504108358,0.267206016026116,0.274632998174794,0.272161790953431,0.266973804163949,0.277144194280812,0.28903718657241,0.412960658784984,1
