1,0.786034842844365,0.730850372834187,0.706723416198747,0.689368240743182,0.680717716678908,0.668043066712195,0.657522731704473,0.649038611029789,0.63687429154232,0.627258618875183,0.621303062378316,0.614907156825179,0.611202799028244,0.61012539245113,0.603078526874479,0.601730365056986,0.596550094901353,0.590723232675324,0.586252509395802,0.581954607000661,0.579256697056812,0.574560057523181,0.571759953077444,0.56805248254475,0.559994779283029,0.558020198324838,0.55036220161827,0.520360973689798,0.488502939424829,0.415878612422955,0.0916908539731049
0.786034842844365,1,0.952185964969518,0.929702120469018,0.914460686098676,0.901533459584491,0.894231083264476,0.882328925016145,0.874763391419312,0.866225978413441,0.858805716352992,0.850683278705021,0.842693988641692,0.838682518696312,0.836378507545519,0.83337988931506,0.832739388379987,0.829236348497074,0.825600491647576,0.822095856779656,0.818915839351825,0.814385328713364,0.806237786225577,0.802164265234843,0.793708588349551,0.78446245584992,0.777894002525188,0.765877547755157,0.732694226349137,0.697277698822824,0.580407246659899,0.187263913585731
0.730850372834187,0.952185964969518,1,0.977472635331193,0.960089329352223,0.949059074064461,0.940606148298166,0.928367793127332,0.920689950955095,0.913474593729907,0.906184451803276,0.89845121125761,0.891870428103346,0.888277854895666,0.886333904660649,0.884455647063919,0.882638757230014,0.879300294588007,0.875851051211622,0.87269725342382,0.87111114771049,0.866905369911821,0.858301466840161,0.853504673078286,0.846806923356109,0.839464270985079,0.830944634075839,0.818906529160865,0.789074011922594,0.748116986415713,0.62476886923079,0.210028017668369
0.706723416198747,0.929702120469018,0.977472635331193,1,0.984813460842636,0.972096265372969,0.961295955097027,0.949897775443821,0.939537515695632,0.930831510033927,0.92285175340358,0.915270347236269,0.908964679753749,0.904438294267654,0.902650548723348,0.900531787883994,0.899220771059858,0.895920390017702,0.893611000617972,0.890795734693884,0.889144319094669,0.885320888621663,0.877687554179219,0.872499927257749,0.866197005394481,0.859081922911945,0.851048194352831,0.836936366933151,0.809149548162474,0.765671649365342,0.640825240612965,0.222219261729321
0.689368240743182,0.914460686098676,0.960089329352223,0.984813460842636,1,0.987693951423827,0.976234000332817,0.964945656692451,0.953970599580221,0.944365050700014,0.936148539467248,0.927875193833178,0.922365403119839,0.917420190325905,0.913907932751923,0.911497973079484,0.910292508996894,0.907427687910741,0.906311625420754,0.904952953616414,0.903834224267008,0.899912154135446,0.89280591522631,0.888535811197728,0.882082651099884,0.874282650001008,0.866320328745513,0.852996253903524,0.825820830832326,0.7841565703769,0.656064606151206,0.225013525889521
0.680717716678908,0.901533459584491,0.949059074064461,0.972096265372969,0.987693951423827,1,0.990542238265976,0.979086664498036,0.96757176543668,0.956956561794769,0.948540675650187,0.939658296095041,0.933141882146431,0.928386782765763,0.925665053444963,0.923012198955022,0.922645377427252,0.920092231972471,0.919047858405111,0.918225112292086,0.918009307633539,0.913780686921142,0.907062194762477,0.903222680733003,0.896112876402172,0.888428177126349,0.880770576676973,0.869067608004813,0.843294414438348,0.803093900371568,0.677960285771729,0.235717716185001
0.668043066712195,0.894231083264476,0.940606148298166,0.961295955097027,0.976234000332817,0.990542238265976,1,0.990830544907713,0.978463414966902,0.967508316194231,0.958534869640581,0.949607264829938,0.94225740019503,0.937858426553401,0.935262613616808,0.932410294148225,0.932126445800662,0.929446091597047,0.92831074434071,0.927907715880188,0.927445272816474,0.923888244036395,0.917211205235345,0.912986080788863,0.906208476408927,0.898999184457352,0.892444574678986,0.882277446961419,0.856540879310734,0.815693008755954,0.687722346891951,0.23955827688142
0.657522731704473,0.882328925016145,0.928367793127332,0.949897775443821,0.964945656692451,0.979086664498036,0.990830544907713,1,0.991783698019207,0.981619547007189,0.971874892150039,0.96167904268381,0.95339023917691,0.948996011188059,0.945850142105709,0.942626539415249,0.942468373543241,0.939860672969681,0.938102445803798,0.938044183506304,0.937368457581815,0.933705727303246,0.927279565252092,0.923763812747594,0.918276694223229,0.912640040464735,0.907154996068079,0.897483682243873,0.872363030688439,0.831532251327869,0.703604787491238,0.242737999043012
0.649038611029789,0.874763391419312,0.920689950955095,0.939537515695632,0.953970599580221,0.96757176543668,0.978463414966902,0.991783698019207,1,0.993023847538507,0.983267566115084,0.972381941573473,0.963027386207406,0.957831236245925,0.9539851751566,0.950322141640514,0.950182527998399,0.947568624201195,0.946053135445222,0.945965989482295,0.945077284947739,0.94165842631336,0.935719244482335,0.932164049771725,0.927200459289097,0.922691931967261,0.917060981700189,0.907874177863644,0.884165920067056,0.844378224944621,0.713941640777811,0.247148775390133
0.63687429154232,0.866225978413441,0.913474593729907,0.930831510033927,0.944365050700014,0.956956561794769,0.967508316194231,0.981619547007189,0.993023847538507,1,0.993596294010145,0.984492261027572,0.975477426849003,0.969330224597193,0.96470232852512,0.961293421702255,0.960117784172103,0.957500466974519,0.956046640841688,0.955229168448017,0.953384598332247,0.950524112749333,0.944787641224385,0.941009642206645,0.935633680079638,0.931153500266564,0.924890663861088,0.915064967636056,0.893033417362458,0.854498059895849,0.719761593145234,0.258289135819591
0.627258618875183,0.858805716352992,0.906184451803276,0.92285175340358,0.936148539467248,0.948540675650187,0.958534869640581,0.971874892150039,0.983267566115084,0.993596294010145,1,0.994280090718896,0.986258607003738,0.97918131396328,0.973385863623262,0.969509667709927,0.967929247757804,0.965192025795209,0.963975828734075,0.963207749119479,0.960944793224848,0.957769168450221,0.952701617998686,0.948751101541976,0.943785458701025,0.939410827413413,0.932928350075298,0.923414123141802,0.90304126097982,0.864996417528418,0.730174291773329,0.269671739515297
0.621303062378316,0.850683278705021,0.89845121125761,0.915270347236269,0.927875193833178,0.939658296095041,0.949607264829938,0.96167904268381,0.972381941573473,0.984492261027572,0.994280090718896,1,0.994909928948021,0.988289540220743,0.982204067725873,0.97775494440014,0.975633695882766,0.97274845169784,0.97146139174153,0.970548376886429,0.968586891170801,0.965520073520385,0.960796531652176,0.956747507098964,0.951450355996109,0.947153100337599,0.93977530512046,0.930255712823663,0.911613497951755,0.873585261380604,0.738380496061929,0.280526512113836
0.614907156825179,0.842693988641692,0.891870428103346,0.908964679753749,0.922365403119839,0.933141882146431,0.94225740019503,0.95339023917691,0.963027386207406,0.975477426849003,0.986258607003738,0.994909928948021,1,0.995607228241888,0.98977148218367,0.984575794557987,0.981665315004425,0.978544661477489,0.976754441475862,0.975260938468105,0.973556126844747,0.970615648984624,0.96618676354993,0.96188795928031,0.956946047972259,0.95252140274591,0.944776894507822,0.935508876081498,0.918098282044219,0.881026617153784,0.747856632310556,0.289777400822231
0.611202799028244,0.838682518696312,0.888277854895666,0.904438294267654,0.917420190325905,0.928386782765763,0.937858426553401,0.948996011188059,0.957831236245925,0.969330224597193,0.97918131396328,0.988289540220743,0.995607228241888,1,0.995666470725787,0.990480957784188,0.98659643589602,0.983305084831618,0.980688414951365,0.978275812365825,0.976604631755605,0.973755892452965,0.969098236020836,0.965297418119592,0.960254853420928,0.95592047144223,0.948558397065786,0.939865118563892,0.923963698332154,0.886469652566935,0.754575387963583,0.294449789168477
0.61012539245113,0.836378507545519,0.886333904660649,0.902650548723348,0.913907932751923,0.925665053444963,0.935262613616808,0.945850142105709,0.9539851751566,0.96470232852512,0.973385863623262,0.982204067725873,0.98977148218367,0.995666470725787,1,0.996350491216423,0.992405410773746,0.988763203962464,0.985490969039052,0.982478383497809,0.980430763814407,0.977808339652315,0.973201144119317,0.969511032302974,0.965140161633761,0.960570525856857,0.952985406451752,0.944135839144745,0.92831737178904,0.891019591425792,0.760531175931483,0.300570073142664
0.603078526874479,0.83337988931506,0.884455647063919,0.900531787883994,0.911497973079484,0.923012198955022,0.932410294148225,0.942626539415249,0.950322141640514,0.961293421702255,0.969509667709927,0.97775494440014,0.984575794557987,0.990480957784188,0.996350491216423,1,0.996598588485152,0.992870447284292,0.989022152111054,0.985235828275824,0.983089867006779,0.980025733901873,0.975080004146634,0.97161770676277,0.967639257442183,0.962262712164507,0.95521347503993,0.945913520191059,0.930021102540374,0.892118126902666,0.762168641029301,0.302689446975147
0.601730365056986,0.832739388379987,0.882638757230014,0.899220771059858,0.910292508996894,0.922645377427252,0.932126445800662,0.942468373543241,0.950182527998399,0.960117784172103,0.967929247757804,0.975633695882766,0.981665315004425,0.98659643589602,0.992405410773746,0.996598588485152,1,0.996889321013384,0.993298051930544,0.989775825803569,0.98715272355885,0.983935029833978,0.979154559610088,0.97602340640352,0.972324305873031,0.967205065023215,0.960784317211565,0.950600445387065,0.934347077735646,0.897375052210346,0.768592159211625,0.304640794804976
0.596550094901353,0.829236348497074,0.879300294588007,0.895920390017702,0.907427687910741,0.920092231972471,0.929446091597047,0.939860672969681,0.947568624201195,0.957500466974519,0.965192025795209,0.97274845169784,0.978544661477489,0.983305084831618,0.988763203962464,0.992870447284292,0.996889321013384,1,0.996901955045771,0.993487399229368,0.990303849618928,0.987258523695389,0.982555683536396,0.979592152034052,0.975975728233577,0.970675128318179,0.964969304882049,0.954884726886414,0.939292610428047,0.903145430857333,0.775634441384151,0.311886413393533
0.590723232675324,0.825600491647576,0.875851051211622,0.893611000617972,0.906311625420754,0.919047858405111,0.92831074434071,0.938102445803798,0.946053135445222,0.956046640841688,0.963975828734075,0.97146139174153,0.976754441475862,0.980688414951365,0.985490969039052,0.989022152111054,0.993298051930544,0.996901955045771,1,0.997001982731937,0.993748412045932,0.99043499618046,0.985987640442936,0.982288789493145,0.978218776409155,0.973394320036001,0.967692361444677,0.957653217324181,0.941808267385977,0.906183274262002,0.77938526078022,0.318720529178821
0.586252509395802,0.822095856779656,0.87269725342382,0.890795734693884,0.904952953616414,0.918225112292086,0.927907715880188,0.938044183506304,0.945965989482295,0.955229168448017,0.963207749119479,0.970548376886429,0.975260938468105,0.978275812365825,0.982478383497809,0.985235828275824,0.989775825803569,0.993487399229368,0.997001982731937,1,0.997085639776946,0.993575853119678,0.989481202299248,0.986120225435686,0.98163137775394,0.97671582072844,0.970756381018328,0.960894111904299,0.944344324070312,0.909946155177051,0.784572175987352,0.324869586225379
0.581954607000661,0.818915839351825,0.87111114771049,0.889144319094669,0.903834224267008,0.918009307633539,0.927445272816474,0.937368457581815,0.945077284947739,0.953384598332247,0.960944793224848,0.968586891170801,0.973556126844747,0.976604631755605,0.980430763814407,0.983089867006779,0.98715272355885,0.990303849618928,0.993748412045932,0.997085639776946,1,0.997010765667422,0.992890670085714,0.989424344472533,0.985210235640306,0.979912154171223,0.973617024424028,0.963593007300555,0.947754979431358,0.914091357386414,0.79204415935905,0.336441193399575
0.579256697056812,0.814385328713364,0.866905369911821,0.885320888621663,0.899912154135446,0.913780686921142,0.923888244036395,0.933705727303246,0.94165842631336,0.950524112749333,0.957769168450221,0.965520073520385,0.970615648984624,0.973755892452965,0.977808339652315,0.980025733901873,0.983935029833978,0.987258523695389,0.99043499618046,0.993575853119678,0.997010765667422,1,0.996550830039431,0.992968426617066,0.98883315345166,0.983824613237413,0.977824948909275,0.968035503290841,0.953337124510716,0.919970761363278,0.798482075291383,0.343347008626324
0.574560057523181,0.806237786225577,0.858301466840161,0.877687554179219,0.89280591522631,0.907062194762477,0.917211205235345,0.927279565252092,0.935719244482335,0.944787641224385,0.952701617998686,0.960796531652176,0.96618676354993,0.969098236020836,0.973201144119317,0.975080004146634,0.979154559610088,0.982555683536396,0.985987640442936,0.989481202299248,0.992890670085714,0.996550830039431,1,0.996694910470211,0.992608367427061,0.987661930421579,0.981093351096728,0.972238787396524,0.957513040364782,0.924733355265886,0.805339486335116,0.34895299847971
0.571759953077444,0.802164265234843,0.853504673078286,0.872499927257749,0.888535811197728,0.903222680733003,0.912986080788863,0.923763812747594,0.932164049771725,0.941009642206645,0.948751101541976,0.956747507098964,0.96188795928031,0.965297418119592,0.969511032302974,0.97161770676277,0.97602340640352,0.979592152034052,0.982288789493145,0.986120225435686,0.989424344472533,0.992968426617066,0.996694910470211,1,0.995553767178449,0.99070652075966,0.984267052360982,0.97471734762056,0.960647370713107,0.928603931449293,0.808569592847496,0.349504400267196
0.56805248254475,0.793708588349551,0.846806923356109,0.866197005394481,0.882082651099884,0.896112876402172,0.906208476408927,0.918276694223229,0.927200459289097,0.935633680079638,0.943785458701025,0.951450355996109,0.956946047972259,0.960254853420928,0.965140161633761,0.967639257442183,0.972324305873031,0.975975728233577,0.978218776409155,0.98163137775394,0.985210235640306,0.98883315345166,0.992608367427061,0.995553767178449,1,0.994824016126102,0.988142485552174,0.978922065487251,0.964237477817424,0.931405361273258,0.813912658867673,0.353095767520056
0.559994779283029,0.78446245584992,0.839464270985079,0.859081922911945,0.874282650001008,0.888428177126349,0.898999184457352,0.912640040464735,0.922691931967261,0.931153500266564,0.939410827413413,0.947153100337599,0.95252140274591,0.95592047144223,0.960570525856857,0.962262712164507,0.967205065023215,0.970675128318179,0.973394320036001,0.97671582072844,0.979912154171223,0.983824613237413,0.987661930421579,0.99070652075966,0.994824016126102,1,0.992891119272751,0.984132905100553,0.970126959929705,0.938199094103675,0.822243997512401,0.358193416071616
0.558020198324838,0.777894002525188,0.830944634075839,0.851048194352831,0.866320328745513,0.880770576676973,0.892444574678986,0.907154996068079,0.917060981700189,0.924890663861088,0.932928350075298,0.93977530512046,0.944776894507822,0.948558397065786,0.952985406451752,0.95521347503993,0.960784317211565,0.964969304882049,0.967692361444677,0.970756381018328,0.973617024424028,0.977824948909275,0.981093351096728,0.984267052360982,0.988142485552174,0.992891119272751,1,0.990469554561814,0.977702255001293,0.946666953704007,0.830968964392807,0.366827024935283
0.55036220161827,0.765877547755157,0.818906529160865,0.836936366933151,0.852996253903524,0.869067608004813,0.882277446961419,0.897483682243873,0.907874177863644,0.915064967636056,0.923414123141802,0.930255712823663,0.935508876081498,0.939865118563892,0.944135839144745,0.945913520191059,0.950600445387065,0.954884726886414,0.957653217324181,0.960894111904299,0.963593007300555,0.968035503290841,0.972238787396524,0.97471734762056,0.978922065487251,0.984132905100553,0.990469554561814,1,0.987625202950883,0.957010375661793,0.846538582195989,0.386197556238974
0.520360973689798,0.732694226349137,0.789074011922594,0.809149548162474,0.825820830832326,0.843294414438348,0.856540879310734,0.872363030688439,0.884165920067056,0.893033417362458,0.90304126097982,0.911613497951755,0.918098282044219,0.923963698332154,0.92831737178904,0.930021102540374,0.934347077735646,0.939292610428047,0.941808267385977,0.944344324070312,0.947754979431358,0.953337124510716,0.957513040364782,0.960647370713107,0.964237477817424,0.970126959929705,0.977702255001293,0.987625202950883,1,0.975445750163871,0.874421858108825,0.413417281265416
0.488502939424829,0.697277698822824,0.748116986415713,0.765671649365342,0.7841565703769,0.803093900371568,0.815693008755954,0.831532251327869,0.844378224944621,0.854498059895849,0.864996417528418,0.873585261380604,0.881026617153784,0.886469652566935,0.891019591425792,0.892118126902666,0.897375052210346,0.903145430857333,0.906183274262002,0.909946155177051,0.914091357386414,0.919970761363278,0.924733355265886,0.928603931449293,0.931405361273258,0.938199094103675,0.946666953704007,0.957010375661793,0.975445750163871,1,0.919308003052185,0.464017101398215
0.415878612422955,0.580407246659899,0.62476886923079,0.640825240612965,0.656064606151206,0.677960285771729,0.687722346891951,0.703604787491238,0.713941640777811,0.719761593145234,0.730174291773329,0.738380496061929,0.747856632310556,0.754575387963583,0.760531175931483,0.762168641029301,0.768592159211625,0.775634441384151,0.77938526078022,0.784572175987352,0.79204415935905,0.798482075291383,0.805339486335116,0.808569592847496,0.813912658867673,0.822243997512401,0.830968964392807,0.846538582195989,0.874421858108825,0.919308003052185,1,0.523720105415187
0.0916908539731049,0.187263913585731,0.210028017668369,0.222219261729321,0.225013525889521,0.235717716185001,0.23955827688142,0.242737999043012,0.247148775390133,0.258289135819591,0.269671739515297,0.280526512113836,0.289777400822231,0.294449789168477,0.300570073142664,0.302689446975147,0.304640794804976,0.311886413393533,0.318720529178821,0.324869586225379,0.336441193399575,0.343347008626324,0.34895299847971,0.349504400267196,0.353095767520056,0.358193416071616,0.366827024935283,0.386197556238974,0.413417281265416,0.464017101398215,0.523720105415187,1
