1,0.833973995205637,0.786765300080445,0.76801635100444,0.749859989326618,0.733135058947806,0.729148228486232,0.723915414472291,0.716799607203335,0.711617305263646,0.70667645007611,0.702355029282485,0.700338166442754,0.694721841913863,0.694241204210319,0.690487709512719,0.686344635096488,0.686155023327398,0.680373646925172,0.679008975474707,0.675651831108314,0.66714369367169,0.663851561135016,0.654530057351898,0.644986610458529,0.634606409652883,0.61844918543715,0.598492879371641,0.57258897161239,0.525843638676905,0.374115066970032,0.133122816116128
0.833973995205637,1,0.962360173950854,0.942214129481381,0.928858598333432,0.916406904522644,0.911986279242073,0.905594013413324,0.899366372091002,0.895528991551658,0.890583788965422,0.884495334644976,0.878414456483323,0.87408434825656,0.872526049687982,0.868237491962796,0.866050729964279,0.862384891329236,0.857844541334827,0.855803704965054,0.851180042977026,0.843965548048653,0.839667121481312,0.832728670008521,0.823298297366671,0.811317789813974,0.795544249298081,0.772115422536793,0.74032535023528,0.682841243320218,0.481810565585688,0.212389994568522
0.786765300080445,0.962360173950854,1,0.979165455249253,0.963941029293948,0.951545361801719,0.946095329557089,0.939584504602177,0.935033259361628,0.930868004353635,0.926928042943808,0.92206284368584,0.916635891650284,0.911336542114146,0.908575851202656,0.902726087899127,0.899914185534213,0.895850890623143,0.892121241709224,0.889509890544656,0.885133033709969,0.877765583593869,0.873942509394247,0.868030596868273,0.858090974107541,0.843632513794123,0.828533396981731,0.802746858190692,0.771929168226256,0.711425244770681,0.501940521305663,0.210151558835467
0.76801635100444,0.942214129481381,0.979165455249253,1,0.986415288565022,0.974951726239786,0.968853228756448,0.962842560899737,0.957171683970207,0.95272461698226,0.948032144166924,0.942298243398134,0.935923270350958,0.930865646565584,0.927801336862472,0.922110181709593,0.919884423956368,0.916043456762039,0.913414843858357,0.910543703509064,0.906145021055813,0.899084536561295,0.894479393887127,0.888890168662858,0.880826028553139,0.867969030276859,0.852751238506468,0.828032862101719,0.796981336578972,0.737184435617693,0.522422344048492,0.219019708505449
0.749859989326618,0.928858598333432,0.963941029293948,0.986415288565022,1,0.990547169042354,0.983151360614725,0.977071826859714,0.971336457588981,0.96664011119003,0.961193320903883,0.955477349742502,0.94940869040786,0.944241472123515,0.940302910326979,0.935583449297658,0.933801454954005,0.930034357092822,0.927750767842255,0.925588430245788,0.922183639734504,0.915858874009542,0.911598149902324,0.905763321062776,0.897614125942866,0.8854361395094,0.870248229435702,0.847004732064254,0.816841504789414,0.756974462594201,0.542607092389631,0.235122296357259
0.733135058947806,0.916406904522644,0.951545361801719,0.974951726239786,0.990547169042354,1,0.993579846752449,0.987437355622938,0.981262739623857,0.976017029099155,0.970199164062016,0.964257425742502,0.958440793065937,0.951595120733752,0.946854977254582,0.942814926084339,0.940519429856973,0.936574173576257,0.934133319563413,0.932283364956531,0.929042828181882,0.922950802937665,0.919100440557178,0.91398660714635,0.905630164918707,0.894599917298493,0.880813685554803,0.860327982072843,0.832165403165928,0.773487388919604,0.565257840945043,0.251265663851993
0.729148228486232,0.911986279242073,0.946095329557089,0.968853228756448,0.983151360614725,0.993579846752449,1,0.99499877671144,0.988385824586648,0.982717121182852,0.976485221906699,0.970251076791011,0.963898217638376,0.956780657044591,0.951683272548047,0.947846053274843,0.945136497886506,0.941460615496251,0.938953104455395,0.937314787804962,0.934338062964507,0.928478236658784,0.924788920001988,0.919745073854655,0.910954913760118,0.900068115158594,0.887315680551752,0.8683464651733,0.840932534765582,0.783646491468716,0.576123600165804,0.259164114433801
0.723915414472291,0.905594013413324,0.939584504602177,0.962842560899737,0.977071826859714,0.987437355622938,0.99499877671144,1,0.995293903393716,0.989564005376583,0.982984898288545,0.976488068697169,0.970718507478359,0.964052535683674,0.959190214518476,0.955536308027282,0.952405888448203,0.948515247379135,0.945519255764318,0.943810786146647,0.941044296095614,0.935711279867431,0.932166969578269,0.92699886566974,0.918415222479452,0.908488214350505,0.897135897133598,0.878422420348797,0.852407708225229,0.79703312744602,0.592242480236945,0.272511362282418
0.716799607203335,0.899366372091002,0.935033259361628,0.957171683970207,0.971336457588981,0.981262739623857,0.988385824586648,0.995293903393716,1,0.995661884228878,0.989016099334222,0.982596007186126,0.976671437420464,0.969462481643908,0.964307119616325,0.960561316479809,0.957134107450498,0.953003766425665,0.950060883267576,0.948300492235505,0.945431537080607,0.940855141380458,0.937512673185758,0.932668207957746,0.924739867434131,0.915630534360692,0.904005727701384,0.885869541646633,0.861148074008344,0.807319251754823,0.602721091963992,0.280080676775281
0.711617305263646,0.895528991551658,0.930868004353635,0.95272461698226,0.96664011119003,0.976017029099155,0.982717121182852,0.989564005376583,0.995661884228878,1,0.996092417816669,0.990129960424761,0.983898674429967,0.976893007359896,0.971799063726636,0.967394388824112,0.963528606005269,0.959369420398801,0.956293362556933,0.954345448696675,0.950961911179494,0.94645092122994,0.94313950277257,0.938731779698654,0.931087923065536,0.922852561855539,0.911469071595799,0.893647175404113,0.868518643428869,0.815841917316132,0.611940525183302,0.292694099574832
0.70667645007611,0.890583788965422,0.926928042943808,0.948032144166924,0.961193320903883,0.970199164062016,0.976485221906699,0.982984898288545,0.989016099334222,0.996092417816669,1,0.995777808032668,0.99058522040789,0.984307272213915,0.979301760586234,0.974452939726391,0.970293429564933,0.966005560144382,0.96248272423675,0.960455523335592,0.957164545661149,0.953176772229234,0.949960558726827,0.945758734663398,0.938463740232212,0.931092598890104,0.920821759266488,0.903892357901199,0.878805754507739,0.828332419552343,0.628395292927969,0.310125313172409
0.702355029282485,0.884495334644976,0.92206284368584,0.942298243398134,0.955477349742502,0.964257425742502,0.970251076791011,0.976488068697169,0.982596007186126,0.990129960424761,0.995777808032668,1,0.99643520888237,0.991122445622751,0.985957951387777,0.98079003159296,0.976290532687085,0.972026150606252,0.968162668430911,0.965896787846521,0.962734726122699,0.959003637299188,0.955891810864041,0.951863560137533,0.944867379233255,0.937836043183448,0.927751405429993,0.910652541758226,0.885839207986649,0.836147671584865,0.63628115477353,0.314730733532837
0.700338166442754,0.878414456483323,0.916635891650284,0.935923270350958,0.94940869040786,0.958440793065937,0.963898217638376,0.970718507478359,0.976671437420464,0.983898674429967,0.99058522040789,0.99643520888237,1,0.996233450989589,0.991345779847293,0.986077267486535,0.981348712388207,0.976823486593147,0.972686124893072,0.970188061581442,0.967102932485473,0.963260721366472,0.960382197025628,0.955974989347095,0.948892945623429,0.941663935835862,0.931753167999885,0.91503743513812,0.890673205476669,0.840451600988102,0.643194159071241,0.315461330625658
0.694721841913863,0.87408434825656,0.911336542114146,0.930865646565584,0.944241472123515,0.951595120733752,0.956780657044591,0.964052535683674,0.969462481643908,0.976893007359896,0.984307272213915,0.991122445622751,0.996233450989589,1,0.996869707501494,0.991973613693258,0.98723669785651,0.982406809580161,0.977951367775338,0.975253064204461,0.97180124288062,0.967798441925639,0.96494380315825,0.96054317488,0.954268226641604,0.94703959635892,0.936695371997441,0.920060837782358,0.895925274461484,0.846591810046111,0.649144919390114,0.321569941734241
0.694241204210319,0.872526049687982,0.908575851202656,0.927801336862472,0.940302910326979,0.946854977254582,0.951683272548047,0.959190214518476,0.964307119616325,0.971799063726636,0.979301760586234,0.985957951387777,0.991345779847293,0.996869707501494,1,0.99696382649844,0.992744683114481,0.987920285123451,0.983578449710353,0.980328288718035,0.976517805968004,0.972662512474114,0.970055634022089,0.965775005910518,0.959733295080806,0.952668766929739,0.942119327063048,0.924940046761023,0.901363025099202,0.851948978933295,0.654456208650435,0.327306900961936
0.690487709512719,0.868237491962796,0.902726087899127,0.922110181709593,0.935583449297658,0.942814926084339,0.947846053274843,0.955536308027282,0.960561316479809,0.967394388824112,0.974452939726391,0.98079003159296,0.986077267486535,0.991973613693258,0.99696382649844,1,0.997164864633523,0.99295394891223,0.988687911075707,0.985304369189592,0.981386998794075,0.977494535748951,0.97504785597671,0.970782743714143,0.96487057253126,0.957864854487808,0.947255428198698,0.930700383892651,0.907741330772778,0.859743124396194,0.663514015327633,0.337162793175658
0.686344635096488,0.866050729964279,0.899914185534213,0.919884423956368,0.933801454954005,0.940519429856973,0.945136497886506,0.952405888448203,0.957134107450498,0.963528606005269,0.970293429564933,0.976290532687085,0.981348712388207,0.98723669785651,0.992744683114481,0.997164864633523,1,0.997153708832644,0.993601973732838,0.990231108642316,0.986033612956974,0.982419096462338,0.979888410322524,0.975738678070794,0.970029692546213,0.962868203925867,0.952829057283949,0.93623010644631,0.913529615774683,0.866584107644513,0.669186552877192,0.343603688267902
0.686155023327398,0.862384891329236,0.895850890623143,0.916043456762039,0.930034357092822,0.936574173576257,0.941460615496251,0.948515247379135,0.953003766425665,0.959369420398801,0.966005560144382,0.972026150606252,0.976823486593147,0.982406809580161,0.987920285123451,0.99295394891223,0.997153708832644,1,0.9974874464034,0.994368762726515,0.990504893457809,0.986730632361759,0.984002042561976,0.979739746172143,0.973915185343206,0.96643517845134,0.956623263230248,0.940768183016703,0.918504924257449,0.872296463499441,0.676940181687145,0.351818518012381
0.680373646925172,0.857844541334827,0.892121241709224,0.913414843858357,0.927750767842255,0.934133319563413,0.938953104455395,0.945519255764318,0.950060883267576,0.956293362556933,0.96248272423675,0.968162668430911,0.972686124893072,0.977951367775338,0.983578449710353,0.988687911075707,0.993601973732838,0.9974874464034,1,0.99741280357893,0.993854930391899,0.989996144102714,0.987130810233942,0.983202510605756,0.977362237038093,0.969774110629405,0.959912012835818,0.944046834365338,0.921974432186365,0.875780278059681,0.677614593133726,0.3579953402595
0.679008975474707,0.855803704965054,0.889509890544656,0.910543703509064,0.925588430245788,0.932283364956531,0.937314787804962,0.943810786146647,0.948300492235505,0.954345448696675,0.960455523335592,0.965896787846521,0.970188061581442,0.975253064204461,0.980328288718035,0.985304369189592,0.990231108642316,0.994368762726515,0.99741280357893,1,0.99715765574562,0.993373102190965,0.990070391092702,0.986114188028476,0.980526264221666,0.972856904332,0.963058847891014,0.947425354308619,0.925441345217339,0.879511079696476,0.678589051417828,0.361682369503562
0.675651831108314,0.851180042977026,0.885133033709969,0.906145021055813,0.922183639734504,0.929042828181882,0.934338062964507,0.941044296095614,0.945431537080607,0.950961911179494,0.957164545661149,0.962734726122699,0.967102932485473,0.97180124288062,0.976517805968004,0.981386998794075,0.986033612956974,0.990504893457809,0.993854930391899,0.99715765574562,1,0.996989248013308,0.99356704710242,0.989326334279674,0.984190523974371,0.976808526039546,0.967978350434018,0.952628467328274,0.931449281875228,0.886592459071685,0.687564327910836,0.37000456485948
0.66714369367169,0.843965548048653,0.877765583593869,0.899084536561295,0.915858874009542,0.922950802937665,0.928478236658784,0.935711279867431,0.940855141380458,0.94645092122994,0.953176772229234,0.959003637299188,0.963260721366472,0.967798441925639,0.972662512474114,0.977494535748951,0.982419096462338,0.986730632361759,0.989996144102714,0.993373102190965,0.996989248013308,1,0.997166859226299,0.993227485555503,0.988544039503881,0.982078855707164,0.973911944201449,0.959386664481261,0.938977221908918,0.896563206949896,0.699278578507035,0.383016439819591
0.663851561135016,0.839667121481312,0.873942509394247,0.894479393887127,0.911598149902324,0.919100440557178,0.924788920001988,0.932166969578269,0.937512673185758,0.94313950277257,0.949960558726827,0.955891810864041,0.960382197025628,0.96494380315825,0.970055634022089,0.97504785597671,0.979888410322524,0.984002042561976,0.987130810233942,0.990070391092702,0.99356704710242,0.997166859226299,1,0.996905642440087,0.992409117674446,0.986107485032557,0.977780768504057,0.963712370089802,0.944782031669219,0.902693565126818,0.705695297159119,0.385232447993037
0.654530057351898,0.832728670008521,0.868030596868273,0.888890168662858,0.905763321062776,0.91398660714635,0.919745073854655,0.92699886566974,0.932668207957746,0.938731779698654,0.945758734663398,0.951863560137533,0.955974989347095,0.96054317488,0.965775005910518,0.970782743714143,0.975738678070794,0.979739746172143,0.983202510605756,0.986114188028476,0.989326334279674,0.993227485555503,0.996905642440087,1,0.99611560957219,0.990405020010372,0.981755779645277,0.968336989027029,0.949654947474368,0.907697564707918,0.710946920662855,0.389763991426623
0.644986610458529,0.823298297366671,0.858090974107541,0.880826028553139,0.897614125942866,0.905630164918707,0.910954913760118,0.918415222479452,0.924739867434131,0.931087923065536,0.938463740232212,0.944867379233255,0.948892945623429,0.954268226641604,0.959733295080806,0.96487057253126,0.970029692546213,0.973915185343206,0.977362237038093,0.980526264221666,0.984190523974371,0.988544039503881,0.992409117674446,0.99611560957219,1,0.995525965932361,0.987960279695786,0.975636154267959,0.957646920394977,0.917043963158277,0.722196214662116,0.407815729970215
0.634606409652883,0.811317789813974,0.843632513794123,0.867969030276859,0.8854361395094,0.894599917298493,0.900068115158594,0.908488214350505,0.915630534360692,0.922852561855539,0.931092598890104,0.937836043183448,0.941663935835862,0.94703959635892,0.952668766929739,0.957864854487808,0.962868203925867,0.96643517845134,0.969774110629405,0.972856904332,0.976808526039546,0.982078855707164,0.986107485032557,0.990405020010372,0.995525965932361,1,0.99365248466658,0.98309546268066,0.966737218712313,0.93036974512136,0.743077695644407,0.425274040734634
0.61844918543715,0.795544249298081,0.828533396981731,0.852751238506468,0.870248229435702,0.880813685554803,0.887315680551752,0.897135897133598,0.904005727701384,0.911469071595799,0.920821759266488,0.927751405429993,0.931753167999885,0.936695371997441,0.942119327063048,0.947255428198698,0.952829057283949,0.956623263230248,0.959912012835818,0.963058847891014,0.967978350434018,0.973911944201449,0.977780768504057,0.981755779645277,0.987960279695786,0.99365248466658,1,0.992137560622978,0.977160036439012,0.94541056434169,0.770195683791559,0.455545020121351
0.598492879371641,0.772115422536793,0.802746858190692,0.828032862101719,0.847004732064254,0.860327982072843,0.8683464651733,0.878422420348797,0.885869541646633,0.893647175404113,0.903892357901199,0.910652541758226,0.91503743513812,0.920060837782358,0.924940046761023,0.930700383892651,0.93623010644631,0.940768183016703,0.944046834365338,0.947425354308619,0.952628467328274,0.959386664481261,0.963712370089802,0.968336989027029,0.975636154267959,0.98309546268066,0.992137560622978,1,0.988691902570551,0.96054531406489,0.802613533749884,0.490423388815544
0.57258897161239,0.74032535023528,0.771929168226256,0.796981336578972,0.816841504789414,0.832165403165928,0.840932534765582,0.852407708225229,0.861148074008344,0.868518643428869,0.878805754507739,0.885839207986649,0.890673205476669,0.895925274461484,0.901363025099202,0.907741330772778,0.913529615774683,0.918504924257449,0.921974432186365,0.925441345217339,0.931449281875228,0.938977221908918,0.944782031669219,0.949654947474368,0.957646920394977,0.966737218712313,0.977160036439012,0.988691902570551,1,0.979386221297615,0.838401611097462,0.520284963451297
0.525843638676905,0.682841243320218,0.711425244770681,0.737184435617693,0.756974462594201,0.773487388919604,0.783646491468716,0.79703312744602,0.807319251754823,0.815841917316132,0.828332419552343,0.836147671584865,0.840451600988102,0.846591810046111,0.851948978933295,0.859743124396194,0.866584107644513,0.872296463499441,0.875780278059681,0.879511079696476,0.886592459071685,0.896563206949896,0.902693565126818,0.907697564707918,0.917043963158277,0.93036974512136,0.94541056434169,0.96054531406489,0.979386221297615,1,0.881521885702141,0.571860831278362
0.374115066970032,0.481810565585688,0.501940521305663,0.522422344048492,0.542607092389631,0.565257840945043,0.576123600165804,0.592242480236945,0.602721091963992,0.611940525183302,0.628395292927969,0.63628115477353,0.643194159071241,0.649144919390114,0.654456208650435,0.663514015327633,0.669186552877192,0.676940181687145,0.677614593133726,0.678589051417828,0.687564327910836,0.699278578507035,0.705695297159119,0.710946920662855,0.722196214662116,0.743077695644407,0.770195683791559,0.802613533749884,0.838401611097462,0.881521885702141,1,0.650533340220244
0.133122816116128,0.212389994568522,0.210151558835467,0.219019708505449,0.235122296357259,0.251265663851993,0.259164114433801,0.272511362282418,0.280080676775281,0.292694099574832,0.310125313172409,0.314730733532837,0.315461330625658,0.321569941734241,0.327306900961936,0.337162793175658,0.343603688267902,0.351818518012381,0.3579953402595,0.361682369503562,0.37000456485948,0.383016439819591,0.385232447993037,0.389763991426623,0.407815729970215,0.425274040734634,0.455545020121351,0.490423388815544,0.520284963451297,0.571860831278362,0.650533340220244,1
