1,0.994107311581974,0.970140772119454,0.915546224366083,0.816546049071878,0.675497055657932,0.67231337742232,0.656571367167386,0.62646013047551,0.582546545356048,0.52796851513786,0.500370002815107,0.472090513989122,0.434456858664172,0.390913970457563,0.345220968012174,0.3134380622151,0.285753802761017,0.252424678599354,0.21976502399062,0.19072640091576,0.135494969868262,0.0247678260666724,-0.0166567334660776,-0.0356976593633406,-0.0463785526882511,-0.053163375810037,-0.0550651498105088,-0.0538191209684696,-0.0524523717099557,-0.0513414057647552,-0.0504709151654163
0.994107311581974,1,0.99071574995113,0.953751232471653,0.874311830404394,0.751444940013255,0.74732267830399,0.729187874317705,0.695059850132724,0.64561010961383,0.584365537746356,0.554342589912971,0.523959791494551,0.48317034403797,0.435741955887177,0.385813205046415,0.351493279890905,0.321755370264508,0.285433626252967,0.249601313198379,0.217617722035602,0.158981758995288,0.0398184096267531,-0.00576782179864498,-0.026883971689233,-0.038775049092734,-0.0463463815038583,-0.0487747978189424,-0.048042874950122,-0.0470406051127163,-0.0461865427468877,-0.045503435788631
0.970140772119454,0.99071574995113,1,0.985762426288731,0.93217964410566,0.834164456772644,0.82893381397409,0.808100493834107,0.769503912508445,0.71393559263303,0.645351448665433,0.612788530499805,0.580274499890253,0.536207382609114,0.484696867903978,0.430288421242411,0.393358979566417,0.361541364546764,0.322072095249551,0.28285830174667,0.247714610786951,0.18578660472663,0.0580300397694372,0.00798460560368937,-0.0153820700720726,-0.0285926132458134,-0.0370240923702394,-0.0400725007422633,-0.0399975447167352,-0.0394690965451711,-0.0389514690734767,-0.038514758469386
0.915546224366083,0.953751232471653,0.985762426288731,1,0.979775161577668,0.915017846232585,0.908550879148187,0.884915844791825,0.841785220737142,0.780078611931519,0.704180813645037,0.669313963053993,0.635000274738254,0.588012722742698,0.532778259280673,0.474228681622614,0.435021600899099,0.401450145003898,0.359103146597519,0.316715694544607,0.2785674663811,0.214160638643288,0.0790618392786569,0.0247884015841004,-0.000760749536848275,-0.0152634424329774,-0.0245418997257647,-0.028278715134353,-0.0290182313112844,-0.0290894032567266,-0.0290011960175751,-0.0288804637056425
0.816546049071878,0.874311830404394,0.93217964410566,0.979775161577668,1,0.9772284711982,0.969530570980295,0.943439805339909,0.896516495229505,0.829798490973318,0.748018005863589,0.711705282832993,0.676525279050525,0.627808687080456,0.570195478326232,0.508893901017974,0.468433557978197,0.434022723795408,0.389825025671922,0.345236203732752,0.304930305031493,0.239967429976979,0.101152338511307,0.0438645803489213,0.0166677738519757,0.00116638731322278,-0.00877515929914049,-0.0131923288646894,-0.0148736291292887,-0.0156557395954049,-0.0160818466860467,-0.0163416349024924
0.675497055657932,0.751444940013255,0.834164456772644,0.915017846232585,0.9772284711982,1,0.992004084861236,0.965178079372911,0.917032364941864,0.848637330890763,0.764842853510019,0.728768111843768,0.694209098835316,0.645721713527574,0.587981688925912,0.526281906074557,0.486186660096965,0.452315602135631,0.407929124655246,0.362768188209204,0.321753606650917,0.258875705909487,0.121643871988606,0.0633560192335233,0.0354425012228311,0.0194660766845204,0.0091946405664011,0.00419675802807381,0.00153147833711631,-1.3170720343447e-05,-0.000996584807148941,-0.00167095105804576
0.67231337742232,0.74732267830399,0.82893381397409,0.908550879148187,0.969530570980295,0.992004084861236,1,0.990475233607823,0.960032326043785,0.908611409904098,0.840031122452604,0.808198711211268,0.773532782456867,0.72325231942181,0.662354043128066,0.596607174483345,0.554564648968031,0.518772710059739,0.470435059599338,0.420645886138803,0.375125417315191,0.308010651417057,0.157212287886075,0.091363732701468,0.0595737919501544,0.041308975728588,0.0295399804989229,0.0232851103462083,0.0192268725112003,0.016669853231613,0.0149652891610704,0.0137618319334479
0.656571367167386,0.729187874317705,0.808100493834107,0.884915844791825,0.943439805339909,0.965178079372911,0.990475233607823,1,0.989426458671804,0.957462720056056,0.906732651683122,0.880109528762991,0.845959550223773,0.794640367248184,0.731407718203822,0.662445233993006,0.619045425038927,0.581810940818457,0.530044626689888,0.476114597858735,0.426508860951726,0.355996391294114,0.193148709392767,0.120253024340566,0.084814004466851,0.0643858463087732,0.0511977727026396,0.0436856650060784,0.0381817603334456,0.0345669024234016,0.0321066662820714,0.0303479297653697
0.62646013047551,0.695059850132724,0.769503912508445,0.841785220737142,0.896516495229505,0.917032364941864,0.960032326043785,0.989426458671804,1,0.989189943238718,0.958307588674808,0.937720223749769,0.904817423013968,0.853461616210197,0.789073073429988,0.718144518122439,0.674209340158527,0.636222632277004,0.581911484471595,0.524731028159598,0.471844308175713,0.399205906181173,0.227021891846703,0.148205296945551,0.109652824855282,0.0873668818368166,0.0729557942446348,0.0642741850069056,0.0573609169055463,0.052706284196686,0.0495007648627568,0.0471933715549297
0.582546545356048,0.64561010961383,0.71393559263303,0.780078611931519,0.829798490973318,0.848637330890763,0.908611409904098,0.957462720056056,0.989189943238718,1,0.989848909612868,0.975806712323663,0.944872314949484,0.894583658098691,0.830410824817234,0.75901945315871,0.715487614952861,0.677557097782118,0.62184068490337,0.562603255949589,0.507536351948953,0.434310266595026,0.256388691904737,0.173280289427605,0.132408823018581,0.108723704077025,0.0933859196396829,0.0837085309458537,0.0755189477301278,0.069913115113846,0.0660229884883341,0.0632104792213592
0.52796851513786,0.584365537746356,0.645351448665433,0.704180813645037,0.748018005863589,0.764842853510019,0.840031122452604,0.906732651683122,0.958307588674808,0.989848909612868,1,0.992591057523716,0.964202562055445,0.915985554435884,0.853345558455281,0.782978301101975,0.740735364853788,0.703641746829178,0.647712678631233,0.587703590395129,0.531659579905783,0.459374434382991,0.279562210086367,0.194008557589159,0.151732622885212,0.127180001707998,0.111260452042413,0.100817579237792,0.0915599254249634,0.0851478263350837,0.0806744233634308,0.0774303717750026
0.500370002815107,0.554342589912971,0.612788530499805,0.669313963053993,0.711705282832993,0.728768111843768,0.808198711211268,0.880109528762991,0.937720223749769,0.975806712323663,0.992591057523716,1,0.988948617453997,0.957114816730606,0.909039949279686,0.850987587103237,0.813899698733787,0.773988767853469,0.713217770136461,0.647794578282621,0.58659088948047,0.512932473509676,0.325875579509955,0.234197483546212,0.188555393040032,0.161958029562004,0.144679285585561,0.132068649782877,0.120449847647306,0.112335131468037,0.106652884567827,0.102523543471131
0.472090513989122,0.523959791494551,0.580274499890253,0.635000274738254,0.676525279050525,0.694209098835316,0.773532782456867,0.845959550223773,0.904817423013968,0.944872314949484,0.964202562055445,0.988948617453997,1,0.989489224886117,0.960774517919327,0.919446344124574,0.889314273175344,0.846113606022166,0.780040811096498,0.70880314860221,0.642109771224097,0.567555485019724,0.374547332653237,0.277026417188282,0.228114975639893,0.199517899494886,0.180904992322133,0.165882115072519,0.151669835966537,0.141691193653762,0.134687442987458,0.129591062531796
0.434456858664172,0.48317034403797,0.536207382609114,0.588012722742698,0.627808687080456,0.645721713527574,0.72325231942181,0.794640367248184,0.853461616210197,0.894583658098691,0.915985554435884,0.957114816730606,0.989489224886117,1,0.990779889721554,0.966643812103555,0.943937725931652,0.898448097575579,0.828610789497159,0.753218528744197,0.682590587321514,0.608749754307974,0.414046070585946,0.312902474920328,0.26184353723555,0.231904836982429,0.212386898471302,0.195331036397353,0.178891743731978,0.167307533877932,0.159163941340813,0.15323284413982
0.390913970457563,0.435741955887177,0.484696867903978,0.532778259280673,0.570195478326232,0.587981688925912,0.662354043128066,0.731407718203822,0.789073073429988,0.830410824817234,0.853345558455281,0.909039949279686,0.960774517919327,0.990779889721554,1,0.992431350727543,0.977115592975763,0.930348824174488,0.858316188740226,0.780469051054882,0.707501537722421,0.635737105020034,0.443157419426313,0.340548315450045,0.288450968867542,0.257826165634314,0.237832467196172,0.219197123846274,0.200984808596788,0.188117231762165,0.17906100451961,0.172460956194622
0.345220968012174,0.385813205046415,0.430288421242411,0.474228681622614,0.508893901017974,0.526281906074557,0.596607174483345,0.662445233993006,0.718144518122439,0.75901945315871,0.782978301101975,0.850987587103237,0.919446344124574,0.966643812103555,0.992431350727543,1,0.991626771348914,0.944447196365218,0.871571886336605,0.792739418114706,0.718813375195641,0.650073902077624,0.462486396260018,0.360183081824722,0.30797420960109,0.277215244715616,0.257108731478466,0.237338524444868,0.217809182092843,0.203983284179972,0.194244069873176,0.187142793371158
0.3134380622151,0.351493279890905,0.393358979566417,0.435021600899099,0.468433557978197,0.486186660096965,0.554564648968031,0.619045425038927,0.674209340158527,0.715487614952861,0.740735364853788,0.813899698733787,0.889314273175344,0.943937725931652,0.977115592975763,0.991626771348914,1,0.977275311116451,0.923817372811451,0.859384954660037,0.795871827365605,0.732006271615983,0.523181704752017,0.408659647169561,0.350144624169228,0.315652338901957,0.293098811397192,0.277570077633673,0.258816052560139,0.24493629500064,0.234974811393289,0.227636298244491
0.285753802761017,0.321755370264508,0.361541364546764,0.401450145003898,0.434022723795408,0.452315602135631,0.518772710059739,0.581810940818457,0.636222632277004,0.677557097782118,0.703641746829178,0.773988767853469,0.846113606022166,0.898448097575579,0.930348824174488,0.944447196365218,0.977275311116451,1,0.983974641888962,0.948244171653558,0.906128740203736,0.850251095698142,0.603977457290146,0.469913054119432,0.401522448241496,0.361236897687878,0.334905585555179,0.328449149882677,0.312693529760344,0.299876548790891,0.29033955327894,0.283178361901987
0.252424678599354,0.285433626252967,0.322072095249551,0.359103146597519,0.389825025671922,0.407929124655246,0.470435059599338,0.530044626689888,0.581911484471595,0.62184068490337,0.647712678631233,0.713217770136461,0.780040811096498,0.828610789497159,0.858316188740226,0.871571886336605,0.923817372811451,0.983974641888962,1,0.989668661166738,0.967032537524231,0.919837763595459,0.650716967846548,0.504925065516725,0.430630617887139,0.38688755520083,0.358303749762733,0.359705642815611,0.347025890734215,0.335553297747981,0.326708512406289,0.319948131647049
0.21976502399062,0.249601313198379,0.28285830174667,0.316715694544607,0.345236203732752,0.362768188209204,0.420645886138803,0.476114597858735,0.524731028159598,0.562603255949589,0.587703590395129,0.647794578282621,0.70880314860221,0.753218528744197,0.780469051054882,0.792739418114706,0.859384954660037,0.948244171653558,0.989668661166738,1,0.993552249134821,0.954434875434574,0.673191403344017,0.521354548969855,0.444037856991155,0.398530273818155,0.368798922356414,0.376486956225911,0.366574818809757,0.356449573509646,0.34836672610862,0.342085582606385
0.19072640091576,0.217617722035602,0.247714610786951,0.2785674663811,0.304930305031493,0.321753606650917,0.375125417315191,0.426508860951726,0.471844308175713,0.507536351948953,0.531659579905783,0.58659088948047,0.642109771224097,0.682590587321514,0.707501537722421,0.718813375195641,0.795871827365605,0.906128740203736,0.967032537524231,0.993552249134821,1,0.967841774479557,0.681123135490986,0.526725591685479,0.448149177251108,0.401911471852539,0.371707273797278,0.384253809155501,0.376675103828119,0.367763303600047,0.360401123158427,0.354590759565833
0.135494969868262,0.158981758995288,0.18578660472663,0.214160638643288,0.239967429976979,0.258875705909487,0.308010651417057,0.355996391294114,0.399205906181173,0.434310266595026,0.459374434382991,0.512932473509676,0.567555485019724,0.608749754307974,0.635737105020034,0.650073902077624,0.732006271615983,0.850251095698142,0.919837763595459,0.954434875434574,0.967841774479557,1,0.839305754049367,0.717818608296616,0.652071700165852,0.612377941648199,0.586079146119457,0.587295909079038,0.565617877478854,0.546339651721402,0.531557514661007,0.520288962811322
0.0247678260666724,0.0398184096267531,0.0580300397694372,0.0790618392786569,0.101152338511307,0.121643871988606,0.157212287886075,0.193148709392767,0.227021891846703,0.256388691904737,0.279562210086367,0.325875579509955,0.374547332653237,0.414046070585946,0.443157419426313,0.462486396260018,0.523181704752017,0.603977457290146,0.650716967846548,0.673191403344017,0.681123135490986,0.839305754049367,1,0.98098156044093,0.959467089851878,0.943770729200893,0.932401928667594,0.901435650377573,0.849849220855995,0.809996065001595,0.780903716647029,0.759275666667986
-0.0166567334660776,-0.00576782179864498,0.00798460560368937,0.0247884015841004,0.0438645803489213,0.0633560192335233,0.091363732701468,0.120253024340566,0.148205296945551,0.173280289427605,0.194008557589159,0.234197483546212,0.277026417188282,0.312902474920328,0.340548315450045,0.360183081824722,0.408659647169561,0.469913054119432,0.504925065516725,0.521354548969855,0.526725591685479,0.717818608296616,0.98098156044093,1,0.995921186883873,0.989991588397973,0.984821661633059,0.944730713889434,0.886406907777475,0.842252359996527,0.810273266692519,0.78659877941937
-0.0356976593633406,-0.026883971689233,-0.0153820700720726,-0.000760749536848275,0.0166677738519757,0.0354425012228311,0.0595737919501544,0.084814004466851,0.109652824855282,0.132408823018581,0.151732622885212,0.188555393040032,0.228114975639893,0.26184353723555,0.288450968867542,0.30797420960109,0.350144624169228,0.401522448241496,0.430630617887139,0.444037856991155,0.448149177251108,0.652071700165852,0.959467089851878,0.995921186883873,1,0.998687068527341,0.996465468513218,0.952650891522574,0.891948743754382,0.846365157169807,0.813457320103362,0.789137413051554
-0.0463785526882511,-0.038775049092734,-0.0285926132458134,-0.0152634424329774,0.00116638731322278,0.0194660766845204,0.041308975728588,0.0643858463087732,0.0873668818368166,0.108723704077025,0.127180001707998,0.161958029562004,0.199517899494886,0.231904836982429,0.257826165634314,0.277215244715616,0.315652338901957,0.361236897687878,0.38688755520083,0.398530273818155,0.401911471852539,0.612377941648199,0.943770729200893,0.989991588397973,0.998687068527341,1,0.999460365038862,0.953690697222261,0.891858520937731,0.845629009466504,0.812313292459902,0.78771519908054
-0.053163375810037,-0.0463463815038583,-0.0370240923702394,-0.0245418997257647,-0.00877515929914049,0.0091946405664011,0.0295399804989229,0.0511977727026396,0.0729557942446348,0.0933859196396829,0.111260452042413,0.144679285585561,0.180904992322133,0.212386898471302,0.237832467196172,0.257108731478466,0.293098811397192,0.334905585555179,0.358303749762733,0.368798922356414,0.371707273797278,0.586079146119457,0.932401928667594,0.984821661633059,0.996465468513218,0.999460365038862,1,0.953039903586453,0.890568543152946,0.843988713251568,0.810457478363784,0.785714986770721
-0.0550651498105088,-0.0487747978189424,-0.0400725007422633,-0.028278715134353,-0.0131923288646894,0.00419675802807381,0.0232851103462083,0.0436856650060784,0.0642741850069056,0.0837085309458537,0.100817579237792,0.132068649782877,0.165882115072519,0.195331036397353,0.219197123846274,0.237338524444868,0.277570077633673,0.328449149882677,0.359705642815611,0.376486956225911,0.384253809155501,0.587295909079038,0.901435650377573,0.944730713889434,0.952650891522574,0.953690697222261,0.953039903586453,1,0.986495874960297,0.966788738032759,0.949803625524981,0.936153616233238
-0.0538191209684696,-0.048042874950122,-0.0399975447167352,-0.0290182313112844,-0.0148736291292887,0.00153147833711631,0.0192268725112003,0.0381817603334456,0.0573609169055463,0.0755189477301278,0.0915599254249634,0.120449847647306,0.151669835966537,0.178891743731978,0.200984808596788,0.217809182092843,0.258816052560139,0.312693529760344,0.347025890734215,0.366574818809757,0.376675103828119,0.565617877478854,0.849849220855995,0.886406907777475,0.891948743754382,0.891858520937731,0.890568543152946,0.986495874960297,1,0.99559304232987,0.988217305519813,0.981097442603108
-0.0524523717099557,-0.0470406051127163,-0.0394690965451711,-0.0290894032567266,-0.0156557395954049,-1.3170720343447e-05,0.016669853231613,0.0345669024234016,0.052706284196686,0.069913115113846,0.0851478263350837,0.112335131468037,0.141691193653762,0.167307533877932,0.188117231762165,0.203983284179972,0.24493629500064,0.299876548790891,0.335553297747981,0.356449573509646,0.367763303600047,0.546339651721402,0.809996065001595,0.842252359996527,0.846365157169807,0.845629009466504,0.843988713251568,0.966788738032759,0.99559304232987,1,0.998215834815425,0.994921364021173
-0.0513414057647552,-0.0461865427468877,-0.0389514690734767,-0.0290011960175751,-0.0160818466860467,-0.000996584807148941,0.0149652891610704,0.0321066662820714,0.0495007648627568,0.0660229884883341,0.0806744233634308,0.106652884567827,0.134687442987458,0.159163941340813,0.17906100451961,0.194244069873176,0.234974811393289,0.29033955327894,0.326708512406289,0.34836672610862,0.360401123158427,0.531557514661007,0.780903716647029,0.810273266692519,0.813457320103362,0.812313292459902,0.810457478363784,0.949803625524981,0.988217305519813,0.998215834815425,1,0.999156269503935
-0.0504709151654163,-0.045503435788631,-0.038514758469386,-0.0288804637056425,-0.0163416349024924,-0.00167095105804576,0.0137618319334479,0.0303479297653697,0.0471933715549297,0.0632104792213592,0.0774303717750026,0.102523543471131,0.129591062531796,0.15323284413982,0.172460956194622,0.187142793371158,0.227636298244491,0.283178361901987,0.319948131647049,0.342085582606385,0.354590759565833,0.520288962811322,0.759275666667986,0.78659877941937,0.789137413051554,0.78771519908054,0.785714986770721,0.936153616233238,0.981097442603108,0.994921364021173,0.999156269503935,1
