1,0.831178775031855,0.814382530304821,0.799071162203053,0.787824408512013,0.777701389194255,0.772592389802504,0.768673959172328,0.766771422903318,0.762143072306314,0.757106117012044,0.751531033801898,0.748164798371062,0.738681642819346,0.734559272723396,0.729782278706913,0.727664061759882,0.724757650839375,0.722360510541419,0.719361514858797,0.713551494245107,0.711439980376034,0.702176498763447,0.695700180432934,0.686226372184893,0.67974261976011,0.661488766301751,0.638643661096832,0.597525776921891,0.476022400566725,0.231204431740284,0.0564185385088174
0.831178775031855,1,0.975931663994306,0.961683417126111,0.952588410011837,0.946310983257892,0.942686342687768,0.936485722749279,0.93171056586651,0.928033212261438,0.922773208965215,0.917229072936826,0.912690217110141,0.906338250287247,0.903534728233216,0.901120426658292,0.899515182708183,0.895486279920819,0.891398389955051,0.887487773340657,0.882593030798886,0.879389477383609,0.874360544924039,0.867389010587209,0.85779273577513,0.846282007574742,0.828663407734104,0.802851677081166,0.756212336926111,0.605196378406083,0.300435974662309,0.114100943876179
0.814382530304821,0.975931663994306,1,0.98664549604254,0.976933425724349,0.970626076037397,0.966030044415653,0.960461203800899,0.955988176159433,0.95251677807183,0.947391366483936,0.9416059355111,0.93715937616872,0.931505849882128,0.927875177895841,0.92536280967937,0.923582888983761,0.919476691628421,0.916016096940536,0.912389694978252,0.907047397007804,0.90449541385401,0.899628771362902,0.893523813888891,0.884759771345122,0.873210750683567,0.856158281132761,0.830623671973167,0.783217334361867,0.631268679800705,0.320086781823074,0.10813925762043
0.799071162203053,0.961683417126111,0.98664549604254,1,0.990677577919263,0.983937382839539,0.977238719447622,0.971896874507469,0.967752686855311,0.964107682734181,0.959143060231225,0.953301499376428,0.948281350395822,0.942566547399916,0.938933365844896,0.935882435801494,0.933634069284897,0.929762036664105,0.926397140201899,0.923367895666765,0.918361925686142,0.915937957056261,0.911412453331634,0.906723411287915,0.898512497065585,0.88784567644395,0.871390099361901,0.847664703500361,0.800721287985924,0.647294202586606,0.337180453068739,0.126327581576611
0.787824408512013,0.952588410011837,0.976933425724349,0.990677577919263,1,0.99420047108461,0.987773210599488,0.983403832536255,0.978841233090761,0.974275171068989,0.969444871570353,0.963461322234005,0.958238910960993,0.953141497589042,0.949390786035519,0.946786062680198,0.944582641403698,0.940685181250912,0.937283008986196,0.934617786038899,0.930099687272509,0.927767041076382,0.923255420347049,0.918223736105854,0.909348337872772,0.899225989568506,0.882546267194905,0.859774918512858,0.815516350929787,0.662005798232348,0.348249452886854,0.134172763547557
0.777701389194255,0.946310983257892,0.970626076037397,0.983937382839539,0.99420047108461,1,0.99505487899641,0.990222257987811,0.985210913345996,0.980541531669485,0.975716321380661,0.96990993123533,0.965071538046594,0.960085160981963,0.95595620493744,0.953356120428228,0.951341266086298,0.947937436330379,0.944477884045202,0.941451231818573,0.936906862065359,0.935163720706765,0.931238180279544,0.926633458548525,0.91873058168917,0.909204614012141,0.892964008262472,0.870628901595113,0.827588771342105,0.673935748940362,0.360536469375746,0.140899570161925
0.772592389802504,0.942686342687768,0.966030044415653,0.977238719447622,0.987773210599488,0.99505487899641,1,0.995891302225668,0.990933958363654,0.986046388637088,0.981462289951177,0.975389415502349,0.970454934614615,0.965553316681062,0.961378186047016,0.958702758020997,0.956541034815801,0.953068572084867,0.949696050497892,0.946603415056614,0.941906576086182,0.940119019349638,0.93589466895295,0.930697075129238,0.922725182260281,0.913293850014469,0.897829500148043,0.875939646304905,0.832258791075925,0.678460916307172,0.366219215546099,0.143040137722426
0.768673959172328,0.936485722749279,0.960461203800899,0.971896874507469,0.983403832536255,0.990222257987811,0.995891302225668,1,0.996401222122916,0.991919441010835,0.987222901160225,0.982068140394659,0.977562593136384,0.97311023529601,0.969239115955004,0.966577311353958,0.964172827737995,0.960754305704887,0.957486550121712,0.954674871215531,0.950480507672463,0.948795475302215,0.944890053112569,0.939990759382739,0.931996020961852,0.922736511977324,0.907801212717684,0.886271428745997,0.843662624872731,0.692323847974071,0.381385571398271,0.15111054091757
0.766771422903318,0.93171056586651,0.955988176159433,0.967752686855311,0.978841233090761,0.985210913345996,0.990933958363654,0.996401222122916,1,0.996683445094669,0.991949835146054,0.987006570660164,0.982311022597407,0.977934305837738,0.974062531809442,0.971263502879462,0.968513447748061,0.965521251437057,0.962252454764035,0.959687641257647,0.955545234153939,0.953960762256274,0.949759883270529,0.945189038666038,0.937181830087047,0.928029129541109,0.913241380729856,0.892264811970484,0.850048250848569,0.699845977655114,0.388201265187608,0.153276867592168
0.762143072306314,0.928033212261438,0.95251677807183,0.964107682734181,0.974275171068989,0.980541531669485,0.986046388637088,0.991919441010835,0.996683445094669,1,0.99681371206887,0.992211024893853,0.987939174764111,0.983720677203182,0.98006629442769,0.977114647140567,0.973947034274013,0.970853192762238,0.96734057505592,0.96481959686376,0.961033908207523,0.959125598254462,0.954969848298888,0.950299071098118,0.942447997508382,0.933265940017552,0.918634436081394,0.898401206390874,0.856861402448278,0.708688964865626,0.399439703155722,0.158511568628347
0.757106117012044,0.922773208965215,0.947391366483936,0.959143060231225,0.969444871570353,0.975716321380661,0.981462289951177,0.987222901160225,0.991949835146054,0.99681371206887,1,0.996847154343919,0.993273137254399,0.988915912666865,0.985407137576735,0.982611650836663,0.979514672898862,0.976446398117932,0.973165543037233,0.970713163033642,0.967050827324239,0.964681618467636,0.960435252533024,0.955522687957717,0.948079999740011,0.93942785994574,0.924700596734604,0.905155955967977,0.864572148518551,0.719963331166831,0.413894094450592,0.168835187094746
0.751531033801898,0.917229072936826,0.9416059355111,0.953301499376428,0.963461322234005,0.96990993123533,0.975389415502349,0.982068140394659,0.987006570660164,0.992211024893853,0.996847154343919,1,0.997144102009369,0.993494361101056,0.990421411068776,0.987383508288567,0.984279300663762,0.981130561775939,0.977754491525944,0.975222475995566,0.971948825688001,0.969823707279162,0.965838748016647,0.960865293647985,0.953378817351519,0.944958932142595,0.930142884664892,0.910963077122447,0.87108997002014,0.727217469647757,0.421231127427072,0.173920806412154
0.748164798371062,0.912690217110141,0.93715937616872,0.948281350395822,0.958238910960993,0.965071538046594,0.970454934614615,0.977562593136384,0.982311022597407,0.987939174764111,0.993273137254399,0.997144102009369,1,0.997647207434248,0.994663168752453,0.99147007982505,0.98837007630662,0.985388153421838,0.981863337246246,0.979056576920567,0.975749050154317,0.973570390382832,0.96967047934262,0.965127292789565,0.957603928689861,0.949163316899305,0.934800588512777,0.916010126699791,0.876300366175602,0.732713785109805,0.426928930439901,0.175257173466305
0.738681642819346,0.906338250287247,0.931505849882128,0.942566547399916,0.953141497589042,0.960085160981963,0.965553316681062,0.97311023529601,0.977934305837738,0.983720677203182,0.988915912666865,0.993494361101056,0.997647207434248,1,0.997664136081798,0.994805140691734,0.99158817632655,0.988294084543708,0.984768947365903,0.981689294234718,0.978380158240265,0.976137567191974,0.972428682560693,0.967939676842744,0.960140223966452,0.952152067053525,0.938416705279803,0.919663086452399,0.881161783951379,0.738898276558545,0.433484427045809,0.17985445668488
0.734559272723396,0.903534728233216,0.927875177895841,0.938933365844896,0.949390786035519,0.95595620493744,0.961378186047016,0.969239115955004,0.974062531809442,0.98006629442769,0.985407137576735,0.990421411068776,0.994663168752453,0.997664136081798,1,0.997686080158017,0.994808837649432,0.991410686624926,0.987994735812697,0.984833465621593,0.981608771036312,0.978907481181635,0.97528715782171,0.970631934071494,0.962834511254899,0.95481780193345,0.941339795035678,0.922540245786036,0.884149337325982,0.741512942780845,0.433317930109406,0.181406519405578
0.729782278706913,0.901120426658292,0.92536280967937,0.935882435801494,0.946786062680198,0.953356120428228,0.958702758020997,0.966577311353958,0.971263502879462,0.977114647140567,0.982611650836663,0.987383508288567,0.99147007982505,0.994805140691734,0.997686080158017,1,0.997910627224244,0.994847799465528,0.991621963823979,0.988643702430079,0.985357247418193,0.982472671279751,0.979109966615541,0.974262282098683,0.966598917578137,0.958647965261984,0.945118399825422,0.926782400915931,0.889233850931914,0.74856205258051,0.441492064622313,0.184374847061664
0.727664061759882,0.899515182708183,0.923582888983761,0.933634069284897,0.944582641403698,0.951341266086298,0.956541034815801,0.964172827737995,0.968513447748061,0.973947034274013,0.979514672898862,0.984279300663762,0.98837007630662,0.99158817632655,0.994808837649432,0.997910627224244,1,0.997664317627051,0.994834141619031,0.991960055955451,0.989168866387964,0.986175876566838,0.98272332466463,0.977772266349584,0.970098463212635,0.962449384138443,0.949453552980201,0.931222556689216,0.894345278100719,0.753478448461665,0.445407981984691,0.189606014073877
0.724757650839375,0.895486279920819,0.919476691628421,0.929762036664105,0.940685181250912,0.947937436330379,0.953068572084867,0.960754305704887,0.965521251437057,0.970853192762238,0.976446398117932,0.981130561775939,0.985388153421838,0.988294084543708,0.991410686624926,0.994847799465528,0.997664317627051,1,0.997864861472317,0.995186164911091,0.992365590798555,0.989384364349651,0.986205823958948,0.981693836068609,0.974408217933227,0.967038602821536,0.955563102458221,0.938519262043359,0.902424821302232,0.763505761187736,0.45514326252628,0.198372660086528
0.722360510541419,0.891398389955051,0.916016096940536,0.926397140201899,0.937283008986196,0.944477884045202,0.949696050497892,0.957486550121712,0.962252454764035,0.96734057505592,0.973165543037233,0.977754491525944,0.981863337246246,0.984768947365903,0.987994735812697,0.991621963823979,0.994834141619031,0.997864861472317,1,0.998000425527855,0.995268339945547,0.992388728884963,0.989266107396582,0.985081898918782,0.978102793287421,0.971063931810249,0.960194543534433,0.943646561978712,0.908573398891829,0.771823994236557,0.466157580513243,0.205759543441158
0.719361514858797,0.887487773340657,0.912389694978252,0.923367895666765,0.934617786038899,0.941451231818573,0.946603415056614,0.954674871215531,0.959687641257647,0.96481959686376,0.970713163033642,0.975222475995566,0.979056576920567,0.981689294234718,0.984833465621593,0.988643702430079,0.991960055955451,0.995186164911091,0.998000425527855,1,0.99773871625526,0.994691489937272,0.991702079170505,0.987665581157967,0.981446779290467,0.974723315796018,0.9640940203778,0.947938726919576,0.913782368382771,0.778800943717954,0.47394452413413,0.211285198316963
0.713551494245107,0.882593030798886,0.907047397007804,0.918361925686142,0.930099687272509,0.936906862065359,0.941906576086182,0.950480507672463,0.955545234153939,0.961033908207523,0.967050827324239,0.971948825688001,0.975749050154317,0.978380158240265,0.981608771036312,0.985357247418193,0.989168866387964,0.992365590798555,0.995268339945547,0.99773871625526,1,0.997462118685334,0.994856232841097,0.99121078871155,0.984828677010435,0.978429209334532,0.968744338772155,0.953800958701442,0.92041583948067,0.785919453303503,0.480228452297185,0.220375883559553
0.711439980376034,0.879389477383609,0.90449541385401,0.915937957056261,0.927767041076382,0.935163720706765,0.940119019349638,0.948795475302215,0.953960762256274,0.959125598254462,0.964681618467636,0.969823707279162,0.973570390382832,0.976137567191974,0.978907481181635,0.982472671279751,0.986175876566838,0.989384364349651,0.992388728884963,0.994691489937272,0.997462118685334,1,0.997689217787148,0.994237818584284,0.988338414609101,0.98199078882185,0.97309244534823,0.95888874016828,0.92687806428101,0.79518451569885,0.492906621781544,0.228470940823226
0.702176498763447,0.874360544924039,0.899628771362902,0.911412453331634,0.923255420347049,0.931238180279544,0.93589466895295,0.944890053112569,0.949759883270529,0.954969848298888,0.960435252533024,0.965838748016647,0.96967047934262,0.972428682560693,0.97528715782171,0.979109966615541,0.98272332466463,0.986205823958948,0.989266107396582,0.991702079170505,0.994856232841097,0.997689217787148,1,0.997161698011738,0.991574364734358,0.985569471214792,0.977404244774061,0.963925981427087,0.933457925744984,0.804047215008928,0.503884824619317,0.238821640566704
0.695700180432934,0.867389010587209,0.893523813888891,0.906723411287915,0.918223736105854,0.926633458548525,0.930697075129238,0.939990759382739,0.945189038666038,0.950299071098118,0.955522687957717,0.960865293647985,0.965127292789565,0.967939676842744,0.970631934071494,0.974262282098683,0.977772266349584,0.981693836068609,0.985081898918782,0.987665581157967,0.99121078871155,0.994237818584284,0.997161698011738,1,0.995577029911706,0.990105964584146,0.982719683718837,0.969834335277001,0.940243517203989,0.814504221559682,0.515974548802062,0.251148464904749
0.686226372184893,0.85779273577513,0.884759771345122,0.898512497065585,0.909348337872772,0.91873058168917,0.922725182260281,0.931996020961852,0.937181830087047,0.942447997508382,0.948079999740011,0.953378817351519,0.957603928689861,0.960140223966452,0.962834511254899,0.966598917578137,0.970098463212635,0.974408217933227,0.978102793287421,0.981446779290467,0.984828677010435,0.988338414609101,0.991574364734358,0.995577029911706,1,0.995720277051711,0.98863314418289,0.97734305139008,0.950113851450969,0.829308491826316,0.534335742253889,0.265246263155843
0.67974261976011,0.846282007574742,0.873210750683567,0.88784567644395,0.899225989568506,0.909204614012141,0.913293850014469,0.922736511977324,0.928029129541109,0.933265940017552,0.93942785994574,0.944958932142595,0.949163316899305,0.952152067053525,0.95481780193345,0.958647965261984,0.962449384138443,0.967038602821536,0.971063931810249,0.974723315796018,0.978429209334532,0.98199078882185,0.985569471214792,0.990105964584146,0.995720277051711,1,0.993936970828535,0.983490444852121,0.959181276555273,0.840986659211974,0.546909040772555,0.27486866363993
0.661488766301751,0.828663407734104,0.856158281132761,0.871390099361901,0.882546267194905,0.892964008262472,0.897829500148043,0.907801212717684,0.913241380729856,0.918634436081394,0.924700596734604,0.930142884664892,0.934800588512777,0.938416705279803,0.941339795035678,0.945118399825422,0.949453552980201,0.955563102458221,0.960194543534433,0.9640940203778,0.968744338772155,0.97309244534823,0.977404244774061,0.982719683718837,0.98863314418289,0.993936970828535,1,0.991554487943642,0.971495024966202,0.859202831636291,0.570679947387106,0.301057882770382
0.638643661096832,0.802851677081166,0.830623671973167,0.847664703500361,0.859774918512858,0.870628901595113,0.875939646304905,0.886271428745997,0.892264811970484,0.898401206390874,0.905155955967977,0.910963077122447,0.916010126699791,0.919663086452399,0.922540245786036,0.926782400915931,0.931222556689216,0.938519262043359,0.943646561978712,0.947938726919576,0.953800958701442,0.95888874016828,0.963925981427087,0.969834335277001,0.97734305139008,0.983490444852121,0.991554487943642,1,0.985595271102959,0.885245780661921,0.607629369025942,0.328961188074339
0.597525776921891,0.756212336926111,0.783217334361867,0.800721287985924,0.815516350929787,0.827588771342105,0.832258791075925,0.843662624872731,0.850048250848569,0.856861402448278,0.864572148518551,0.87108997002014,0.876300366175602,0.881161783951379,0.884149337325982,0.889233850931914,0.894345278100719,0.902424821302232,0.908573398891829,0.913782368382771,0.92041583948067,0.92687806428101,0.933457925744984,0.940243517203989,0.950113851450969,0.959181276555273,0.971495024966202,0.985595271102959,1,0.921745865433053,0.665762181564668,0.368513191657772
0.476022400566725,0.605196378406083,0.631268679800705,0.647294202586606,0.662005798232348,0.673935748940362,0.678460916307172,0.692323847974071,0.699845977655114,0.708688964865626,0.719963331166831,0.727217469647757,0.732713785109805,0.738898276558545,0.741512942780845,0.74856205258051,0.753478448461665,0.763505761187736,0.771823994236557,0.778800943717954,0.785919453303503,0.79518451569885,0.804047215008928,0.814504221559682,0.829308491826316,0.840986659211974,0.859202831636291,0.885245780661921,0.921745865433053,1,0.868518671442566,0.448120350943444
0.231204431740284,0.300435974662309,0.320086781823074,0.337180453068739,0.348249452886854,0.360536469375746,0.366219215546099,0.381385571398271,0.388201265187608,0.399439703155722,0.413894094450592,0.421231127427072,0.426928930439901,0.433484427045809,0.433317930109406,0.441492064622313,0.445407981984691,0.45514326252628,0.466157580513243,0.47394452413413,0.480228452297185,0.492906621781544,0.503884824619317,0.515974548802062,0.534335742253889,0.546909040772555,0.570679947387106,0.607629369025942,0.665762181564668,0.868518671442566,1,0.546777319567448
0.0564185385088174,0.114100943876179,0.10813925762043,0.126327581576611,0.134172763547557,0.140899570161925,0.143040137722426,0.15111054091757,0.153276867592168,0.158511568628347,0.168835187094746,0.173920806412154,0.175257173466305,0.17985445668488,0.181406519405578,0.184374847061664,0.189606014073877,0.198372660086528,0.205759543441158,0.211285198316963,0.220375883559553,0.228470940823226,0.238821640566704,0.251148464904749,0.265246263155843,0.27486866363993,0.301057882770382,0.328961188074339,0.368513191657772,0.448120350943444,0.546777319567448,1
