1.0,0.7130303253165351,0.6192455425909711,0.571805761496137,0.532465913660602,0.500063913427069,0.474881143222291,0.45087609982331,0.424921968182784,0.40193621542877295,0.380376604393238,0.36584480050680196,0.34010666730360806,0.31788164355542103,0.29928319827766303,0.285338259642086,0.26498611807177497,0.25016798397968804,0.23424605392333606,0.220902530642017,0.203611891459161,0.18793188636151897,0.172859958871043,0.15748943186333803,0.134311719983353,0.11785539360932701,0.0950869330334834,0.0684984025707515,0.0341872401240017,0.0137242478023748,0.0893395093366628,0.140966373971234
0.7130303253165351,1.0,0.9599023333843921,0.9300087958446741,0.905522904672153,0.882967783488937,0.8603088936010259,0.8430760382325201,0.8205550214196781,0.7995671872846751,0.7785729806077599,0.7612740066939508,0.73777703361496,0.7152143011473421,0.6962590659766971,0.677234420088482,0.657578010936218,0.6405325691318822,0.6222424366371191,0.6037230841586371,0.5851280318783821,0.5660306898922729,0.5447848038888211,0.522348669240121,0.496409805757192,0.46974313725065603,0.441152933883116,0.397805408021416,0.344020651562153,0.261209192285056,0.0383059691747771,0.14775895980075898
0.6192455425909711,0.9599023333843921,1.0,0.985184651652005,0.9707505215632629,0.957103844489322,0.9421427053808481,0.9281943980621651,0.912286927847511,0.8960365642499121,0.879210954639382,0.865184592447978,0.847121672079861,0.8291550962963,0.8127722095989871,0.7963605038004861,0.7791832022498051,0.763175420975482,0.7463284098188292,0.729393976820485,0.712140444468001,0.694330716031862,0.6746189036567309,0.654434528326673,0.630288672338741,0.604124102403537,0.575713681089639,0.534118946588697,0.478932603718685,0.39528041381821105,0.143887215658519,0.09186001097858999
0.571805761496137,0.9300087958446741,0.985184651652005,1.0,0.9910148373592171,0.9809752216123859,0.9701805786475072,0.959258545081956,0.9466169820523491,0.9337673957577759,0.9201769892840841,0.9081398432749781,0.893065197393781,0.87715378116814,0.862472589648645,0.8475351094782471,0.831987329117347,0.8173582628623709,0.8021166809227299,0.786565806037917,0.770841677347626,0.754327447494938,0.7362637232037049,0.7176799765826508,0.6952882128819211,0.6701128267531751,0.6427392383678411,0.602189160139747,0.546748383525777,0.46585158145572403,0.19754957020638,0.0454762331804582
0.532465913660602,0.905522904672153,0.9707505215632629,0.9910148373592171,1.0,0.993185819147965,0.985633443371845,0.9773777565692391,0.9675592825108009,0.9570878899259978,0.9450023037038241,0.9344589783803772,0.920678044878968,0.9068601230894341,0.8934905301683441,0.879603611407994,0.8652670799705922,0.851931277365965,0.8382672764907859,0.823737440062823,0.809085759263345,0.7934639314631079,0.77632848315337,0.758582034201502,0.737128352699043,0.712330782087051,0.686296073107318,0.646053751222021,0.591216174211545,0.5097438127475139,0.230992207324966,0.024093632860551002
0.500063913427069,0.882967783488937,0.957103844489322,0.9809752216123859,0.993185819147965,1.0,0.9950470755248929,0.988810430803342,0.9807021453785122,0.972287166749313,0.9618249793792639,0.952520175313835,0.940500589257021,0.9284109615966079,0.9163059490346199,0.90388860239395,0.8912854429172701,0.879360515806927,0.8669292364712109,0.853494840333222,0.840027559808004,0.825648737110312,0.809729243310933,0.7936763112372359,0.773749846654602,0.750706839945524,0.7257495608018979,0.6875398707836949,0.6340942834180621,0.554680808190061,0.27055555371282397,0.00579158697740531
0.474881143222291,0.8603088936010259,0.9421427053808481,0.9701805786475072,0.985633443371845,0.9950470755248929,1.0,0.996121965444585,0.990336822603104,0.9833287805642891,0.9741951870169309,0.965880378165488,0.9549778598247801,0.9439165664124229,0.9328596686684408,0.921197473760605,0.9092912759209729,0.8986296024745458,0.887145086817461,0.87438309548123,0.86211184867894,0.849022333837575,0.8341572464048629,0.818935879338852,0.800536706396577,0.7785557499938929,0.754440978551354,0.7175161462908721,0.66502932920533,0.5857309490827349,0.291594642151368,0.0188832343516209
0.45087609982331,0.8430760382325201,0.9281943980621651,0.959258545081956,0.9773777565692391,0.988810430803342,0.996121965444585,1.0,0.9962573277764321,0.9909840571238199,0.9832496010905771,0.975727710602044,0.9658744432611841,0.9558445831309371,0.945483846785726,0.9345772577152359,0.9232884878088579,0.913367945612767,0.9028264213313449,0.8910879743131609,0.879496871714886,0.867210325484498,0.853235207148078,0.838923591705932,0.8213358914914509,0.8004950145816121,0.777941298416398,0.7415074238746329,0.6905344227477521,0.6112542667892671,0.310133483722148,0.0312421527306535
0.424921968182784,0.8205550214196781,0.912286927847511,0.9466169820523491,0.9675592825108009,0.9807021453785122,0.990336822603104,0.9962573277764321,1.0,0.996644053979163,0.990653530648008,0.984488404076761,0.9760077691153441,0.967216113404857,0.9579432876879079,0.947982456344292,0.937666821174265,0.92869883573433,0.9195076149347959,0.9086870150621569,0.8984551770550799,0.887252514599792,0.8741173975049241,0.8608195929379721,0.84452883082396,0.824750517653654,0.8031962760174141,0.768158462272626,0.7190318146609008,0.64109150453646,0.335947188414883,0.0457715353442102
0.40193621542877295,0.7995671872846751,0.8960365642499121,0.9337673957577759,0.9570878899259978,0.972287166749313,0.9833287805642891,0.9909840571238199,0.996644053979163,1.0,0.9966202263541949,0.992078456548941,0.985418262615495,0.9777813927299001,0.9695763499440699,0.960637930636282,0.9514567689155,0.943273996891698,0.934763900967045,0.9248133568626171,0.915380633670293,0.904848047925439,0.8925402361994201,0.880033485251876,0.864706173745593,0.845775566501621,0.82538779056271,0.79180639900823,0.743964602519873,0.666843342728692,0.357460096681161,0.0667053051687962
0.380376604393238,0.7785729806077599,0.879210954639382,0.9201769892840841,0.9450023037038241,0.9618249793792639,0.9741951870169309,0.9832496010905771,0.990653530648008,0.9966202263541949,1.0,0.9974470894631929,0.992577587673796,0.986654912725053,0.979983155842298,0.9721697286364042,0.9639516898729649,0.9564968644990799,0.9487276142177891,0.939759133245741,0.931057410546084,0.9216029136312701,0.910158899131333,0.898391799533723,0.883960795658143,0.8662059824888091,0.8470424872297231,0.814843238478421,0.768513275527818,0.691964313980771,0.379498681169262,0.0871786479360037
0.36584480050680196,0.7612740066939508,0.865184592447978,0.9081398432749781,0.9344589783803772,0.952520175313835,0.965880378165488,0.975727710602044,0.984488404076761,0.992078456548941,0.9974470894631929,1.0,0.997099742325495,0.9926443078468241,0.9868432398836109,0.9801576806360459,0.972733413360769,0.966022962730624,0.9590037895469169,0.9508599558938629,0.9428554760891491,0.9343380815475141,0.92368110959693,0.912601995771615,0.8992505411024431,0.8822851899445879,0.8646401878397809,0.833910221818129,0.789466212648645,0.7150521014091921,0.40043224032944796,0.10807840123031899
0.34010666730360806,0.73777703361496,0.847121672079861,0.893065197393781,0.920678044878968,0.940500589257021,0.9549778598247801,0.9658744432611841,0.9760077691153441,0.985418262615495,0.992577587673796,0.997099742325495,1.0,0.997630834754865,0.993664337077951,0.9883954118718541,0.9822643486049641,0.976323129586736,0.970282107750597,0.963133977843234,0.956192280698627,0.9485201699528291,0.9390204312854041,0.928803018738955,0.916867555174955,0.901243874215317,0.884320224390932,0.8556629763671109,0.813438602627805,0.742358728027205,0.429150407821181,0.136350709612329
0.31788164355542103,0.7152143011473421,0.8291550962963,0.87715378116814,0.9068601230894341,0.9284109615966079,0.9439165664124229,0.9558445831309371,0.967216113404857,0.9777813927299001,0.986654912725053,0.9926443078468241,0.997630834754865,1.0,0.997729441589465,0.99392731428739,0.9889067800136959,0.9837760397201211,0.978550692870333,0.972059555369753,0.965820400293635,0.9590931322078431,0.9504212278852409,0.9408343312431251,0.929736450963376,0.9152983468656289,0.89912715321126,0.8713752505213709,0.830922663789854,0.760984718271396,0.4463417798827489,0.15281866489630702
0.29928319827766303,0.6962590659766971,0.8127722095989871,0.862472589648645,0.8934905301683441,0.9163059490346199,0.9328596686684408,0.945483846785726,0.9579432876879079,0.9695763499440699,0.979983155842298,0.9868432398836109,0.993664337077951,0.997729441589465,1.0,0.997808814158635,0.9942476892905259,0.9901585861655079,0.985664564394234,0.9800826840487149,0.9746362245943009,0.9688183207129281,0.9612784032603992,0.9526270688386149,0.9422793119865909,0.928860857779657,0.913557144716591,0.8870116561697591,0.848286910004593,0.7801439152579279,0.46442339968517793,0.171344987566078
0.285338259642086,0.677234420088482,0.7963605038004861,0.8475351094782471,0.879603611407994,0.90388860239395,0.921197473760605,0.9345772577152359,0.947982456344292,0.960637930636282,0.9721697286364042,0.9801576806360459,0.9883954118718541,0.99392731428739,0.997808814158635,1.0,0.997994126054017,0.9947640142564259,0.990976728216225,0.9862006224969971,0.98156533007454,0.9765118978378969,0.9697983855266179,0.961958466476247,0.952323714065518,0.939632165300512,0.9251575034481079,0.9002864410424541,0.863453871199832,0.7968925361102471,0.484967902260378,0.19420156438911698
0.26498611807177497,0.657578010936218,0.7791832022498051,0.831987329117347,0.8652670799705922,0.8912854429172701,0.9092912759209729,0.9232884878088579,0.937666821174265,0.9514567689155,0.9639516898729649,0.972733413360769,0.9822643486049641,0.9889067800136959,0.9942476892905259,0.997994126054017,1.0,0.998026374433377,0.995117682462712,0.991174230677277,0.987045000795297,0.982408692527616,0.976256153190766,0.9691687151583579,0.9602071467850558,0.9483189769963671,0.934597990899765,0.911262423041738,0.876041498180933,0.810550662296818,0.49922238387153106,0.20864112953769698
0.25016798397968804,0.6405325691318822,0.763175420975482,0.8173582628623709,0.851931277365965,0.879360515806927,0.8986296024745458,0.913367945612767,0.92869883573433,0.943273996891698,0.9564968644990799,0.966022962730624,0.976323129586736,0.9837760397201211,0.9901585861655079,0.9947640142564259,0.998026374433377,1.0,0.998305489763898,0.9952679985777259,0.991631159649221,0.987618819458177,0.9819506764241241,0.975497628950086,0.9671342098394651,0.9555984066641909,0.9428532772216209,0.920621914610222,0.886796643974631,0.823030850302117,0.514757822937983,0.219928315754406
0.23424605392333606,0.6222424366371191,0.7463284098188292,0.8021166809227299,0.8382672764907859,0.8669292364712109,0.887145086817461,0.9028264213313449,0.9195076149347959,0.934763900967045,0.9487276142177891,0.9590037895469169,0.970282107750597,0.978550692870333,0.985664564394234,0.990976728216225,0.995117682462712,0.998305489763898,1.0,0.9982017788450491,0.995491045702827,0.9920354361044821,0.987145559136354,0.981306401533174,0.973722460757453,0.963340221690999,0.9516659808689479,0.9308790003103371,0.8986112709379008,0.83683809396228,0.529749588797592,0.23171581167586
0.220902530642017,0.6037230841586371,0.729393976820485,0.786565806037917,0.823737440062823,0.853494840333222,0.87438309548123,0.8910879743131609,0.9086870150621569,0.9248133568626171,0.939759133245741,0.9508599558938629,0.963133977843234,0.972059555369753,0.9800826840487149,0.9862006224969971,0.991174230677277,0.9952679985777259,0.9982017788450491,1.0,0.99829794855796,0.995332089014292,0.9909225453845981,0.9858834583445629,0.9788989270556671,0.969807321233085,0.959274984210203,0.939668892663095,0.9091720077905941,0.8493066838959259,0.542333536374915,0.24263041843635802
0.203611891459161,0.5851280318783821,0.712140444468001,0.770841677347626,0.809085759263345,0.840027559808004,0.86211184867894,0.879496871714886,0.8984551770550799,0.915380633670293,0.931057410546084,0.9428554760891491,0.956192280698627,0.965820400293635,0.9746362245943009,0.98156533007454,0.987045000795297,0.991631159649221,0.995491045702827,0.99829794855796,1.0,0.998103896123019,0.9946425490663199,0.990297529233893,0.9840441172450991,0.9761747662539759,0.9665135198196991,0.947901943811159,0.9188883461688561,0.861430782948408,0.5546640536552261,0.257103947082941
0.18793188636151897,0.5660306898922729,0.694330716031862,0.754327447494938,0.7934639314631079,0.825648737110312,0.849022333837575,0.867210325484498,0.887252514599792,0.904848047925439,0.9216029136312701,0.9343380815475141,0.9485201699528291,0.9590931322078431,0.9688183207129281,0.9765118978378969,0.982408692527616,0.987618819458177,0.9920354361044821,0.995332089014292,0.998103896123019,1.0,0.9978218415526959,0.9944873317316609,0.9893303487740821,0.9825699510726109,0.9738454578989141,0.956459219056384,0.9296502237894979,0.8744346063006491,0.569098993433739,0.27352456912430106
0.172859958871043,0.5447848038888211,0.6746189036567309,0.7362637232037049,0.77632848315337,0.809729243310933,0.8341572464048629,0.853235207148078,0.8741173975049241,0.8925402361994201,0.910158899131333,0.92368110959693,0.9390204312854041,0.9504212278852409,0.9612784032603992,0.9697983855266179,0.976256153190766,0.9819506764241241,0.987145559136354,0.9909225453845981,0.9946425490663199,0.9978218415526959,1.0,0.9979082423628001,0.9939254770348341,0.9882411576912479,0.9805405008238121,0.9648274339226909,0.939221391252145,0.8864219189198249,0.583342442117481,0.294514214800665
0.15748943186333803,0.522348669240121,0.654434528326673,0.7176799765826508,0.758582034201502,0.7936763112372359,0.818935879338852,0.838923591705932,0.8608195929379721,0.880033485251876,0.898391799533723,0.912601995771615,0.928803018738955,0.9408343312431251,0.9526270688386149,0.961958466476247,0.9691687151583579,0.975497628950086,0.981306401533174,0.9858834583445629,0.990297529233893,0.9944873317316609,0.9979082423628001,1.0,0.9974099499692101,0.992959834899062,0.986592865782645,0.9729788297920351,0.9495514795631279,0.900209868526948,0.602039255556242,0.316319746135576
0.134311719983353,0.496409805757192,0.630288672338741,0.6952882128819211,0.737128352699043,0.773749846654602,0.800536706396577,0.8213358914914509,0.84452883082396,0.864706173745593,0.883960795658143,0.8992505411024431,0.916867555174955,0.929736450963376,0.9422793119865909,0.952323714065518,0.9602071467850558,0.9671342098394651,0.973722460757453,0.9788989270556671,0.9840441172450991,0.9893303487740821,0.9939254770348341,0.9974099499692101,1.0,0.9969635712485891,0.992261374387022,0.9810214386891429,0.9609108810345469,0.915351715881996,0.627202832011355,0.33576912670880393
0.11785539360932701,0.46974313725065603,0.604124102403537,0.6701128267531751,0.712330782087051,0.750706839945524,0.7785557499938929,0.8004950145816121,0.824750517653654,0.845775566501621,0.8662059824888091,0.8822851899445879,0.901243874215317,0.9152983468656289,0.928860857779657,0.939632165300512,0.9483189769963671,0.9555984066641909,0.963340221690999,0.969807321233085,0.9761747662539759,0.9825699510726109,0.9882411576912479,0.992959834899062,0.9969635712485891,1.0,0.9965788071707241,0.9878264191705501,0.970301070646683,0.928164009789104,0.64282524411761,0.35294878951344294
0.0950869330334834,0.441152933883116,0.575713681089639,0.6427392383678411,0.686296073107318,0.7257495608018979,0.754440978551354,0.777941298416398,0.8031962760174141,0.82538779056271,0.8470424872297231,0.8646401878397809,0.884320224390932,0.89912715321126,0.913557144716591,0.9251575034481079,0.934597990899765,0.9428532772216209,0.9516659808689479,0.959274984210203,0.9665135198196991,0.9738454578989141,0.9805405008238121,0.986592865782645,0.992261374387022,0.9965788071707241,1.0,0.9935141715182629,0.979339913842596,0.9411437606662599,0.6653220977123651,0.380174810159015
0.0684984025707515,0.397805408021416,0.534118946588697,0.602189160139747,0.646053751222021,0.6875398707836949,0.7175161462908721,0.7415074238746329,0.768158462272626,0.79180639900823,0.814843238478421,0.833910221818129,0.8556629763671109,0.8713752505213709,0.8870116561697591,0.9002864410424541,0.911262423041738,0.920621914610222,0.9308790003103371,0.939668892663095,0.947901943811159,0.956459219056384,0.9648274339226909,0.9729788297920351,0.9810214386891429,0.9878264191705501,0.9935141715182629,1.0,0.99132002822026,0.962993748096226,0.7160395461695149,0.426945645472332
0.0341872401240017,0.344020651562153,0.478932603718685,0.546748383525777,0.591216174211545,0.6340942834180621,0.66502932920533,0.6905344227477521,0.7190318146609008,0.743964602519873,0.768513275527818,0.789466212648645,0.813438602627805,0.830922663789854,0.848286910004593,0.863453871199832,0.876041498180933,0.886796643974631,0.8986112709379008,0.9091720077905941,0.9188883461688561,0.9296502237894979,0.939221391252145,0.9495514795631279,0.9609108810345469,0.970301070646683,0.979339913842596,0.99132002822026,1.0,0.982074598160802,0.7647706641782349,0.47489781335059206
0.0137242478023748,0.261209192285056,0.39528041381821105,0.46585158145572403,0.5097438127475139,0.554680808190061,0.5857309490827349,0.6112542667892671,0.64109150453646,0.666843342728692,0.691964313980771,0.7150521014091921,0.742358728027205,0.760984718271396,0.7801439152579279,0.7968925361102471,0.810550662296818,0.823030850302117,0.83683809396228,0.8493066838959259,0.861430782948408,0.8744346063006491,0.8864219189198249,0.900209868526948,0.915351715881996,0.928164009789104,0.9411437606662599,0.962993748096226,0.982074598160802,1.0,0.836721188216229,0.55763729615111
0.0893395093366628,0.0383059691747771,0.143887215658519,0.19754957020638,0.230992207324966,0.27055555371282397,0.291594642151368,0.310133483722148,0.335947188414883,0.357460096681161,0.379498681169262,0.40043224032944796,0.429150407821181,0.4463417798827489,0.46442339968517793,0.484967902260378,0.49922238387153106,0.514757822937983,0.529749588797592,0.542333536374915,0.5546640536552261,0.569098993433739,0.583342442117481,0.602039255556242,0.627202832011355,0.64282524411761,0.6653220977123651,0.7160395461695149,0.7647706641782349,0.836721188216229,1.0,0.7120184485354341
0.140966373971234,0.14775895980075898,0.09186001097858999,0.0454762331804582,0.024093632860551002,0.00579158697740531,0.0188832343516209,0.0312421527306535,0.0457715353442102,0.0667053051687962,0.0871786479360037,0.10807840123031899,0.136350709612329,0.15281866489630702,0.171344987566078,0.19420156438911698,0.20864112953769698,0.219928315754406,0.23171581167586,0.24263041843635802,0.257103947082941,0.27352456912430106,0.294514214800665,0.316319746135576,0.33576912670880393,0.35294878951344294,0.380174810159015,0.426945645472332,0.47489781335059206,0.55763729615111,0.7120184485354341,1.0
