1.0,0.9064266806427559,0.8737749191544599,0.8448847872601691,0.816925534632392,0.7959162725898309,0.7762630586377209,0.7567924942379609,0.7342902970429109,0.707553547553384,0.6804684304084561,0.646311965986987,0.6052705871279069,0.5623471860633521,0.5294629916886769,0.490212718261494,0.4473227865908951,0.40256230420996003,0.35244213067578,0.307939811060404,0.262518948165825,0.216725855304792,0.17784491415646803,0.14045264890352802,0.10041661239100098,0.0589243640535563,0.019359590696386,0.0235565820019488,0.0667339730677939,0.109104458560649,0.186060269970401,0.282084271777112
0.9064266806427559,1.0,0.979966374436999,0.959388047630867,0.941809323336451,0.9257902427697909,0.907026827803216,0.893598945990367,0.875557892720335,0.850085130201759,0.825037503661495,0.7915426052422951,0.7521153656350921,0.707857320048111,0.677621986922463,0.637584354862638,0.59329759052965,0.5476771249387999,0.494157205265985,0.446161031056863,0.399554017197344,0.35114312067682696,0.308870113881672,0.26552477891852105,0.220471095161881,0.176303920586486,0.132208304632706,0.0844251527458914,0.0379049311913083,0.00786048526351818,0.115919912852969,0.21835316252030498
0.8737749191544599,0.979966374436999,1.0,0.9878195209997259,0.974526119522557,0.962260478602764,0.946288473973022,0.935333681111355,0.918599095261779,0.896829248309308,0.873803756089422,0.8438444495675219,0.808096772174662,0.766492707341218,0.737875957925739,0.7000352333544629,0.6581359627522081,0.6139653587277399,0.5618058330132679,0.514113543544226,0.4699449356757,0.422909589177517,0.381112575578555,0.338427619216081,0.2946243665138111,0.250186104267258,0.20631311931877103,0.156941899797508,0.10892477584205901,0.0574817920717591,0.0650787029465827,0.191569209858649
0.8448847872601691,0.959388047630867,0.9878195209997259,1.0,0.99124396760467,0.982127764768853,0.969978581984394,0.9600729968761,0.9471533633284259,0.929532843057341,0.90976445093818,0.8840764408465891,0.852179115851538,0.8144563591697378,0.7887100406283342,0.754098902871359,0.715941266629493,0.673668231690062,0.624875015916732,0.5790012803377521,0.536506564731775,0.49138773824987503,0.45053693120477506,0.408718447859205,0.36547356118636204,0.32136921560937703,0.27740601950319504,0.22812398093946698,0.178732020709321,0.118980021786646,0.0181752403089932,0.158334282971819
0.816925534632392,0.941809323336451,0.974526119522557,0.99124396760467,1.0,0.992780716193313,0.9841123345332929,0.976233543396627,0.9657672974055691,0.9508507038174381,0.9340779256643921,0.911066527430403,0.8830072795926669,0.8484147013511141,0.824210177942445,0.79134077638946,0.7559125840056609,0.7163144085416501,0.670952225354181,0.62687864216664,0.586152053692777,0.541976484062864,0.502387195016479,0.461713013803491,0.419801455639788,0.377920695241094,0.334596688183542,0.28553999664596397,0.234941818854614,0.16994010769346,0.0246957802274437,0.12780986903640199
0.7959162725898309,0.9257902427697909,0.962260478602764,0.982127764768853,0.992780716193313,1.0,0.9945084394846091,0.988737353066937,0.9802624588100409,0.968353975687986,0.9542845201730459,0.934598195961833,0.9097330047409341,0.87844581335445,0.855720651046511,0.8251825504845871,0.7918033967068991,0.754770836815317,0.711492504279722,0.6698870601847801,0.6318301119160771,0.5888009489447601,0.550219334226915,0.51057526011376,0.46982984869998207,0.428568996093642,0.38529562391985,0.336510879873718,0.284876988429773,0.21502564721389997,0.0633700867174289,0.0925532602794753
0.7762630586377209,0.907026827803216,0.946288473973022,0.969978581984394,0.9841123345332929,0.9945084394846091,1.0,0.9957512265976949,0.9898309149204491,0.980408510804251,0.969154560607419,0.9525969656003371,0.930558480248376,0.902399477886104,0.8817392498036,0.853880200239685,0.8229993956342719,0.78845797385654,0.747828430793972,0.708354507444034,0.6721142659355479,0.630952412782001,0.593761677974428,0.5556603985237839,0.516096900847601,0.4756940878141239,0.434238676603996,0.387640663355787,0.33636897201516397,0.261465992137007,0.106570380327238,0.0654735555164136
0.7567924942379609,0.893598945990367,0.935333681111355,0.9600729968761,0.976233543396627,0.988737353066937,0.9957512265976949,1.0,0.995408725678679,0.9876508765366991,0.9782560201929109,0.9642861810326802,0.945043740402143,0.919508816539226,0.900092792238539,0.8737668376041559,0.84415693560202,0.811684738293145,0.772974507672345,0.7352348422421509,0.7006453530345971,0.660683891814391,0.6250146330657579,0.587930281802025,0.550031622912171,0.510450738923284,0.47001226462017404,0.424058641590442,0.372492084492638,0.296265598072813,0.13993570028433702,0.0343365855952993
0.7342902970429109,0.875557892720335,0.918599095261779,0.9471533633284259,0.9657672974055691,0.9802624588100409,0.9898309149204491,0.995408725678679,1.0,0.9949433826177171,0.9877049118166171,0.9763619304526422,0.9594355431673391,0.9367017904568559,0.9192290886405091,0.8952645841423801,0.8670794552782841,0.836494041507205,0.799958695356305,0.764176049784823,0.7316169248910259,0.693397378468202,0.658781594550904,0.622526919401837,0.5861764394132629,0.547723499934965,0.5077120005008939,0.462391777200474,0.410805409869315,0.33109152104205897,0.17067213090502803,0.0140911211354406
0.707553547553384,0.850085130201759,0.896829248309308,0.929532843057341,0.9508507038174381,0.968353975687986,0.980408510804251,0.9876508765366991,0.9949433826177171,1.0,0.995154761438551,0.987080566202595,0.973694023232038,0.9544895835110849,0.939035305257715,0.917771139830527,0.8924085615809559,0.864896318681405,0.8315452542138722,0.798416822895111,0.7681948621666209,0.7317248685467629,0.6991835893505339,0.6650266900612929,0.6301589024889019,0.5925399663458,0.552083391951864,0.5075649088404579,0.45566587836618105,0.372018241315444,0.203828453074653,0.007646761239131959
0.6804684304084561,0.825037503661495,0.873803756089422,0.90976445093818,0.9340779256643921,0.9542845201730459,0.969154560607419,0.9782560201929109,0.9877049118166171,0.995154761438551,1.0,0.9954939088807081,0.985607000889035,0.9701851663681479,0.956905772775663,0.9379719808674399,0.915400501625794,0.890619423058211,0.859529751985675,0.8289424378832209,0.800354873406739,0.7665004147487929,0.736384252180073,0.704017307470191,0.670167072942051,0.634624922126273,0.596542593699492,0.5532792827938051,0.50203010796802,0.416592333674846,0.24677598271640397,0.04475848192401901
0.646311965986987,0.7915426052422951,0.8438444495675219,0.8840764408465891,0.911066527430403,0.934598195961833,0.9525969656003371,0.9642861810326802,0.9763619304526422,0.987080566202595,0.9954939088807081,1.0,0.995127189096027,0.9839614779700291,0.9734361481230559,0.9576682611536229,0.938219078238948,0.916284899597228,0.888537099052359,0.8612207604132379,0.834925839033521,0.8038520522698459,0.775682724039532,0.7455333218479441,0.714304506620642,0.6807370606478921,0.6445867547277979,0.602184048558552,0.550949788244126,0.462880939274782,0.28958255333113103,0.0805571085774715
0.6052705871279069,0.7521153656350921,0.808096772174662,0.852179115851538,0.8830072795926669,0.9097330047409341,0.930558480248376,0.945043740402143,0.9594355431673391,0.973694023232038,0.985607000889035,0.995127189096027,1.0,0.9941842278079459,0.9866612478996709,0.9745996925382641,0.9585728152348458,0.9398265665851121,0.91567404058639,0.891718450296182,0.8682544331668129,0.84017974466095,0.8141461978567069,0.7867584402655509,0.757825038144118,0.7264626376364051,0.69330768851677,0.652674928733486,0.601756243970173,0.511303997967554,0.33513867378956297,0.12132561131819099
0.5623471860633521,0.707857320048111,0.766492707341218,0.8144563591697378,0.8484147013511141,0.87844581335445,0.902399477886104,0.919508816539226,0.9367017904568559,0.9544895835110849,0.9701851663681479,0.9839614779700291,0.9941842278079459,1.0,0.9962604178047919,0.9883970877802271,0.9765107322666741,0.9620367005144499,0.941729609089718,0.9216845440696322,0.90061143114614,0.8760335516267059,0.8528784206387371,0.828264679447268,0.80206698730758,0.773525595197836,0.74236121856161,0.702225874473807,0.650661279812045,0.558563643787196,0.375837568569096,0.16121029419050303
0.5294629916886769,0.677621986922463,0.737875957925739,0.7887100406283342,0.824210177942445,0.855720651046511,0.8817392498036,0.900092792238539,0.9192290886405091,0.939035305257715,0.956905772775663,0.9734361481230559,0.9866612478996709,0.9962604178047919,1.0,0.995698025492819,0.986808255457081,0.9749943342527511,0.957122016056891,0.9392421637600981,0.920064221047073,0.897666490590782,0.8759408214973521,0.85286277261702,0.828702128564853,0.8020090123405509,0.7728595832668359,0.734301232132387,0.684297177824845,0.592800998038968,0.406995271247409,0.18682915303357
0.490212718261494,0.637584354862638,0.7000352333544629,0.754098902871359,0.79134077638946,0.8251825504845871,0.853880200239685,0.8737668376041559,0.8952645841423801,0.917771139830527,0.9379719808674399,0.9576682611536229,0.9745996925382641,0.9883970877802271,0.995698025492819,1.0,0.9956758807897109,0.987054672862785,0.972471705767673,0.957191501329364,0.940757671439489,0.920826547850397,0.9007676340606421,0.87947080988838,0.857268484318583,0.8326483020634329,0.8052717008953101,0.7689254462525541,0.720437547522867,0.628076230743517,0.44095051077500796,0.21884023495396399
0.4473227865908951,0.59329759052965,0.6581359627522081,0.715941266629493,0.7559125840056609,0.7918033967068991,0.8229993956342719,0.84415693560202,0.8670794552782841,0.8924085615809559,0.915400501625794,0.938219078238948,0.9585728152348458,0.9765107322666741,0.986808255457081,0.9956758807897109,1.0,0.9954920543301821,0.9845632353490721,0.9721739607323729,0.958139489932414,0.9406325214523199,0.922604780036533,0.903496905198798,0.883430281653459,0.8610668073790742,0.835936771074843,0.8023508432175641,0.7560304717310709,0.6647866886873571,0.47755948230140394,0.249939904087222
0.40256230420996003,0.5476771249387999,0.6139653587277399,0.673668231690062,0.7163144085416501,0.754770836815317,0.78845797385654,0.811684738293145,0.836494041507205,0.864896318681405,0.890619423058211,0.916284899597228,0.9398265665851121,0.9620367005144499,0.9749943342527511,0.987054672862785,0.9954920543301821,1.0,0.994545809506524,0.985525079545952,0.9743026007436251,0.960151172440989,0.944628980547971,0.927759099643497,0.910560917651259,0.890696693493274,0.867086917425956,0.8355329758230071,0.791494192262678,0.700215214843093,0.5120895824595201,0.28223668338214397
0.35244213067578,0.494157205265985,0.5618058330132679,0.624875015916732,0.670952225354181,0.711492504279722,0.747828430793972,0.772974507672345,0.799958695356305,0.8315452542138722,0.859529751985675,0.888537099052359,0.91567404058639,0.941729609089718,0.957122016056891,0.972471705767673,0.9845632353490721,0.994545809506524,1.0,0.9952768860011492,0.9876159415042909,0.9771570202754499,0.9647934988954541,0.950247142175049,0.9355613538555769,0.9184562263774051,0.896905272072874,0.8676207912321791,0.826195743760432,0.734744698316263,0.546937658534779,0.309145913346825
0.307939811060404,0.446161031056863,0.514113543544226,0.5790012803377521,0.62687864216664,0.6698870601847801,0.708354507444034,0.7352348422421509,0.764176049784823,0.798416822895111,0.8289424378832209,0.8612207604132379,0.891718450296182,0.9216845440696322,0.9392421637600981,0.957191501329364,0.9721739607323729,0.985525079545952,0.9952768860011492,1.0,0.995686329366222,0.988438596991338,0.978586698471541,0.967467179426703,0.954573532184553,0.939241430259787,0.9200007602677809,0.8926701036122471,0.852177489404445,0.7605891668530379,0.575154598411321,0.342233348901736
0.262518948165825,0.399554017197344,0.4699449356757,0.536506564731775,0.586152053692777,0.6318301119160771,0.6721142659355479,0.7006453530345971,0.7316169248910259,0.7681948621666209,0.800354873406739,0.834925839033521,0.8682544331668129,0.90061143114614,0.920064221047073,0.940757671439489,0.958139489932414,0.9743026007436251,0.9876159415042909,0.995686329366222,1.0,0.9957763651797672,0.988604467260115,0.9797372454564252,0.9693091499628979,0.9558956185628392,0.9376264971606819,0.9128867795722041,0.874511531084159,0.781387390270634,0.59836054796168,0.37165343498142694
0.216725855304792,0.35114312067682696,0.422909589177517,0.49138773824987503,0.541976484062864,0.5888009489447601,0.630952412782001,0.660683891814391,0.693397378468202,0.7317248685467629,0.7665004147487929,0.8038520522698459,0.84017974466095,0.8760335516267059,0.897666490590782,0.920826547850397,0.9406325214523199,0.960151172440989,0.9771570202754499,0.988438596991338,0.9957763651797672,1.0,0.9958583479623451,0.9895500274002859,0.980796050154763,0.9701164159539771,0.954395617505154,0.931855060552741,0.8962559136492808,0.802323853623054,0.623433274306069,0.395745170126825
0.17784491415646803,0.308870113881672,0.381112575578555,0.45053693120477506,0.502387195016479,0.550219334226915,0.593761677974428,0.6250146330657579,0.658781594550904,0.6991835893505339,0.736384252180073,0.775682724039532,0.8141461978567069,0.8528784206387371,0.8759408214973521,0.9007676340606421,0.922604780036533,0.944628980547971,0.9647934988954541,0.978586698471541,0.988604467260115,0.9958583479623451,1.0,0.9961686478555479,0.989752868340271,0.981408194024187,0.9684204610207041,0.9485090867615609,0.915622311447859,0.8252319646978891,0.649991585242088,0.418397384696686
0.14045264890352802,0.26552477891852105,0.338427619216081,0.408718447859205,0.461713013803491,0.51057526011376,0.5556603985237839,0.587930281802025,0.622526919401837,0.6650266900612929,0.704017307470191,0.7455333218479441,0.7867584402655509,0.828264679447268,0.85286277261702,0.87947080988838,0.903496905198798,0.927759099643497,0.950247142175049,0.967467179426703,0.9797372454564252,0.9895500274002859,0.9961686478555479,1.0,0.995793238362981,0.988899557353932,0.9781086906605699,0.9611681148736461,0.9304128849072539,0.8422858133751241,0.674352341976208,0.44752773978301297
0.10041661239100098,0.220471095161881,0.2946243665138111,0.36547356118636204,0.419801455639788,0.46982984869998207,0.516096900847601,0.550031622912171,0.5861764394132629,0.6301589024889019,0.670167072942051,0.714304506620642,0.757825038144118,0.80206698730758,0.828702128564853,0.857268484318583,0.883430281653459,0.910560917651259,0.9355613538555769,0.954573532184553,0.9693091499628979,0.980796050154763,0.989752868340271,0.995793238362981,1.0,0.9952875958161691,0.987274700994403,0.972921068053498,0.9454217080305691,0.861344952354515,0.6969549793174039,0.47305127710038297
0.0589243640535563,0.176303920586486,0.250186104267258,0.32136921560937703,0.377920695241094,0.428568996093642,0.4756940878141239,0.510450738923284,0.547723499934965,0.5925399663458,0.634624922126273,0.6807370606478921,0.7264626376364051,0.773525595197836,0.8020090123405509,0.8326483020634329,0.8610668073790742,0.890696693493274,0.9184562263774051,0.939241430259787,0.9558956185628392,0.9701164159539771,0.981408194024187,0.988899557353932,0.9952875958161691,1.0,0.994186589062726,0.9810486474844101,0.956596226009583,0.8754937630454291,0.7132348465151009,0.49934260290154797
0.019359590696386,0.132208304632706,0.20631311931877103,0.27740601950319504,0.334596688183542,0.38529562391985,0.434238676603996,0.47001226462017404,0.5077120005008939,0.552083391951864,0.596542593699492,0.6445867547277979,0.69330768851677,0.74236121856161,0.7728595832668359,0.8052717008953101,0.835936771074843,0.867086917425956,0.896905272072874,0.9200007602677809,0.9376264971606819,0.954395617505154,0.9684204610207041,0.9781086906605699,0.987274700994403,0.994186589062726,1.0,0.9917297440303171,0.971949816062739,0.899041936193062,0.7467091515768929,0.530806930219611
0.0235565820019488,0.0844251527458914,0.156941899797508,0.22812398093946698,0.28553999664596397,0.336510879873718,0.387640663355787,0.424058641590442,0.462391777200474,0.5075649088404579,0.5532792827938051,0.602184048558552,0.652674928733486,0.702225874473807,0.734301232132387,0.7689254462525541,0.8023508432175641,0.8355329758230071,0.8676207912321791,0.8926701036122471,0.9128867795722041,0.931855060552741,0.9485090867615609,0.9611681148736461,0.972921068053498,0.9810486474844101,0.9917297440303171,1.0,0.988327558575007,0.9259170744446109,0.790037224455534,0.563610315477214
0.0667339730677939,0.0379049311913083,0.10892477584205901,0.178732020709321,0.234941818854614,0.284876988429773,0.33636897201516397,0.372492084492638,0.410805409869315,0.45566587836618105,0.50203010796802,0.550949788244126,0.601756243970173,0.650661279812045,0.684297177824845,0.720437547522867,0.7560304717310709,0.791494192262678,0.826195743760432,0.852177489404445,0.874511531084159,0.8962559136492808,0.915622311447859,0.9304128849072539,0.9454217080305691,0.956596226009583,0.971949816062739,0.988327558575007,1.0,0.958772641423827,0.8409621968826729,0.6063154207489712
0.109104458560649,0.00786048526351818,0.0574817920717591,0.118980021786646,0.16994010769346,0.21502564721389997,0.261465992137007,0.296265598072813,0.33109152104205897,0.372018241315444,0.416592333674846,0.462880939274782,0.511303997967554,0.558563643787196,0.592800998038968,0.628076230743517,0.6647866886873571,0.700215214843093,0.734744698316263,0.7605891668530379,0.781387390270634,0.802323853623054,0.8252319646978891,0.8422858133751241,0.861344952354515,0.8754937630454291,0.899041936193062,0.9259170744446109,0.958772641423827,1.0,0.9118776350306229,0.663254110470222
0.186060269970401,0.115919912852969,0.0650787029465827,0.0181752403089932,0.0246957802274437,0.0633700867174289,0.106570380327238,0.13993570028433702,0.17067213090502803,0.203828453074653,0.24677598271640397,0.28958255333113103,0.33513867378956297,0.375837568569096,0.406995271247409,0.44095051077500796,0.47755948230140394,0.5120895824595201,0.546937658534779,0.575154598411321,0.59836054796168,0.623433274306069,0.649991585242088,0.674352341976208,0.6969549793174039,0.7132348465151009,0.7467091515768929,0.790037224455534,0.8409621968826729,0.9118776350306229,1.0,0.7432394991089879
0.282084271777112,0.21835316252030498,0.191569209858649,0.158334282971819,0.12780986903640199,0.0925532602794753,0.0654735555164136,0.0343365855952993,0.0140911211354406,0.007646761239131959,0.04475848192401901,0.0805571085774715,0.12132561131819099,0.16121029419050303,0.18682915303357,0.21884023495396399,0.249939904087222,0.28223668338214397,0.309145913346825,0.342233348901736,0.37165343498142694,0.395745170126825,0.418397384696686,0.44752773978301297,0.47305127710038297,0.49934260290154797,0.530806930219611,0.563610315477214,0.6063154207489712,0.663254110470222,0.7432394991089879,1.0
