1.0,0.802711210536265,0.746699397273038,0.712363655525603,0.68950396512906,0.6746433427673381,0.659035731305442,0.64366713837463,0.6360046298378671,0.6211115897472671,0.60448416191298,0.5864594216430071,0.5744192729992951,0.5620289801273891,0.550682997838925,0.534287687128574,0.522481549337731,0.508079987099448,0.495141626912613,0.48223795500468203,0.47320734355380994,0.46317481734637606,0.45717921652826005,0.44811068936231,0.42949644863701003,0.41085833812496997,0.39217530525502703,0.35492880841241203,0.313372961026954,0.219388201615735,0.112561062503537,0.0163879852659837
0.802711210536265,1.0,0.955900605605697,0.927841636057761,0.9085022051328671,0.8924844805704569,0.879046769788322,0.863834386970238,0.8575196878581229,0.8440060327649631,0.8286726758960459,0.8135529801481959,0.801300044339516,0.7875321326255359,0.7748162548065,0.756505288814452,0.742735620345802,0.72784368856454,0.7123994965208299,0.6975075008161078,0.6872950697589301,0.673814115769446,0.6634041754093071,0.6497720752467291,0.6278344557855791,0.602458028770197,0.577827746997681,0.5312633167822329,0.4719083798610739,0.34091442496781393,0.172938886515356,0.0412843322327678
0.746699397273038,0.955900605605697,1.0,0.9809289804145109,0.965559627534743,0.9518847174987909,0.9402229701914241,0.929254289679293,0.922781103501287,0.9107689402493709,0.8982516177745551,0.885289954826425,0.8745937246833559,0.8620138357673,0.8503062435879929,0.833674020766634,0.8213924687836541,0.808527523232691,0.7946117752205171,0.7815750158375541,0.771483268184039,0.7567063138665571,0.7453176665103408,0.732464048091453,0.7122676512920291,0.6882601268347751,0.6640864784055881,0.619551647063919,0.5607523904035911,0.423162034199728,0.234752492863758,0.0683309292789475
0.712363655525603,0.927841636057761,0.9809289804145109,1.0,0.988367310239409,0.976885826265859,0.9681027095030351,0.9593137075484099,0.9539553747023459,0.943857543201127,0.933497965513486,0.922237833288037,0.9128623821099019,0.901816917873577,0.889696767975812,0.875256545885866,0.8639491958008639,0.8529638768072109,0.8408717706035759,0.8286685056710841,0.819075484192293,0.8064618958887378,0.7961507265726541,0.7828942072510059,0.763365937809124,0.7410280153255581,0.716933458210137,0.674229837071574,0.613781188721324,0.469238074812022,0.26372744565870004,0.0968843611383146
0.68950396512906,0.9085022051328671,0.965559627534743,0.988367310239409,1.0,0.9914588198031421,0.983821099144086,0.97625904290518,0.970990025635438,0.9617586428387809,0.951734258793466,0.9416966396462629,0.932530559951497,0.922536882720312,0.9106171323480609,0.898257973032149,0.887465319220885,0.877305933421606,0.8659343078805579,0.8541230837941659,0.8446544188688091,0.8321915545848629,0.8225067142160151,0.809579305031551,0.7905105296026291,0.7687731004453451,0.745011345012435,0.7044608796373159,0.643983212400613,0.500607112964729,0.28708913255867796,0.11597999977347698
0.6746433427673381,0.8924844805704569,0.9518847174987909,0.976885826265859,0.9914588198031421,1.0,0.9930775612073951,0.9858207700778671,0.980468636859948,0.971791093322645,0.962596653995644,0.95285799274011,0.944487110655943,0.935328586591771,0.9245619076259871,0.9129437446739459,0.9024040797432821,0.892287582375691,0.8807876492148531,0.870404729635559,0.8617985025969408,0.850158194695698,0.8412342041357471,0.8289313355088911,0.8113538313306609,0.790390395060993,0.7665030195247491,0.7271302267454781,0.668358971181578,0.521880149533168,0.300566402783693,0.128175862611859
0.659035731305442,0.879046769788322,0.9402229701914241,0.9681027095030351,0.983821099144086,0.9930775612073951,1.0,0.9945869828612142,0.989363540608072,0.981483295930971,0.972237748223621,0.9631424136318271,0.95482821995683,0.9452319481679499,0.934599950272886,0.9236174544840791,0.9142502065596471,0.904703437314862,0.89416453101277,0.8841771361305809,0.875776516782938,0.864936847748996,0.856729320748148,0.8449198313644108,0.828496097188993,0.808763409475217,0.7852688967781909,0.7462419637027,0.687705655600953,0.538743807906973,0.309474839750787,0.136768227526642
0.64366713837463,0.863834386970238,0.929254289679293,0.9593137075484099,0.97625904290518,0.9858207700778671,0.9945869828612142,1.0,0.9954534058287071,0.988691538436873,0.9799657114962951,0.971520680447537,0.9635057762754029,0.953566300117355,0.9425722927324691,0.9314745606591809,0.9223868953042058,0.9132423271873841,0.9029746210725351,0.8934821976803209,0.886114954920609,0.876111886979855,0.868364900110857,0.85709572060443,0.8404311611131451,0.8217371547739541,0.798680761023574,0.7602206637277099,0.701374459024463,0.551697034095383,0.317945744150513,0.144361510913522
0.6360046298378671,0.8575196878581229,0.922781103501287,0.9539553747023459,0.970990025635438,0.980468636859948,0.989363540608072,0.9954534058287071,1.0,0.9948322212037181,0.987036953836894,0.9791202846805659,0.9709198384468879,0.9604289862602329,0.949945179779418,0.9392043150985071,0.9306678341770641,0.9220514436048481,0.9123965270462281,0.9031854955207901,0.8968445964178571,0.8877533400246279,0.880537111369582,0.869820144559264,0.8535412367784129,0.8356564759123409,0.81246490555235,0.77427449480774,0.7163208541651,0.56456633263175,0.33008319684943,0.150468071427102
0.6211115897472671,0.8440060327649631,0.9107689402493709,0.943857543201127,0.9617586428387809,0.971791093322645,0.981483295930971,0.988691538436873,0.9948322212037181,1.0,0.99471442360624,0.987751983060511,0.9799202942300042,0.9701239835860501,0.9603238219160349,0.949655173759182,0.9409075567273142,0.9331747784122859,0.9234329577495191,0.914703089225568,0.9090822085426908,0.900523994361683,0.8937380969672472,0.883679254687938,0.868463011663249,0.851677355242121,0.8286566856764971,0.7900166507736941,0.7321665207988208,0.5802186898867601,0.343878532657242,0.158380001402251
0.60448416191298,0.8286726758960459,0.8982516177745551,0.933497965513486,0.951734258793466,0.962596653995644,0.972237748223621,0.9799657114962951,0.987036953836894,0.99471442360624,1.0,0.995519473588426,0.9883260919683861,0.979111439016065,0.9699788558571378,0.9602276952613861,0.952030049700393,0.9452481047666271,0.93701438707051,0.929054026479491,0.9242650139776311,0.916591379877415,0.910456205680639,0.900937661225909,0.8870324702488759,0.8709136202368829,0.8487912476291809,0.8107351357377099,0.7538069408856469,0.6021809216766899,0.361265800468432,0.173086266490755
0.5864594216430071,0.8135529801481959,0.885289954826425,0.922237833288037,0.9416966396462629,0.95285799274011,0.9631424136318271,0.971520680447537,0.9791202846805659,0.987751983060511,0.995519473588426,1.0,0.995321748042307,0.9874311600052621,0.97930115287261,0.970458854447448,0.962449704753076,0.9561655551317391,0.9487842547972,0.94183684360846,0.9370386845923621,0.9297098360347049,0.9245383267860471,0.916336630006471,0.9037841789957359,0.888190562887782,0.8664388016817959,0.829435853935412,0.772982319311718,0.624095528241951,0.37829456819295704,0.18582753800824198
0.5744192729992951,0.801300044339516,0.8745937246833559,0.9128623821099019,0.932530559951497,0.944487110655943,0.95482821995683,0.9635057762754029,0.9709198384468879,0.9799202942300042,0.9883260919683861,0.995321748042307,1.0,0.995218688436048,0.987854254326053,0.9794231697709659,0.97238642191918,0.966250429598684,0.959231595242711,0.9525782524580451,0.9474484969981651,0.940253035372943,0.9357195735306759,0.928412503228136,0.916693378226212,0.901992581299546,0.881089120067451,0.846537307174895,0.792234883907117,0.648947970803311,0.40147854973908903,0.201248631295141
0.5620289801273891,0.7875321326255359,0.8620138357673,0.901816917873577,0.922536882720312,0.935328586591771,0.9452319481679499,0.953566300117355,0.9604289862602329,0.9701239835860501,0.979111439016065,0.9874311600052621,0.995218688436048,1.0,0.9952458762041841,0.988129670626005,0.981719013861908,0.9756040453387991,0.9683508840034041,0.9621918130359951,0.957100121893607,0.950374700280129,0.946274992154345,0.9396669170194499,0.9285409000689671,0.9139650053248051,0.8936390969294491,0.8610853100216079,0.8091413840879771,0.6693517062615141,0.42116603350011206,0.21706234462834698
0.550682997838925,0.7748162548065,0.8503062435879929,0.889696767975812,0.9106171323480609,0.9245619076259871,0.934599950272886,0.9425722927324691,0.949945179779418,0.9603238219160349,0.9699788558571378,0.97930115287261,0.987854254326053,0.9952458762041841,1.0,0.9954908976544692,0.9900409142284841,0.983970983063581,0.9767112632431499,0.970787672587656,0.96580334831403,0.958957875202943,0.9548143552866442,0.948994928083996,0.9389111140484878,0.924813371712897,0.9059839943190141,0.874662704439562,0.824374206987021,0.684043735273738,0.435160975896691,0.22504058485169395
0.534287687128574,0.756505288814452,0.833674020766634,0.875256545885866,0.898257973032149,0.9129437446739459,0.9236174544840791,0.9314745606591809,0.9392043150985071,0.949655173759182,0.9602276952613861,0.970458854447448,0.9794231697709659,0.988129670626005,0.9954908976544692,1.0,0.9967356059288491,0.9916380877975541,0.985420149702059,0.9800128636074151,0.975352663349244,0.969267051065124,0.9652636967614341,0.9599516781540022,0.9504532766169208,0.937411261042092,0.920300274537318,0.8914162824119369,0.843375397893575,0.7036713981588729,0.44949769172759996,0.23971624616264603
0.522481549337731,0.742735620345802,0.8213924687836541,0.8639491958008639,0.887465319220885,0.9024040797432821,0.9142502065596471,0.9223868953042058,0.9306678341770641,0.9409075567273142,0.952030049700393,0.962449704753076,0.97238642191918,0.981719013861908,0.9900409142284841,0.9967356059288491,1.0,0.9965695586495091,0.991115210497414,0.985719112148141,0.980899554150786,0.9753872386454109,0.971364313059413,0.9668020473433141,0.958132254095075,0.9459441402116959,0.929708969100746,0.90190349546973,0.8535707738748192,0.71462545096695,0.45702081838404207,0.24597829060246199
0.508079987099448,0.72784368856454,0.808527523232691,0.8529638768072109,0.877305933421606,0.892287582375691,0.904703437314862,0.9132423271873841,0.9220514436048481,0.9331747784122859,0.9452481047666271,0.9561655551317391,0.966250429598684,0.9756040453387991,0.983970983063581,0.9916380877975541,0.9965695586495091,1.0,0.9963153694789009,0.9915871084659008,0.987073837538756,0.981741209727761,0.977829213773927,0.973854461294331,0.9655341165127499,0.9540137590405441,0.9383625852321998,0.9116723653411579,0.8636392251984469,0.726290558919366,0.466707989720848,0.25202299332747696
0.495141626912613,0.7123994965208299,0.7946117752205171,0.8408717706035759,0.8659343078805579,0.8807876492148531,0.89416453101277,0.9029746210725351,0.9123965270462281,0.9234329577495191,0.93701438707051,0.9487842547972,0.959231595242711,0.9683508840034041,0.9767112632431499,0.985420149702059,0.991115210497414,0.9963153694789009,1.0,0.9966882384992242,0.9927985906585028,0.9875837807879159,0.983874936867053,0.979996989786783,0.9721401546882181,0.9608034743677389,0.945886065902763,0.92082844555216,0.8740066841319271,0.736475253213506,0.471267076912394,0.260013124177518
0.48223795500468203,0.6975075008161078,0.7815750158375541,0.8286685056710841,0.8541230837941659,0.870404729635559,0.8841771361305809,0.8934821976803209,0.9031854955207901,0.914703089225568,0.929054026479491,0.94183684360846,0.9525782524580451,0.9621918130359951,0.970787672587656,0.9800128636074151,0.985719112148141,0.9915871084659008,0.9966882384992242,1.0,0.9972497666461991,0.992535628692054,0.988677122199572,0.9845049537830509,0.977661646849657,0.96700045711299,0.952835168395086,0.9296875161100501,0.884650021569519,0.7463925121841211,0.478016114332954,0.261265072084438
0.47320734355380994,0.6872950697589301,0.771483268184039,0.819075484192293,0.8446544188688091,0.8617985025969408,0.875776516782938,0.886114954920609,0.8968445964178571,0.9090822085426908,0.9242650139776311,0.9370386845923621,0.9474484969981651,0.957100121893607,0.96580334831403,0.975352663349244,0.980899554150786,0.987073837538756,0.9927985906585028,0.9972497666461991,1.0,0.996362613969263,0.992617214637402,0.9885009236845571,0.9821672830156121,0.9723964805466708,0.9587271917305459,0.936382323132202,0.8917372308856291,0.7529245632895779,0.4874840938787371,0.270410252154624
0.46317481734637606,0.673814115769446,0.7567063138665571,0.8064618958887378,0.8321915545848629,0.850158194695698,0.864936847748996,0.876111886979855,0.8877533400246279,0.900523994361683,0.916591379877415,0.9297098360347049,0.940253035372943,0.950374700280129,0.958957875202943,0.969267051065124,0.9753872386454109,0.981741209727761,0.9875837807879159,0.992535628692054,0.996362613969263,1.0,0.996635687413206,0.9926042454751309,0.9874399262283761,0.979028609481566,0.966176864830253,0.945382577666894,0.90153523675391,0.7642893304954029,0.49785348011673397,0.279601976382294
0.45717921652826005,0.6634041754093071,0.7453176665103408,0.7961507265726541,0.8225067142160151,0.8412342041357471,0.856729320748148,0.868364900110857,0.880537111369582,0.8937380969672472,0.910456205680639,0.9245383267860471,0.9357195735306759,0.946274992154345,0.9548143552866442,0.9652636967614341,0.971364313059413,0.977829213773927,0.983874936867053,0.988677122199572,0.992617214637402,0.996635687413206,1.0,0.9961239638628689,0.990862158351615,0.9832769445957859,0.970454523905877,0.950375261559586,0.907016701716916,0.771524811312582,0.502465674240687,0.287235925403351
0.44811068936231,0.6497720752467291,0.732464048091453,0.7828942072510059,0.809579305031551,0.8289313355088911,0.8449198313644108,0.85709572060443,0.869820144559264,0.883679254687938,0.900937661225909,0.916336630006471,0.928412503228136,0.9396669170194499,0.948994928083996,0.9599516781540022,0.9668020473433141,0.973854461294331,0.979996989786783,0.9845049537830509,0.9885009236845571,0.9926042454751309,0.9961239638628689,1.0,0.9962352391565921,0.989749956037078,0.9784027231086941,0.9600235012212321,0.917663424717706,0.7845432388876329,0.515519128675584,0.296982827084778
0.42949644863701003,0.6278344557855791,0.7122676512920291,0.763365937809124,0.7905105296026291,0.8113538313306609,0.828496097188993,0.8404311611131451,0.8535412367784129,0.868463011663249,0.8870324702488759,0.9037841789957359,0.916693378226212,0.9285409000689671,0.9389111140484878,0.9504532766169208,0.958132254095075,0.9655341165127499,0.9721401546882181,0.977661646849657,0.9821672830156121,0.9874399262283761,0.990862158351615,0.9962352391565921,1.0,0.994794159693009,0.9851119528773341,0.9686514689384691,0.9266773970589409,0.7983253011128298,0.529938236884767,0.30764784938472806
0.41085833812496997,0.602458028770197,0.6882601268347751,0.7410280153255581,0.7687731004453451,0.790390395060993,0.808763409475217,0.8217371547739541,0.8356564759123409,0.851677355242121,0.8709136202368829,0.888190562887782,0.901992581299546,0.9139650053248051,0.924813371712897,0.937411261042092,0.9459441402116959,0.9540137590405441,0.9608034743677389,0.96700045711299,0.9723964805466708,0.979028609481566,0.9832769445957859,0.989749956037078,0.994794159693009,1.0,0.9922749653788809,0.9781754625292909,0.938674714415621,0.815261529897662,0.549118869707232,0.319253172218223
0.39217530525502703,0.577827746997681,0.6640864784055881,0.716933458210137,0.745011345012435,0.7665030195247491,0.7852688967781909,0.798680761023574,0.81246490555235,0.8286566856764971,0.8487912476291809,0.8664388016817959,0.881089120067451,0.8936390969294491,0.9059839943190141,0.920300274537318,0.929708969100746,0.9383625852321998,0.945886065902763,0.952835168395086,0.9587271917305459,0.966176864830253,0.970454523905877,0.9784027231086941,0.9851119528773341,0.9922749653788809,1.0,0.9890678571656171,0.956239162380278,0.839679399335078,0.5718997508228449,0.34187591257543604
0.35492880841241203,0.5312633167822329,0.619551647063919,0.674229837071574,0.7044608796373159,0.7271302267454781,0.7462419637027,0.7602206637277099,0.77427449480774,0.7900166507736941,0.8107351357377099,0.829435853935412,0.846537307174895,0.8610853100216079,0.874662704439562,0.8914162824119369,0.90190349546973,0.9116723653411579,0.92082844555216,0.9296875161100501,0.936382323132202,0.945382577666894,0.950375261559586,0.9600235012212321,0.9686514689384691,0.9781754625292909,0.9890678571656171,1.0,0.975454064654234,0.8714618826031,0.6128888197768722,0.374743420285857
0.313372961026954,0.4719083798610739,0.5607523904035911,0.613781188721324,0.643983212400613,0.668358971181578,0.687705655600953,0.701374459024463,0.7163208541651,0.7321665207988208,0.7538069408856469,0.772982319311718,0.792234883907117,0.8091413840879771,0.824374206987021,0.843375397893575,0.8535707738748192,0.8636392251984469,0.8740066841319271,0.884650021569519,0.8917372308856291,0.90153523675391,0.907016701716916,0.917663424717706,0.9266773970589409,0.938674714415621,0.956239162380278,0.975454064654234,1.0,0.925192022216932,0.681377279007922,0.41970951454162103
0.219388201615735,0.34091442496781393,0.423162034199728,0.469238074812022,0.500607112964729,0.521880149533168,0.538743807906973,0.551697034095383,0.56456633263175,0.5802186898867601,0.6021809216766899,0.624095528241951,0.648947970803311,0.6693517062615141,0.684043735273738,0.7036713981588729,0.71462545096695,0.726290558919366,0.736475253213506,0.7463925121841211,0.7529245632895779,0.7642893304954029,0.771524811312582,0.7845432388876329,0.7983253011128298,0.815261529897662,0.839679399335078,0.8714618826031,0.925192022216932,1.0,0.837515027111111,0.512966047942288
0.112561062503537,0.172938886515356,0.234752492863758,0.26372744565870004,0.28708913255867796,0.300566402783693,0.309474839750787,0.317945744150513,0.33008319684943,0.343878532657242,0.361265800468432,0.37829456819295704,0.40147854973908903,0.42116603350011206,0.435160975896691,0.44949769172759996,0.45702081838404207,0.466707989720848,0.471267076912394,0.478016114332954,0.4874840938787371,0.49785348011673397,0.502465674240687,0.515519128675584,0.529938236884767,0.549118869707232,0.5718997508228449,0.6128888197768722,0.681377279007922,0.837515027111111,1.0,0.5951132241795439
0.0163879852659837,0.0412843322327678,0.0683309292789475,0.0968843611383146,0.11597999977347698,0.128175862611859,0.136768227526642,0.144361510913522,0.150468071427102,0.158380001402251,0.173086266490755,0.18582753800824198,0.201248631295141,0.21706234462834698,0.22504058485169395,0.23971624616264603,0.24597829060246199,0.25202299332747696,0.260013124177518,0.261265072084438,0.270410252154624,0.279601976382294,0.287235925403351,0.296982827084778,0.30764784938472806,0.319253172218223,0.34187591257543604,0.374743420285857,0.41970951454162103,0.512966047942288,0.5951132241795439,1.0
