1.0,0.846274268609068,0.79612118367835,0.777202434205613,0.752528341500905,0.7408072877714008,0.7307790830639641,0.7216617169523141,0.706660409299933,0.6968506683371329,0.6826312284773689,0.665978879917584,0.651943699247048,0.63464509941352,0.617290007458719,0.6001723320287521,0.580744296867681,0.560511544437731,0.543623366265892,0.527742459172758,0.5077758533466,0.4863439962862,0.46307763516573397,0.447593849660346,0.43115336507116797,0.410972807503659,0.38312061177362605,0.354698339965834,0.30215805072921503,0.205955741520014,0.0771313810217003,0.0342254675486041
0.846274268609068,1.0,0.9665700903066491,0.949785707050851,0.9356003005709201,0.9271497570815329,0.9191174125840179,0.909730848524228,0.89875012463783,0.889296506334391,0.877291561984603,0.8638556050812372,0.8523403717380491,0.8382583735437371,0.8218751466688939,0.807644904929131,0.792052577093987,0.776998579292731,0.7621492542702409,0.7462670088309759,0.728868804593693,0.709440906434903,0.6871449687821971,0.669260075922789,0.649602729593136,0.629767528720092,0.5997676227317471,0.562099204841853,0.507742478702355,0.39481988630417,0.201204259602363,0.0119887848904307
0.79612118367835,0.9665700903066491,1.0,0.985501507285767,0.9741257694094201,0.9655105703957071,0.958685266100664,0.949863333483039,0.9406562125807869,0.931653481897463,0.9214349078101469,0.9097023232693591,0.8988574511199809,0.88658769102179,0.8717122146172349,0.8598465644998821,0.845421617131975,0.831872316436429,0.816490345440445,0.799500941738202,0.7824094223799629,0.765215338352891,0.7449410132419672,0.7287727231608291,0.710194589428353,0.690028426149027,0.6627580928053989,0.627442213762755,0.574623660904948,0.451692086078815,0.24233325066483802,0.0368347660230799
0.777202434205613,0.949785707050851,0.985501507285767,1.0,0.990030017573958,0.9812848293249251,0.974853200122288,0.966774818521264,0.958192423316563,0.9498306181932651,0.9407289727434119,0.9314993779277221,0.921972575021915,0.909902663252292,0.8959909510290749,0.885305472179603,0.872643837652649,0.8611650702319008,0.8470943116827041,0.8310189888119429,0.8147666984284441,0.7972309433180501,0.77768893063648,0.7617036421514259,0.742849270355577,0.722039894761021,0.6946715309971179,0.6589579082195041,0.602884388088994,0.471737799403996,0.25312042180780503,0.0335926582733527
0.752528341500905,0.9356003005709201,0.9741257694094201,0.990030017573958,1.0,0.9926787839769259,0.986467763130297,0.9795125882427159,0.972125815150086,0.9644064326614701,0.9560341923113571,0.9472741969575229,0.9392925033388659,0.928218584688991,0.915265179100658,0.9049091967968801,0.8936505454888991,0.882697793159466,0.8698517329380641,0.8545461279952629,0.8388919360226519,0.823200769122255,0.8055505519778359,0.7903741098615171,0.7726896375540692,0.75222826628978,0.7267522935802511,0.69208872935841,0.638369709883438,0.505464683022424,0.281231089707145,0.0497889186334628
0.7408072877714008,0.9271497570815329,0.9655105703957071,0.9812848293249251,0.9926787839769259,1.0,0.9943082386271891,0.989003185669975,0.982702013552193,0.9757746232922131,0.9681790013182159,0.9598372720217021,0.952213769963129,0.9419295059203442,0.9290367823251501,0.9190665555016769,0.9081667190765391,0.8975413360587842,0.885822331077362,0.871761510584739,0.8573815680273008,0.8425900558241899,0.8256376079986469,0.8107022696960959,0.793643463101991,0.7738171090158421,0.749692762544928,0.7152507249960491,0.662080000643291,0.52701508843638,0.294900445960217,0.0496257625428263
0.7307790830639641,0.9191174125840179,0.958685266100664,0.974853200122288,0.986467763130297,0.9943082386271891,1.0,0.995113231731546,0.9890990214953299,0.982372505334354,0.9749926372158991,0.967299801769432,0.960285761255899,0.950349418388864,0.9379903105834341,0.928335171332997,0.9170722731059859,0.9065549048214709,0.8953949950368141,0.881770185025839,0.8684970308405571,0.854892264522354,0.838758507917106,0.824211153255025,0.8078820008270909,0.7884555409717141,0.7649030134202829,0.7308076570615931,0.6772758321695059,0.540975741174873,0.305593916759205,0.0562221886356695
0.7216617169523141,0.909730848524228,0.949863333483039,0.966774818521264,0.9795125882427159,0.989003185669975,0.995113231731546,1.0,0.995257717811407,0.9887845948368751,0.981425716660893,0.974053524905441,0.967030025973387,0.957065915183837,0.945360614087768,0.935825153293393,0.924908388860684,0.914888572487063,0.9047563269071999,0.891995726161212,0.879057611012556,0.8662867475831529,0.8509633180861621,0.8369645792770719,0.822065279707008,0.8038728551106021,0.781217409918087,0.7476871304735991,0.697231686284018,0.561076657785803,0.32019060219167494,0.0737675504298895
0.706660409299933,0.89875012463783,0.9406562125807869,0.958192423316563,0.972125815150086,0.982702013552193,0.9890990214953299,0.995257717811407,1.0,0.9953922117483659,0.9891109071789549,0.9820646690773029,0.974975239066609,0.9662188715620931,0.955315223380617,0.9462490005487489,0.9355211288571429,0.925913799835414,0.916196123691919,0.903876156344602,0.8914987097629058,0.8796151322947091,0.8648727805264158,0.8520587014740871,0.837853557678318,0.8205773938451,0.799540506360771,0.7665960930150201,0.718431903033983,0.582552751636311,0.339178621791582,0.0881443057948246
0.6968506683371329,0.889296506334391,0.931653481897463,0.9498306181932651,0.9644064326614701,0.9757746232922131,0.982372505334354,0.9887845948368751,0.9953922117483659,1.0,0.995964914996609,0.989569673406303,0.982532123308413,0.974275148593425,0.963808732400182,0.954769871895386,0.9441647326462191,0.9345671721320541,0.9251027184602509,0.9139676019237579,0.902401688318083,0.891165479953665,0.8774463247221801,0.8654146449045681,0.851944141220268,0.8350871248945891,0.815107869600448,0.7834555838100241,0.7370306477832501,0.60294022804701,0.358647894653216,0.10021736111858301
0.6826312284773689,0.877291561984603,0.9214349078101469,0.9407289727434119,0.9560341923113571,0.9681790013182159,0.9749926372158991,0.981425716660893,0.9891109071789549,0.995964914996609,1.0,0.9957563800028292,0.989175449098884,0.981219694783787,0.971164020867895,0.962816926610768,0.95321074724971,0.9439437235681001,0.934905782061206,0.9243974960114649,0.9134205552774001,0.90333086628499,0.8904691014276791,0.8794618494673991,0.8670355874428579,0.85101937573771,0.8316602821874108,0.801497383980477,0.7546283026079901,0.6214890347322249,0.37548765669731,0.106847208136764
0.665978879917584,0.8638556050812372,0.9097023232693591,0.9314993779277221,0.9472741969575229,0.9598372720217021,0.967299801769432,0.974053524905441,0.9820646690773029,0.989569673406303,0.9957563800028292,1.0,0.9955647991394929,0.988517282542984,0.979515317361799,0.9721341660413728,0.9632885904814591,0.955157297329009,0.946295249760605,0.936423331214633,0.926622816532907,0.917546248291083,0.9060407596645391,0.8957123404663699,0.8836374099678779,0.8676994617185849,0.8490402824691691,0.8198038619642751,0.774498281717927,0.6403713258690389,0.392977017645224,0.11893800209545599
0.651943699247048,0.8523403717380491,0.8988574511199809,0.921972575021915,0.9392925033388659,0.952213769963129,0.960285761255899,0.967030025973387,0.974975239066609,0.982532123308413,0.989175449098884,0.9955647991394929,1.0,0.9956907492950291,0.988342215380731,0.9814573781707672,0.9733153388994291,0.965271512662728,0.9566771360471841,0.9470343248364941,0.9378476657382611,0.929534067177759,0.9188311589239259,0.9087973146319941,0.897214876095732,0.881684027480818,0.8644829978532571,0.836512293156337,0.7928369034901149,0.6614244131735629,0.41337966058828296,0.133409284935644
0.63464509941352,0.8382583735437371,0.88658769102179,0.909902663252292,0.928218584688991,0.9419295059203442,0.950349418388864,0.957065915183837,0.9662188715620931,0.974275148593425,0.981219694783787,0.988517282542984,0.9956907492950291,1.0,0.9956003487160809,0.989615694103924,0.9820464632054359,0.9742282114273141,0.9663791241283771,0.9576446267732289,0.9489046522529541,0.940951977764928,0.9311395458997179,0.9218947030567449,0.9108603971818149,0.8963071863117941,0.879849323944885,0.8530686840781779,0.8113334664397579,0.681221305874438,0.4299343669651529,0.151175000432576
0.617290007458719,0.8218751466688939,0.8717122146172349,0.8959909510290749,0.915265179100658,0.9290367823251501,0.9379903105834341,0.945360614087768,0.955315223380617,0.963808732400182,0.971164020867895,0.979515317361799,0.988342215380731,0.9956003487160809,1.0,0.9963334408548901,0.990088173215771,0.982929327614433,0.975873098305475,0.9681013618569879,0.9601265385425479,0.95235055094935,0.9428205229424951,0.9345866597760959,0.9245126420975209,0.911091910172189,0.8955426855550159,0.870117912145817,0.8310792115701521,0.705701369924631,0.45070697417438893,0.163506672260141
0.6001723320287521,0.807644904929131,0.8598465644998821,0.885305472179603,0.9049091967968801,0.9190665555016769,0.928335171332997,0.935825153293393,0.9462490005487489,0.954769871895386,0.962816926610768,0.9721341660413728,0.9814573781707672,0.989615694103924,0.9963334408548901,1.0,0.996331977542168,0.990307976304273,0.9839280581737779,0.976512154365848,0.9686665160980821,0.9614743768159671,0.9525766559621159,0.944790908961302,0.9354813051991371,0.922466440306582,0.908202912232458,0.8840129203135211,0.845884880220701,0.7212559879226009,0.4699565217107629,0.174671478682215
0.580744296867681,0.792052577093987,0.845421617131975,0.872643837652649,0.8936505454888991,0.9081667190765391,0.9170722731059859,0.924908388860684,0.9355211288571429,0.9441647326462191,0.95321074724971,0.9632885904814591,0.9733153388994291,0.9820464632054359,0.990088173215771,0.996331977542168,1.0,0.9960860996155941,0.991107483650687,0.984861689329951,0.9776094585304879,0.9708415229477679,0.9628103729366921,0.955242521637749,0.9461371634950658,0.9336117333252428,0.920032504784265,0.897892559764511,0.860800406054521,0.736436974577035,0.485317004155944,0.18197327652211603
0.560511544437731,0.776998579292731,0.831872316436429,0.8611650702319008,0.882697793159466,0.8975413360587842,0.9065549048214709,0.914888572487063,0.925913799835414,0.9345671721320541,0.9439437235681001,0.955157297329009,0.965271512662728,0.9742282114273141,0.982929327614433,0.990307976304273,0.9960860996155941,1.0,0.9964945069608241,0.9913231981653051,0.985135987149595,0.9787449370178699,0.970819913026275,0.9634009342109809,0.955135814851937,0.9427442602100541,0.929871533241524,0.9085399094338141,0.872485469057711,0.7483587263104029,0.49624028333016,0.187440729285527
0.543623366265892,0.7621492542702409,0.816490345440445,0.8470943116827041,0.8698517329380641,0.885822331077362,0.8953949950368141,0.9047563269071999,0.916196123691919,0.9251027184602509,0.934905782061206,0.946295249760605,0.9566771360471841,0.9663791241283771,0.975873098305475,0.9839280581737779,0.991107483650687,0.9964945069608241,1.0,0.996711797153696,0.9914442764523209,0.985156530157405,0.977593630060413,0.9704714267789779,0.9624476466308199,0.950829918292071,0.9384163811788591,0.9181582793231,0.8820174607739151,0.7583074872423,0.5045078519280579,0.19549326039645198
0.527742459172758,0.7462670088309759,0.799500941738202,0.8310189888119429,0.8545461279952629,0.871761510584739,0.881770185025839,0.891995726161212,0.903876156344602,0.9139676019237579,0.9243974960114649,0.936423331214633,0.9470343248364941,0.9576446267732289,0.9681013618569879,0.976512154365848,0.984861689329951,0.9913231981653051,0.996711797153696,1.0,0.995892851634486,0.9899166599355541,0.9833459872340609,0.976905696822367,0.9695047327066691,0.958612747654787,0.946646146638888,0.927431557177777,0.892423661122606,0.7693680105914781,0.516921501047807,0.20645215704872102
0.5077758533466,0.728868804593693,0.7824094223799629,0.8147666984284441,0.8388919360226519,0.8573815680273008,0.8684970308405571,0.879057611012556,0.8914987097629058,0.902401688318083,0.9134205552774001,0.926622816532907,0.9378476657382611,0.9489046522529541,0.9601265385425479,0.9686665160980821,0.9776094585304879,0.985135987149595,0.9914442764523209,0.995892851634486,1.0,0.9961649042081501,0.990688568050902,0.9848373330222591,0.977881792243804,0.96786501914421,0.956637007562927,0.938738116907913,0.905592457616013,0.7877171416393951,0.5370248423649711,0.22054926457623
0.4863439962862,0.709440906434903,0.765215338352891,0.7972309433180501,0.823200769122255,0.8425900558241899,0.854892264522354,0.8662867475831529,0.8796151322947091,0.891165479953665,0.90333086628499,0.917546248291083,0.929534067177759,0.940951977764928,0.95235055094935,0.9614743768159671,0.9708415229477679,0.9787449370178699,0.985156530157405,0.9899166599355541,0.9961649042081501,1.0,0.9962729876261079,0.990923894325197,0.984423683951101,0.9752430010266049,0.965960779353565,0.9494126809407859,0.9167223439665699,0.8022936564451579,0.553366347196227,0.235281517482647
0.46307763516573397,0.6871449687821971,0.7449410132419672,0.77768893063648,0.8055505519778359,0.8256376079986469,0.838758507917106,0.8509633180861621,0.8648727805264158,0.8774463247221801,0.8904691014276791,0.9060407596645391,0.9188311589239259,0.9311395458997179,0.9428205229424951,0.9525766559621159,0.9628103729366921,0.970819913026275,0.977593630060413,0.9833459872340609,0.990688568050902,0.9962729876261079,1.0,0.995612413100861,0.9900285105252099,0.9821297536261949,0.973238293847667,0.957411579120283,0.9263973592558621,0.8127860886930971,0.564223268749444,0.24536570913166397
0.447593849660346,0.669260075922789,0.7287727231608291,0.7617036421514259,0.7903741098615171,0.8107022696960959,0.824211153255025,0.8369645792770719,0.8520587014740871,0.8654146449045681,0.8794618494673991,0.8957123404663699,0.9087973146319941,0.9218947030567449,0.9345866597760959,0.944790908961302,0.955242521637749,0.9634009342109809,0.9704714267789779,0.976905696822367,0.9848373330222591,0.990923894325197,0.995612413100861,1.0,0.9955367583534291,0.989322350827311,0.98040308996167,0.9655522206145399,0.9380340558783969,0.826968702579987,0.57387515254911,0.25116456409139
0.43115336507116797,0.649602729593136,0.710194589428353,0.742849270355577,0.7726896375540692,0.793643463101991,0.8078820008270909,0.822065279707008,0.837853557678318,0.851944141220268,0.8670355874428579,0.8836374099678779,0.897214876095732,0.9108603971818149,0.9245126420975209,0.9354813051991371,0.9461371634950658,0.955135814851937,0.9624476466308199,0.9695047327066691,0.977881792243804,0.984423683951101,0.9900285105252099,0.9955367583534291,1.0,0.9948922749029809,0.9867399879057321,0.973594365839169,0.9474800289177451,0.8367161501160791,0.582004976847347,0.258762931126486
0.410972807503659,0.629767528720092,0.690028426149027,0.722039894761021,0.75222826628978,0.7738171090158421,0.7884555409717141,0.8038728551106021,0.8205773938451,0.8350871248945891,0.85101937573771,0.8676994617185849,0.881684027480818,0.8963071863117941,0.911091910172189,0.922466440306582,0.9336117333252428,0.9427442602100541,0.950829918292071,0.958612747654787,0.96786501914421,0.9752430010266049,0.9821297536261949,0.989322350827311,0.9948922749029809,1.0,0.993181850409178,0.981404824549388,0.9567987282458621,0.8492898703584271,0.595105295717786,0.269951657549108
0.38312061177362605,0.5997676227317471,0.6627580928053989,0.6946715309971179,0.7267522935802511,0.749692762544928,0.7649030134202829,0.781217409918087,0.799540506360771,0.815107869600448,0.8316602821874108,0.8490402824691691,0.8644829978532571,0.879849323944885,0.8955426855550159,0.908202912232458,0.920032504784265,0.929871533241524,0.9384163811788591,0.946646146638888,0.956637007562927,0.965960779353565,0.973238293847667,0.98040308996167,0.9867399879057321,0.993181850409178,1.0,0.9910525484731941,0.9684664272048481,0.8670816425284891,0.6231013743013549,0.288970730214251
0.354698339965834,0.562099204841853,0.627442213762755,0.6589579082195041,0.69208872935841,0.7152507249960491,0.7308076570615931,0.7476871304735991,0.7665960930150201,0.7834555838100241,0.801497383980477,0.8198038619642751,0.836512293156337,0.8530686840781779,0.870117912145817,0.8840129203135211,0.897892559764511,0.9085399094338141,0.9181582793231,0.927431557177777,0.938738116907913,0.9494126809407859,0.957411579120283,0.9655522206145399,0.973594365839169,0.981404824549388,0.9910525484731941,1.0,0.979000825479549,0.8805695055364509,0.642397504267158,0.308765461870566
0.30215805072921503,0.507742478702355,0.574623660904948,0.602884388088994,0.638369709883438,0.662080000643291,0.6772758321695059,0.697231686284018,0.718431903033983,0.7370306477832501,0.7546283026079901,0.774498281717927,0.7928369034901149,0.8113334664397579,0.8310792115701521,0.845884880220701,0.860800406054521,0.872485469057711,0.8820174607739151,0.892423661122606,0.905592457616013,0.9167223439665699,0.9263973592558621,0.9380340558783969,0.9474800289177451,0.9567987282458621,0.9684664272048481,0.979000825479549,1.0,0.928744345241519,0.7004268182475669,0.34066460262940196
0.205955741520014,0.39481988630417,0.451692086078815,0.471737799403996,0.505464683022424,0.52701508843638,0.540975741174873,0.561076657785803,0.582552751636311,0.60294022804701,0.6214890347322249,0.6403713258690389,0.6614244131735629,0.681221305874438,0.705701369924631,0.7212559879226009,0.736436974577035,0.7483587263104029,0.7583074872423,0.7693680105914781,0.7877171416393951,0.8022936564451579,0.8127860886930971,0.826968702579987,0.8367161501160791,0.8492898703584271,0.8670816425284891,0.8805695055364509,0.928744345241519,1.0,0.8428824799512309,0.424904974373779
0.0771313810217003,0.201204259602363,0.24233325066483802,0.25312042180780503,0.281231089707145,0.294900445960217,0.305593916759205,0.32019060219167494,0.339178621791582,0.358647894653216,0.37548765669731,0.392977017645224,0.41337966058828296,0.4299343669651529,0.45070697417438893,0.4699565217107629,0.485317004155944,0.49624028333016,0.5045078519280579,0.516921501047807,0.5370248423649711,0.553366347196227,0.564223268749444,0.57387515254911,0.582004976847347,0.595105295717786,0.6231013743013549,0.642397504267158,0.7004268182475669,0.8428824799512309,1.0,0.556440626567417
0.0342254675486041,0.0119887848904307,0.0368347660230799,0.0335926582733527,0.0497889186334628,0.0496257625428263,0.0562221886356695,0.0737675504298895,0.0881443057948246,0.10021736111858301,0.106847208136764,0.11893800209545599,0.133409284935644,0.151175000432576,0.163506672260141,0.174671478682215,0.18197327652211603,0.187440729285527,0.19549326039645198,0.20645215704872102,0.22054926457623,0.235281517482647,0.24536570913166397,0.25116456409139,0.258762931126486,0.269951657549108,0.288970730214251,0.308765461870566,0.34066460262940196,0.424904974373779,0.556440626567417,1.0
