1.0,0.788427534763162,0.746010946576258,0.7271060796053391,0.712894859619481,0.7060769674502,0.6958734727069751,0.687058375585385,0.682643389401907,0.672865350274393,0.6664470984087171,0.6633952075830309,0.6565984794656801,0.6494326949914849,0.6450788226353679,0.639724080578167,0.636355360686607,0.629589542655365,0.6241862913845361,0.6150057171308849,0.613985519095749,0.609584651318447,0.603582059375696,0.5993781821777711,0.5923316474474211,0.582995785318442,0.5759624380953571,0.554666736520585,0.5295938628889579,0.474441936567036,0.22111708320386397,0.0723988416455529
0.788427534763162,1.0,0.9675922720446279,0.952119473492398,0.9386026305047509,0.9343948575061509,0.927571681872198,0.923507976284334,0.9196487778940329,0.913938530501323,0.91004982023435,0.90620319906625,0.8982050035977759,0.8928898442958578,0.888015821223984,0.885402232997442,0.882912605982307,0.8786470300024721,0.8736857643488241,0.8672001728058621,0.865892504672624,0.862030909242397,0.858712230954282,0.855861144853853,0.8504807072473891,0.8410302632000101,0.8342037465408411,0.8170667192266309,0.7906893317738141,0.7215803277321879,0.347463701392531,0.057219548560829
0.746010946576258,0.9675922720446279,1.0,0.985358173796718,0.975753546646335,0.9699500223148921,0.963468631780718,0.9592791324351541,0.9553000591891361,0.9496387790451309,0.9453686762203092,0.941687461376458,0.935279914488635,0.930383952695083,0.925589143381589,0.9228677279090001,0.9214909787530029,0.91759224246217,0.912692788502365,0.906258314758438,0.904318103386448,0.9000833282864341,0.896880156972822,0.8930794219436271,0.886249804062116,0.877683378107511,0.8690652917863401,0.853708149442781,0.8280965784133159,0.7568113283158571,0.37031088127163997,0.0526810547923029
0.7271060796053391,0.952119473492398,0.985358173796718,1.0,0.9920656971355211,0.9859237240220559,0.9798730347156559,0.9755372356431741,0.9715492755338571,0.967072504085332,0.9628198018141021,0.9586299479837701,0.952309209644224,0.947448817371621,0.9428232403869221,0.939726919531971,0.93685206149193,0.9334123545248979,0.929171404905865,0.923313619592,0.921125035441573,0.9160303867561931,0.912954981503269,0.909333813755908,0.902760337679805,0.8952798433349879,0.8863949097515,0.8709123236153291,0.84538043461454,0.7702634478143809,0.37153817366996705,0.0554348220280594
0.712894859619481,0.9386026305047509,0.975753546646335,0.9920656971355211,1.0,0.9940072844955798,0.988245822099975,0.983716715464162,0.9794364254348651,0.9749183255319509,0.9713398692516411,0.967214025338619,0.9606923967847191,0.9561443015012991,0.951529098382282,0.947876014313328,0.944811602283568,0.941077495555547,0.936545068782087,0.9311823254163321,0.929689934300313,0.9247160991604059,0.9219539162799429,0.918867823617208,0.911563043247443,0.9039526967367171,0.8941243560252091,0.879030190985626,0.8533627293765171,0.7779945327979592,0.381924309515974,0.0483315708757032
0.7060769674502,0.9343948575061509,0.9699500223148921,0.9859237240220559,0.9940072844955798,1.0,0.9946467241328589,0.98929801989077,0.984813978062466,0.9807357674090441,0.976946243833413,0.9730715974336541,0.966309512237021,0.961484464496253,0.956746693224764,0.9524897269790951,0.9494019042495669,0.9459117008644911,0.9415540696251609,0.93670852948312,0.934983541343728,0.930407650270057,0.9272763888094409,0.923966286872313,0.916887300907347,0.9098426583310041,0.8998587451330792,0.884207639791256,0.8579916870151949,0.782694945444433,0.38141308525240997,0.0542839700716606
0.6958734727069751,0.927571681872198,0.963468631780718,0.9798730347156559,0.988245822099975,0.9946467241328589,1.0,0.995903830666887,0.9916688043225609,0.9874917986574959,0.983464215429784,0.979136919708244,0.972533658760352,0.967014981608832,0.9619470095709759,0.9572617461683491,0.953917968466617,0.9502869680140351,0.9462498892372709,0.9412762234638001,0.939005531484875,0.9346054937262471,0.9315853715899021,0.9290019166715359,0.921792862752396,0.9146458623290509,0.9042687845091679,0.8891462897651291,0.8623841427441681,0.7865795677129449,0.38242751540574393,0.0589882550511989
0.687058375585385,0.923507976284334,0.9592791324351541,0.9755372356431741,0.983716715464162,0.98929801989077,0.995903830666887,1.0,0.996203286394884,0.992529019724337,0.9892000552742758,0.9848421630023341,0.9782272503003601,0.9721358201106041,0.967061663714723,0.9622624452838391,0.958682004246938,0.954659736572292,0.9503917953492091,0.9450338299931191,0.94261302817042,0.9386881549484108,0.9363887974014449,0.933743855579128,0.9271421774222891,0.920335411816441,0.91058320827164,0.89690198114926,0.8695069759684741,0.7949282652691341,0.38889871586249397,0.0573638911543347
0.682643389401907,0.9196487778940329,0.9553000591891361,0.9715492755338571,0.9794364254348651,0.984813978062466,0.9916688043225609,0.996203286394884,1.0,0.9967374963182591,0.9931236073699009,0.9888257631410942,0.9825972618885909,0.976442174654179,0.971103000761327,0.9661384410324821,0.962738394680693,0.959018823162456,0.954789902834789,0.949767163711721,0.9472104539094399,0.943639341158955,0.9414467719704541,0.9386297936234179,0.9321051694312379,0.9255243168850892,0.915616938167739,0.901224738434567,0.873739876711956,0.799812498909592,0.3870144274422129,0.0547366093477082
0.672865350274393,0.913938530501323,0.9496387790451309,0.967072504085332,0.9749183255319509,0.9807357674090441,0.9874917986574959,0.992529019724337,0.9967374963182591,1.0,0.9972239339136819,0.993186915203812,0.987977764507787,0.9821419414384329,0.97661278298945,0.9719578717478009,0.968529017041771,0.964573288136971,0.959992163241072,0.9553121843048571,0.95243427321131,0.9487989728427421,0.9462273620950971,0.943466586470533,0.93733345926311,0.931343688257971,0.9218885037310011,0.907697935935296,0.880272845666836,0.8077362947277829,0.39531951425659395,0.0487730321571279
0.6664470984087171,0.91004982023435,0.9453686762203092,0.9628198018141021,0.9713398692516411,0.976946243833413,0.983464215429784,0.9892000552742758,0.9931236073699009,0.9972239339136819,1.0,0.996792396737797,0.9923147646710301,0.9867529806498431,0.9814302788753051,0.976948600430654,0.973431341922259,0.9694662516865009,0.9651425430410892,0.960695273410729,0.958092175614583,0.9539882175766949,0.9512922941775408,0.948272249731686,0.943083758200891,0.937474422732427,0.9286652396529591,0.915012840126045,0.888308332831473,0.816291363154227,0.40513749963153495,0.0486774113189646
0.6633952075830309,0.90620319906625,0.941687461376458,0.9586299479837701,0.967214025338619,0.9730715974336541,0.979136919708244,0.9848421630023341,0.9888257631410942,0.993186915203812,0.996792396737797,1.0,0.996970550945549,0.992416647304325,0.9877002932301171,0.9830524346165129,0.979434791283889,0.9755948039311769,0.97166382597628,0.9675603112996272,0.9652791911219001,0.9613302269704449,0.95836598249369,0.955158391365922,0.949488828663741,0.944020673991873,0.935054100807056,0.921818331027326,0.8950476166009241,0.823128603921352,0.41060669214768,0.0424117475308693
0.6565984794656801,0.8982050035977759,0.935279914488635,0.952309209644224,0.9606923967847191,0.966309512237021,0.972533658760352,0.9782272503003601,0.9825972618885909,0.987977764507787,0.9923147646710301,0.996970550945549,1.0,0.9970548088232539,0.9930968057796079,0.989044483311106,0.985786208047043,0.9824178827505929,0.978548603216562,0.974097328240167,0.97170529417387,0.9681717099749909,0.9653231877491508,0.9622603495989319,0.9571785978048649,0.9524605891503459,0.9441400280703421,0.931906422113483,0.906698851390083,0.8358878361654809,0.423630294735988,0.0359341872944274
0.6494326949914849,0.8928898442958578,0.930383952695083,0.947448817371621,0.9561443015012991,0.961484464496253,0.967014981608832,0.9721358201106041,0.976442174654179,0.9821419414384329,0.9867529806498431,0.992416647304325,0.9970548088232539,1.0,0.9973059271675829,0.9937879823318729,0.991023410770114,0.9880901315893009,0.9842976850638481,0.9798765644241959,0.9773490798807621,0.973965923949092,0.971107196738145,0.9680658035592321,0.962902826525513,0.958039676561684,0.950110595601528,0.938322952857332,0.913726339730017,0.8429691282090509,0.42817195069033703,0.034636390597726
0.6450788226353679,0.888015821223984,0.925589143381589,0.9428232403869221,0.951529098382282,0.956746693224764,0.9619470095709759,0.967061663714723,0.971103000761327,0.97661278298945,0.9814302788753051,0.9877002932301171,0.9930968057796079,0.9973059271675829,1.0,0.997685580876136,0.995200382441889,0.992432001810303,0.9885876136914721,0.9843993005504109,0.9814758312990829,0.9781203203666929,0.9752585870419771,0.9720179705118052,0.9672889521817359,0.9623398035580791,0.9548259259140359,0.9438975002634851,0.91967423707505,0.850925287033742,0.43519536376591494,0.0315519463522966
0.639724080578167,0.885402232997442,0.9228677279090001,0.939726919531971,0.947876014313328,0.9524897269790951,0.9572617461683491,0.9622624452838391,0.9661384410324821,0.9719578717478009,0.976948600430654,0.9830524346165129,0.989044483311106,0.9937879823318729,0.997685580876136,1.0,0.9979145226993149,0.995237601659213,0.991753455020969,0.9875540696933629,0.9847199249737599,0.981421923805673,0.978228140239437,0.97498482323871,0.9703045540817501,0.9655317358760409,0.958805599276357,0.948656621286875,0.9247258173187929,0.85674299952973,0.43982238645732,0.0275087274380205
0.636355360686607,0.882912605982307,0.9214909787530029,0.93685206149193,0.944811602283568,0.9494019042495669,0.953917968466617,0.958682004246938,0.962738394680693,0.968529017041771,0.973431341922259,0.979434791283889,0.985786208047043,0.991023410770114,0.995200382441889,0.9979145226993149,1.0,0.9978787719121791,0.9947253756490171,0.9908966879144642,0.9880805565456751,0.9849882382973559,0.9819914676687801,0.97865033966491,0.9740428372919309,0.968624400413997,0.961885471149313,0.951852018240292,0.9285284350860641,0.8616122378196072,0.442677123866892,0.0250627941220885
0.629589542655365,0.8786470300024721,0.91759224246217,0.9334123545248979,0.941077495555547,0.9459117008644911,0.9502869680140351,0.954659736572292,0.959018823162456,0.964573288136971,0.9694662516865009,0.9755948039311769,0.9824178827505929,0.9880901315893009,0.992432001810303,0.995237601659213,0.9978787719121791,1.0,0.997572033580677,0.9943736375367671,0.991811356383851,0.988672648719604,0.9854324981886241,0.982100206837914,0.977717759358961,0.9725816340203841,0.965572471213941,0.9558615036212249,0.9330712938120299,0.8663908815317192,0.447264486938437,0.0230150457734642
0.6241862913845361,0.8736857643488241,0.912692788502365,0.929171404905865,0.936545068782087,0.9415540696251609,0.9462498892372709,0.9503917953492091,0.954789902834789,0.959992163241072,0.9651425430410892,0.97166382597628,0.978548603216562,0.9842976850638481,0.9885876136914721,0.991753455020969,0.9947253756490171,0.997572033580677,1.0,0.9973594831706609,0.99479274939962,0.9916052028168709,0.9883405192493191,0.985115149631131,0.980692173487239,0.975342424165902,0.9684223524253441,0.9589272762792379,0.936420425556534,0.870771414305097,0.451833345362554,0.025168696899571
0.6150057171308849,0.8672001728058621,0.906258314758438,0.923313619592,0.9311823254163321,0.93670852948312,0.9412762234638001,0.9450338299931191,0.949767163711721,0.9553121843048571,0.960695273410729,0.9675603112996272,0.974097328240167,0.9798765644241959,0.9843993005504109,0.9875540696933629,0.9908966879144642,0.9943736375367671,0.9973594831706609,1.0,0.9976696933786801,0.9946181325560859,0.991303411453567,0.9877701464238492,0.9832614020415009,0.977616590143061,0.970653528543847,0.961002004217456,0.9384677405955021,0.875094968361682,0.454900199009911,0.0193347557232781
0.613985519095749,0.865892504672624,0.904318103386448,0.921125035441573,0.929689934300313,0.934983541343728,0.939005531484875,0.94261302817042,0.9472104539094399,0.95243427321131,0.958092175614583,0.9652791911219001,0.97170529417387,0.9773490798807621,0.9814758312990829,0.9847199249737599,0.9880805565456751,0.991811356383851,0.99479274939962,0.9976696933786801,1.0,0.997490503564241,0.9944220540790129,0.991031473547408,0.986305342516649,0.9807880671680609,0.9733098245239009,0.9634570081462019,0.942104550559191,0.8806371809180831,0.45844422713709004,0.0167106349296101
0.609584651318447,0.862030909242397,0.9000833282864341,0.9160303867561931,0.9247160991604059,0.930407650270057,0.9346054937262471,0.9386881549484108,0.943639341158955,0.9487989728427421,0.9539882175766949,0.9613302269704449,0.9681717099749909,0.973965923949092,0.9781203203666929,0.981421923805673,0.9849882382973559,0.988672648719604,0.9916052028168709,0.9946181325560859,0.997490503564241,1.0,0.9973779294161329,0.9940593028137601,0.9896947223008259,0.984278193602027,0.976877731940033,0.9671701648031958,0.9459916081437271,0.8843333933076278,0.46165750110151293,0.0143163316275168
0.603582059375696,0.858712230954282,0.896880156972822,0.912954981503269,0.9219539162799429,0.9272763888094409,0.9315853715899021,0.9363887974014449,0.9414467719704541,0.9462273620950971,0.9512922941775408,0.95836598249369,0.9653231877491508,0.971107196738145,0.9752585870419771,0.978228140239437,0.9819914676687801,0.9854324981886241,0.9883405192493191,0.991303411453567,0.9944220540790129,0.9973779294161329,1.0,0.996890857654586,0.9929525885886121,0.987708183268496,0.980661354343429,0.970513382755712,0.9495771090466569,0.8870450508061241,0.46572850543062894,0.0129113974239299
0.5993781821777711,0.855861144853853,0.8930794219436271,0.909333813755908,0.918867823617208,0.923966286872313,0.9290019166715359,0.933743855579128,0.9386297936234179,0.943466586470533,0.948272249731686,0.955158391365922,0.9622603495989319,0.9680658035592321,0.9720179705118052,0.97498482323871,0.97865033966491,0.982100206837914,0.985115149631131,0.9877701464238492,0.991031473547408,0.9940593028137601,0.996890857654586,1.0,0.9960753551872958,0.990855540806435,0.9836305463785758,0.9732764911790949,0.9528756797178369,0.8900382229802092,0.47143098964338104,0.00733644888732497
0.5923316474474211,0.8504807072473891,0.886249804062116,0.902760337679805,0.911563043247443,0.916887300907347,0.921792862752396,0.9271421774222891,0.9321051694312379,0.93733345926311,0.943083758200891,0.949488828663741,0.9571785978048649,0.962902826525513,0.9672889521817359,0.9703045540817501,0.9740428372919309,0.977717759358961,0.980692173487239,0.9832614020415009,0.986305342516649,0.9896947223008259,0.9929525885886121,0.9960753551872958,1.0,0.995558620515018,0.9893043352691141,0.9799876466777628,0.9605529248004929,0.8970722795408951,0.48382709205314295,0.0054096688964790605
0.582995785318442,0.8410302632000101,0.877683378107511,0.8952798433349879,0.9039526967367171,0.9098426583310041,0.9146458623290509,0.920335411816441,0.9255243168850892,0.931343688257971,0.937474422732427,0.944020673991873,0.9524605891503459,0.958039676561684,0.9623398035580791,0.9655317358760409,0.968624400413997,0.9725816340203841,0.975342424165902,0.977616590143061,0.9807880671680609,0.984278193602027,0.987708183268496,0.990855540806435,0.995558620515018,1.0,0.993535487956772,0.9850298280510039,0.9665238835074671,0.904624965042768,0.49191571910151705,0.0072922318892589795
0.5759624380953571,0.8342037465408411,0.8690652917863401,0.8863949097515,0.8941243560252091,0.8998587451330792,0.9042687845091679,0.91058320827164,0.915616938167739,0.9218885037310011,0.9286652396529591,0.935054100807056,0.9441400280703421,0.950110595601528,0.9548259259140359,0.958805599276357,0.961885471149313,0.965572471213941,0.9684223524253441,0.970653528543847,0.9733098245239009,0.976877731940033,0.980661354343429,0.9836305463785758,0.9893043352691141,0.993535487956772,1.0,0.992469539801732,0.97590663004013,0.9201854432066441,0.5157028325070061,0.0190870507297394
0.554666736520585,0.8170667192266309,0.853708149442781,0.8709123236153291,0.879030190985626,0.884207639791256,0.8891462897651291,0.89690198114926,0.901224738434567,0.907697935935296,0.915012840126045,0.921818331027326,0.931906422113483,0.938322952857332,0.9438975002634851,0.948656621286875,0.951852018240292,0.9558615036212249,0.9589272762792379,0.961002004217456,0.9634570081462019,0.9671701648031958,0.970513382755712,0.9732764911790949,0.9799876466777628,0.9850298280510039,0.992469539801732,1.0,0.986962075385521,0.9388935731652099,0.5473052826857729,0.0327156530900769
0.5295938628889579,0.7906893317738141,0.8280965784133159,0.84538043461454,0.8533627293765171,0.8579916870151949,0.8623841427441681,0.8695069759684741,0.873739876711956,0.880272845666836,0.888308332831473,0.8950476166009241,0.906698851390083,0.913726339730017,0.91967423707505,0.9247258173187929,0.9285284350860641,0.9330712938120299,0.936420425556534,0.9384677405955021,0.942104550559191,0.9459916081437271,0.9495771090466569,0.9528756797178369,0.9605529248004929,0.9665238835074671,0.97590663004013,0.986962075385521,1.0,0.960275992368076,0.5860625627667421,0.0651902090294494
0.474441936567036,0.7215803277321879,0.7568113283158571,0.7702634478143809,0.7779945327979592,0.782694945444433,0.7865795677129449,0.7949282652691341,0.799812498909592,0.8077362947277829,0.816291363154227,0.823128603921352,0.8358878361654809,0.8429691282090509,0.850925287033742,0.85674299952973,0.8616122378196072,0.8663908815317192,0.870771414305097,0.875094968361682,0.8806371809180831,0.8843333933076278,0.8870450508061241,0.8900382229802092,0.8970722795408951,0.904624965042768,0.9201854432066441,0.9388935731652099,0.960275992368076,1.0,0.6761883431574239,0.12173330678460699
0.22111708320386397,0.347463701392531,0.37031088127163997,0.37153817366996705,0.381924309515974,0.38141308525240997,0.38242751540574393,0.38889871586249397,0.3870144274422129,0.39531951425659395,0.40513749963153495,0.41060669214768,0.423630294735988,0.42817195069033703,0.43519536376591494,0.43982238645732,0.442677123866892,0.447264486938437,0.451833345362554,0.454900199009911,0.45844422713709004,0.46165750110151293,0.46572850543062894,0.47143098964338104,0.48382709205314295,0.49191571910151705,0.5157028325070061,0.5473052826857729,0.5860625627667421,0.6761883431574239,1.0,0.33857430178645903
0.0723988416455529,0.057219548560829,0.0526810547923029,0.0554348220280594,0.0483315708757032,0.0542839700716606,0.0589882550511989,0.0573638911543347,0.0547366093477082,0.0487730321571279,0.0486774113189646,0.0424117475308693,0.0359341872944274,0.034636390597726,0.0315519463522966,0.0275087274380205,0.0250627941220885,0.0230150457734642,0.025168696899571,0.0193347557232781,0.0167106349296101,0.0143163316275168,0.0129113974239299,0.00733644888732497,0.0054096688964790605,0.0072922318892589795,0.0190870507297394,0.0327156530900769,0.0651902090294494,0.12173330678460699,0.33857430178645903,1.0
