1.0,0.8273236896579441,0.7533455503380591,0.7129327166284899,0.685161204787136,0.661402235792579,0.639912550343171,0.628280338786429,0.607721037158084,0.5909682239906171,0.5711946495004959,0.5572271598026429,0.54272737475905,0.521926773406485,0.507048619048712,0.498231000615846,0.48201030738937295,0.47133157570998707,0.45912069145058,0.44535828973275804,0.427417851497823,0.41300279387001393,0.39801779445738894,0.393494180834475,0.36717909431494505,0.33556209305151197,0.30190410960937003,0.272360996318459,0.237520993261802,0.15085127846543697,0.12896899898570097,0.0130408904941661
0.8273236896579441,1.0,0.952152124084491,0.9237045652053809,0.9067955098373119,0.8919093071435359,0.8770606210060379,0.865287970053894,0.848047525325546,0.8337109163572399,0.8176167972353159,0.806970951281109,0.795458771918617,0.7757576828035491,0.7640724313575971,0.7554677445261858,0.740793153571999,0.728833240978426,0.71769431010078,0.7041162214132629,0.690315675658683,0.675707714671592,0.660744870263583,0.6518228878747719,0.626017575977344,0.5878474758314439,0.5537986125494351,0.519002801861896,0.45816957590769003,0.31141436688530705,0.22351866205468598,0.015237807360099
0.7533455503380591,0.952152124084491,1.0,0.9795259434793321,0.966762483363259,0.9550342698523959,0.9423145014029379,0.9345435488423441,0.9225474339931341,0.911309154916533,0.8977721401856551,0.8879276631817679,0.878976087027557,0.863585326237509,0.853124757853585,0.8451928856197299,0.83304465467484,0.823320033504989,0.8140262041180591,0.802681570023646,0.789652502498945,0.775928787020205,0.763130921137823,0.7528866089995909,0.72971240928003,0.6957511707186371,0.664149753980645,0.6264411748679979,0.559604863513466,0.38749836260030607,0.26283060659395197,0.0421272431838094
0.7129327166284899,0.9237045652053809,0.9795259434793321,1.0,0.988709769668667,0.9796689859206079,0.9680094449383392,0.960099349056525,0.951018714747713,0.9423101684837509,0.931312679061777,0.9220551312158399,0.9136973869586,0.900930065730706,0.890604143240257,0.8839916340355011,0.87305221855516,0.8643159784079291,0.856413622032174,0.846211320279609,0.835015256588275,0.8236022228583321,0.812832755212183,0.8039393886516341,0.781629075525398,0.7498045309684379,0.719572502475788,0.6830860266552751,0.615880528739178,0.438426807546793,0.303382560624907,0.0730072490131532
0.685161204787136,0.9067955098373119,0.966762483363259,0.988709769668667,1.0,0.992043370006336,0.982582591455702,0.9760798699587969,0.9672864430887459,0.9582906155644659,0.948324733299176,0.9391648020455701,0.9314959606083549,0.9202335943860659,0.9109399937261758,0.904983452767663,0.894966145233741,0.886818027570812,0.8803880524343249,0.871010818013635,0.8606534227153041,0.8494574812615908,0.839376553664989,0.830375895074175,0.809809718267639,0.7798747163002578,0.751648372253556,0.7155327087187271,0.650695320697989,0.472345998134012,0.329221495136396,0.0921349517176047
0.661402235792579,0.8919093071435359,0.9550342698523959,0.9796689859206079,0.992043370006336,1.0,0.9930565013523079,0.9856099088187941,0.9777486063940899,0.9690135473886071,0.9594956137801741,0.9503506035460909,0.9426552814019941,0.932348175511537,0.92349161793085,0.917673039239001,0.90871192821177,0.9010088676100602,0.894740360213701,0.885761793687552,0.876075727284763,0.8657800783499872,0.855441163323396,0.8478037824442249,0.8285636851551941,0.799244259200782,0.77180905348519,0.736178072646548,0.672161129506275,0.49798912584217203,0.351753447898859,0.10965230545089999
0.639912550343171,0.8770606210060379,0.9423145014029379,0.9680094449383392,0.982582591455702,0.9930565013523079,1.0,0.994151524001823,0.9875874102298009,0.9795772127847271,0.971375823024694,0.963000897112223,0.9558700993066558,0.9464903296184141,0.9377959534805921,0.931354473041628,0.9233028485338051,0.9159412592326759,0.9102487970226429,0.901840788225625,0.8935414846333259,0.8844677137824251,0.8747924052073699,0.8674298861925821,0.8498210147741179,0.821693556655662,0.7953223307915831,0.761593998468902,0.6995821752845369,0.5285821290589711,0.37402696124146295,0.123558960129364
0.628280338786429,0.865287970053894,0.9345435488423441,0.960099349056525,0.9760798699587969,0.9856099088187941,0.994151524001823,1.0,0.995153895889592,0.988083025782765,0.9808069442161942,0.972947620901477,0.9661660288568321,0.957788257688883,0.9502909687699391,0.9441083571315341,0.9365155864077109,0.9290851461001051,0.924014624657148,0.91579443270141,0.9075267506704601,0.8987787277760909,0.8898207133212909,0.8825548391894109,0.865557527136119,0.8391614898633091,0.812876071690446,0.779182033720893,0.719485436121528,0.5522291227536179,0.387159869258836,0.12670391709874798
0.607721037158084,0.848047525325546,0.9225474339931341,0.951018714747713,0.9672864430887459,0.9777486063940899,0.9875874102298009,0.995153895889592,1.0,0.9955672739424141,0.98965478682383,0.982305732975949,0.9756591712705609,0.9676033877412221,0.9606290292358571,0.954982828977592,0.948750022927116,0.942129679145152,0.9376016474480091,0.9297049406173851,0.9220814570926751,0.9139161261339029,0.905631236081074,0.8989131489766601,0.883254760054902,0.8581571904790022,0.832862004704338,0.80021101042924,0.740475583285576,0.571282672339704,0.401244879951948,0.138142685354876
0.5909682239906171,0.8337109163572399,0.911309154916533,0.9423101684837509,0.9582906155644659,0.9690135473886071,0.9795772127847271,0.988083025782765,0.9955672739424141,1.0,0.9958506726472759,0.9899787378611422,0.9840849679060141,0.9770019540533571,0.9705413707983191,0.965462011140528,0.959884183476083,0.9539885484148629,0.949615992504417,0.942465843572447,0.935636724623976,0.9280290131026191,0.920308868740148,0.914082270761126,0.899149732652736,0.8750892139557901,0.850278062100073,0.817954468628773,0.759929889843207,0.59111682913736,0.419561694453939,0.148041471193475
0.5711946495004959,0.8176167972353159,0.8977721401856551,0.931312679061777,0.948324733299176,0.9594956137801741,0.971375823024694,0.9808069442161942,0.98965478682383,0.9958506726472759,1.0,0.9964791382384258,0.9917536355574541,0.9858702118840601,0.979741830818792,0.9749368138718921,0.9699934186194008,0.964742819819415,0.960730769607721,0.9539708749130659,0.9473943175474661,0.940229737345803,0.9334346896269939,0.92762796817923,0.913794772003475,0.8912851876383651,0.867420388167122,0.835886985919348,0.780212382864911,0.6102315724524561,0.435615943595329,0.158866550952745
0.5572271598026429,0.806970951281109,0.8879276631817679,0.9220551312158399,0.9391648020455701,0.9503506035460909,0.963000897112223,0.972947620901477,0.982305732975949,0.9899787378611422,0.9964791382384258,1.0,0.996808312392975,0.992123239363012,0.986571030880357,0.981941139993354,0.9773327239983629,0.9725312946677859,0.968445639145453,0.962139770424331,0.955501420819679,0.948442963112333,0.941921439241422,0.936207230477821,0.922775457122308,0.901580956541823,0.8782551933349209,0.846951037834279,0.792523699832925,0.6236963217451479,0.44217469910066604,0.16541623727871302
0.54272737475905,0.795458771918617,0.878976087027557,0.9136973869586,0.9314959606083549,0.9426552814019941,0.9558700993066558,0.9661660288568321,0.9756591712705609,0.9840849679060141,0.9917536355574541,0.996808312392975,1.0,0.996771059052497,0.9919432546354828,0.987364170778551,0.9831206257535541,0.9785437163033159,0.974814455722036,0.969004526804896,0.9624250877839521,0.955458791906818,0.949176404696303,0.9436543096434221,0.9309281933616249,0.910361158900047,0.887575866640191,0.857397012064873,0.804008413233802,0.6347236531872739,0.450446782902424,0.174884774375378
0.521926773406485,0.7757576828035491,0.863585326237509,0.900930065730706,0.9202335943860659,0.932348175511537,0.9464903296184141,0.957788257688883,0.9676033877412221,0.9770019540533571,0.9858702118840601,0.992123239363012,0.996771059052497,1.0,0.9969890767842551,0.993511777445678,0.989704901524235,0.9856792135502941,0.9822894235143629,0.977132463198605,0.9709164491080691,0.964764343655273,0.9588242868348059,0.953364992041697,0.941361356825649,0.922798182909147,0.901336647569098,0.872865203971438,0.821701198014182,0.657389642191442,0.46387306046287796,0.18319899194956601
0.507048619048712,0.7640724313575971,0.853124757853585,0.890604143240257,0.9109399937261758,0.92349161793085,0.9377959534805921,0.9502909687699391,0.9606290292358571,0.9705413707983191,0.979741830818792,0.986571030880357,0.9919432546354828,0.9969890767842551,1.0,0.9976411841186892,0.994453283958931,0.9905491242043559,0.986972026839955,0.9819357655036249,0.9763314713543559,0.970751550047016,0.9649067614800609,0.959671417942605,0.9479776775441942,0.930966194778453,0.9106164269537009,0.882981448125162,0.831748839053603,0.671149956136426,0.473395064844614,0.18806953049723
0.498231000615846,0.7554677445261858,0.8451928856197299,0.8839916340355011,0.904983452767663,0.917673039239001,0.931354473041628,0.9441083571315341,0.954982828977592,0.965462011140528,0.9749368138718921,0.981941139993354,0.987364170778551,0.993511777445678,0.9976411841186892,1.0,0.997787964948,0.994226032260732,0.9909570887001391,0.9862585798079191,0.980929474488285,0.9756572930762879,0.9699293436573079,0.9647977464594529,0.953470825723654,0.936631364465483,0.916476856323043,0.8895232566105309,0.8384178080899641,0.677711641267405,0.474057200437303,0.18620194901467602
0.48201030738937295,0.740793153571999,0.83304465467484,0.87305221855516,0.894966145233741,0.90871192821177,0.9233028485338051,0.9365155864077109,0.948750022927116,0.959884183476083,0.9699934186194008,0.9773327239983629,0.9831206257535541,0.989704901524235,0.994453283958931,0.997787964948,1.0,0.997412750388238,0.9946693468131509,0.9902959905138679,0.9856222359671379,0.9810462361015451,0.97555667955211,0.970533937100991,0.9601629080937171,0.9444247973547009,0.926392060303514,0.90018091823974,0.849641332133851,0.690773743278287,0.48347572146657397,0.191284107815587
0.47133157570998707,0.728833240978426,0.823320033504989,0.8643159784079291,0.886818027570812,0.9010088676100602,0.9159412592326759,0.9290851461001051,0.942129679145152,0.9539885484148629,0.964742819819415,0.9725312946677859,0.9785437163033159,0.9856792135502941,0.9905491242043559,0.994226032260732,0.997412750388238,1.0,0.9977053749770258,0.9940068014800542,0.9896000091638821,0.9858347334987231,0.9808112265801681,0.976128762551875,0.9666920839975061,0.951500475783972,0.93397791875187,0.9083616852794241,0.859501843474984,0.7012882782867779,0.49358630881928006,0.202163195117572
0.45912069145058,0.71769431010078,0.8140262041180591,0.856413622032174,0.8803880524343249,0.894740360213701,0.9102487970226429,0.924014624657148,0.9376016474480091,0.949615992504417,0.960730769607721,0.968445639145453,0.974814455722036,0.9822894235143629,0.986972026839955,0.9909570887001391,0.9946693468131509,0.9977053749770258,1.0,0.997511783843703,0.9938886408670279,0.9904643880436049,0.9859666168667801,0.9814412144978609,0.972894434731389,0.9581183933159191,0.941248413486877,0.915408609597543,0.8674565654277671,0.7105501948968922,0.49908703272246896,0.212023060256536
0.44535828973275804,0.7041162214132629,0.802681570023646,0.846211320279609,0.871010818013635,0.885761793687552,0.901840788225625,0.91579443270141,0.9297049406173851,0.942465843572447,0.9539708749130659,0.962139770424331,0.969004526804896,0.977132463198605,0.9819357655036249,0.9862585798079191,0.9902959905138679,0.9940068014800542,0.997511783843703,1.0,0.997306093602503,0.994278907804892,0.9900890890074742,0.9856454717655009,0.9776532787157249,0.96385865039666,0.947558136289908,0.923176921604134,0.8773570541601851,0.723054098962322,0.513529213396771,0.22664504502424698
0.427417851497823,0.690315675658683,0.789652502498945,0.835015256588275,0.8606534227153041,0.876075727284763,0.8935414846333259,0.9075267506704601,0.9220814570926751,0.935636724623976,0.9473943175474661,0.955501420819679,0.9624250877839521,0.9709164491080691,0.9763314713543559,0.980929474488285,0.9856222359671379,0.9896000091638821,0.9938886408670279,0.997306093602503,1.0,0.9975272566808749,0.993653233021407,0.9898512839587429,0.982638732881438,0.968927457785883,0.9535947101713119,0.93029936600268,0.8856320948718349,0.73190100691636,0.521558621785677,0.23588346027228302
0.41300279387001393,0.675707714671592,0.775928787020205,0.8236022228583321,0.8494574812615908,0.8657800783499872,0.8844677137824251,0.8987787277760909,0.9139161261339029,0.9280290131026191,0.940229737345803,0.948442963112333,0.955458791906818,0.964764343655273,0.970751550047016,0.9756572930762879,0.9810462361015451,0.9858347334987231,0.9904643880436049,0.994278907804892,0.9975272566808749,1.0,0.9967404149497041,0.993253834832447,0.987228556728687,0.9751109222930721,0.960909956868933,0.938266046621643,0.896009884651305,0.7492190048540941,0.5340680231065621,0.24616469138407
0.39801779445738894,0.660744870263583,0.763130921137823,0.812832755212183,0.839376553664989,0.855441163323396,0.8747924052073699,0.8898207133212909,0.905631236081074,0.920308868740148,0.9334346896269939,0.941921439241422,0.949176404696303,0.9588242868348059,0.9649067614800609,0.9699293436573079,0.97555667955211,0.9808112265801681,0.9859666168667801,0.9900890890074742,0.993653233021407,0.9967404149497041,1.0,0.996836508312327,0.991336097545495,0.980270828584187,0.967884611827109,0.9471401728856841,0.9059527796307759,0.7576591624855459,0.5424974157652109,0.257645662328503
0.393494180834475,0.6518228878747719,0.7528866089995909,0.8039393886516341,0.830375895074175,0.8478037824442249,0.8674298861925821,0.8825548391894109,0.8989131489766601,0.914082270761126,0.92762796817923,0.936207230477821,0.9436543096434221,0.953364992041697,0.959671417942605,0.9647977464594529,0.970533937100991,0.976128762551875,0.9814412144978609,0.9856454717655009,0.9898512839587429,0.993253834832447,0.996836508312327,1.0,0.9956756056877499,0.985401654399537,0.973671364291521,0.9545620854659109,0.915198610095491,0.770279763846823,0.5558610056095821,0.26607530438532995
0.36717909431494505,0.626017575977344,0.72971240928003,0.781629075525398,0.809809718267639,0.8285636851551941,0.8498210147741179,0.865557527136119,0.883254760054902,0.899149732652736,0.913794772003475,0.922775457122308,0.9309281933616249,0.941361356825649,0.9479776775441942,0.953470825723654,0.9601629080937171,0.9666920839975061,0.972894434731389,0.9776532787157249,0.982638732881438,0.987228556728687,0.991336097545495,0.9956756056877499,1.0,0.9925036901181179,0.982298956384442,0.964687608996197,0.928065752421856,0.7888985139900679,0.571736296521916,0.281088182957162
0.33556209305151197,0.5878474758314439,0.6957511707186371,0.7498045309684379,0.7798747163002578,0.799244259200782,0.821693556655662,0.8391614898633091,0.8581571904790022,0.8750892139557901,0.8912851876383651,0.901580956541823,0.910361158900047,0.922798182909147,0.930966194778453,0.936631364465483,0.9444247973547009,0.951500475783972,0.9581183933159191,0.96385865039666,0.968927457785883,0.9751109222930721,0.980270828584187,0.985401654399537,0.9925036901181179,1.0,0.9917604223837149,0.9774787497935179,0.944473449231135,0.8138359002515541,0.5938446777459621,0.29165007960660605
0.30190410960937003,0.5537986125494351,0.664149753980645,0.719572502475788,0.751648372253556,0.77180905348519,0.7953223307915831,0.812876071690446,0.832862004704338,0.850278062100073,0.867420388167122,0.8782551933349209,0.887575866640191,0.901336647569098,0.9106164269537009,0.916476856323043,0.926392060303514,0.93397791875187,0.941248413486877,0.947558136289908,0.9535947101713119,0.960909956868933,0.967884611827109,0.973671364291521,0.982298956384442,0.9917604223837149,1.0,0.9891839131639141,0.95702759461942,0.830780745504473,0.608528711211806,0.302713833973606
0.272360996318459,0.519002801861896,0.6264411748679979,0.6830860266552751,0.7155327087187271,0.736178072646548,0.761593998468902,0.779182033720893,0.80021101042924,0.817954468628773,0.835886985919348,0.846951037834279,0.857397012064873,0.872865203971438,0.882981448125162,0.8895232566105309,0.90018091823974,0.9083616852794241,0.915408609597543,0.923176921604134,0.93029936600268,0.938266046621643,0.9471401728856841,0.9545620854659109,0.964687608996197,0.9774787497935179,0.9891839131639141,1.0,0.9743224381941321,0.854327216943499,0.6435780923114979,0.329807222450831
0.237520993261802,0.45816957590769003,0.559604863513466,0.615880528739178,0.650695320697989,0.672161129506275,0.6995821752845369,0.719485436121528,0.740475583285576,0.759929889843207,0.780212382864911,0.792523699832925,0.804008413233802,0.821701198014182,0.831748839053603,0.8384178080899641,0.849641332133851,0.859501843474984,0.8674565654277671,0.8773570541601851,0.8856320948718349,0.896009884651305,0.9059527796307759,0.915198610095491,0.928065752421856,0.944473449231135,0.95702759461942,0.9743224381941321,1.0,0.9161503050902801,0.717074966559761,0.38381223484514504
0.15085127846543697,0.31141436688530705,0.38749836260030607,0.438426807546793,0.472345998134012,0.49798912584217203,0.5285821290589711,0.5522291227536179,0.571282672339704,0.59111682913736,0.6102315724524561,0.6236963217451479,0.6347236531872739,0.657389642191442,0.671149956136426,0.677711641267405,0.690773743278287,0.7012882782867779,0.7105501948968922,0.723054098962322,0.73190100691636,0.7492190048540941,0.7576591624855459,0.770279763846823,0.7888985139900679,0.8138359002515541,0.830780745504473,0.854327216943499,0.9161503050902801,1.0,0.7835813963138459,0.432318110659808
0.12896899898570097,0.22351866205468598,0.26283060659395197,0.303382560624907,0.329221495136396,0.351753447898859,0.37402696124146295,0.387159869258836,0.401244879951948,0.419561694453939,0.435615943595329,0.44217469910066604,0.450446782902424,0.46387306046287796,0.473395064844614,0.474057200437303,0.48347572146657397,0.49358630881928006,0.49908703272246896,0.513529213396771,0.521558621785677,0.5340680231065621,0.5424974157652109,0.5558610056095821,0.571736296521916,0.5938446777459621,0.608528711211806,0.6435780923114979,0.717074966559761,0.7835813963138459,1.0,0.5631873032163149
0.0130408904941661,0.015237807360099,0.0421272431838094,0.0730072490131532,0.0921349517176047,0.10965230545089999,0.123558960129364,0.12670391709874798,0.138142685354876,0.148041471193475,0.158866550952745,0.16541623727871302,0.174884774375378,0.18319899194956601,0.18806953049723,0.18620194901467602,0.191284107815587,0.202163195117572,0.212023060256536,0.22664504502424698,0.23588346027228302,0.24616469138407,0.257645662328503,0.26607530438532995,0.281088182957162,0.29165007960660605,0.302713833973606,0.329807222450831,0.38381223484514504,0.432318110659808,0.5631873032163149,1.0
