1.0,0.9719034384654929,0.964005772039396,0.960208401053807,0.9524774078064542,0.950432524548881,0.947799403499729,0.9383470353806579,0.933228883097447,0.9249278146656801,0.9138686288230919,0.8982902487651869,0.882201116895988,0.863093659502626,0.8467832442094331,0.8209107935750541,0.7857619749804351,0.7222054440833541,0.6750599412209499,0.583601559576242,0.44063222848405703,0.19356376483419602,0.00531429905179512,0.226216990134858,0.4079150915393329,0.612990824617224,0.731323074222533,0.7644290243407079,0.706016481678623,0.692594712216103,0.526610135479212,0.4084988211564
0.9719034384654929,1.0,0.9907996826737858,0.987970315787805,0.982393101942687,0.980249676247963,0.977893392857693,0.9718748729995491,0.9661515269155,0.958896351463228,0.9492824161082241,0.9338049530316891,0.918675571345968,0.9017284875764041,0.886512101739575,0.862871666799589,0.8307998947251558,0.7671384855044558,0.723141321017745,0.631618916436484,0.487267297142988,0.23422688651506698,0.0386269303885937,0.204069973580928,0.395779806534685,0.617418989484735,0.7481884773358309,0.7864336832592109,0.7295679826843829,0.719650115872422,0.539903234048794,0.405968207139076
0.964005772039396,0.9907996826737858,1.0,0.996001881488138,0.990682464515851,0.9888453060903759,0.986920317674369,0.9833767560647321,0.9773208126046621,0.971032554228091,0.959905055916028,0.945707021416717,0.9301353648593259,0.9139748173225841,0.8986305707441858,0.8737559479146971,0.8392309332552521,0.779197036511713,0.735754022322173,0.648551884679754,0.5007848686818289,0.24799817852741501,0.0495283482425055,0.191863440026192,0.3811320478035711,0.6102521813075229,0.74570028827476,0.7901144402901659,0.731153881316725,0.721765828984736,0.554234405852187,0.409132188266498
0.960208401053807,0.987970315787805,0.996001881488138,1.0,0.994913069008787,0.9932878686609821,0.991281384079958,0.98847911928461,0.98338071936021,0.977754869051024,0.967393984905317,0.953336714216202,0.9388522723333141,0.9235613141132991,0.9081538597782192,0.88391097680432,0.85051933692648,0.7916025058354481,0.7485964035744209,0.660875590990853,0.513788017277438,0.259197906196976,0.0590294672598403,0.18377934299740803,0.374342234867386,0.6067618342698821,0.7389657727847141,0.7854786521445459,0.7276172795329058,0.7159506981129269,0.55096258535125,0.39695615741189705
0.9524774078064542,0.982393101942687,0.990682464515851,0.994913069008787,1.0,0.997987323586514,0.995143702010998,0.989982780411701,0.982423745557133,0.9763918332975441,0.96462882763798,0.949381517299196,0.9348500699929508,0.920305232182275,0.905200374816294,0.881770087881818,0.849652061395513,0.7897127557749302,0.7471083773402131,0.660558899342153,0.5107784865586861,0.253643054337973,0.0517321140061559,0.18902771006747,0.379375835481736,0.607607756355418,0.740286642254059,0.783547815821085,0.718945580792642,0.70517328797559,0.5406652151685389,0.38519734138216494
0.950432524548881,0.980249676247963,0.9888453060903759,0.9932878686609821,0.997987323586514,1.0,0.9974097100586559,0.992757223932425,0.9862556451388729,0.980587874845537,0.969180353524203,0.9550199474168409,0.940890435891857,0.927632533874237,0.913240349708948,0.8915187061893359,0.8606791958091659,0.8028694775636959,0.761486836728448,0.6768614313444461,0.528801853139624,0.27303595546202203,0.07129375802194901,0.170081459897792,0.36046960364882596,0.5928187737838051,0.727920765742244,0.7742961052891941,0.7123479333455122,0.6972336604520071,0.537966168023249,0.37749939056770004
0.947799403499729,0.977893392857693,0.986920317674369,0.991281384079958,0.995143702010998,0.9974097100586559,1.0,0.9951082328798291,0.9891701186906329,0.983090145003683,0.9726773110831751,0.9574361365217728,0.943616940083789,0.931597697894264,0.918436111528475,0.896815658403673,0.866663969986995,0.810391668643263,0.7698006070853409,0.687461042916131,0.5422463309450251,0.289009075441522,0.0915172879887902,0.15041443460039902,0.339007753442605,0.5682983727047529,0.708943406568678,0.7602022953110859,0.7041295089243421,0.693100082036105,0.537853462615811,0.373352157515847
0.9383470353806579,0.9718748729995491,0.9833767560647321,0.98847911928461,0.989982780411701,0.992757223932425,0.9951082328798291,1.0,0.995614782014274,0.992072618641752,0.9846754667687629,0.9717538187761159,0.9596277695213871,0.9488534428841869,0.93635915497454,0.9158869575988591,0.887551193003221,0.8353020920969909,0.796580097951518,0.71657917844762,0.5748582927090911,0.32638132479320603,0.127635233328252,0.115139752525344,0.307094276608208,0.552708270760374,0.6963292753574489,0.7510448574444909,0.698781551865908,0.69395883818136,0.543123781786772,0.36515122324278704
0.933228883097447,0.9661515269155,0.9773208126046621,0.98338071936021,0.982423745557133,0.9862556451388729,0.9891701186906329,0.995614782014274,1.0,0.9977011231249879,0.9925035357663899,0.9834923910561079,0.973601753007499,0.9642577866737241,0.953161256816366,0.935288384559146,0.90916278094678,0.8612560059664279,0.8247923840099008,0.749036775059386,0.616494603363203,0.37742784123236,0.182013404912592,0.0622773062455271,0.259496211774561,0.512998475946549,0.662329977142219,0.7283983983985709,0.6822301355631429,0.687608060145648,0.5364097490608479,0.357743316077656
0.9249278146656801,0.958896351463228,0.971032554228091,0.977754869051024,0.9763918332975441,0.980587874845537,0.983090145003683,0.992072618641752,0.9977011231249879,1.0,0.996727435930433,0.990469784439687,0.9819098159370899,0.973655593936159,0.963422997100987,0.946579347286841,0.9225412720473821,0.8766913567264141,0.841887946107292,0.7685157845369649,0.638044318587015,0.403969330265365,0.206185952770544,0.0378604344697661,0.23712247986984197,0.5016410990362841,0.653310346086277,0.72426142922979,0.679724765016796,0.6898418465318822,0.539203696149194,0.35254134423428707
0.9138686288230919,0.9492824161082241,0.959905055916028,0.967393984905317,0.96462882763798,0.969180353524203,0.9726773110831751,0.9846754667687629,0.9925035357663899,0.996727435930433,1.0,0.995610291202603,0.9896841830599129,0.982646750730246,0.974397333985816,0.959765279935371,0.9391193866474742,0.8971184216263359,0.8645627586599609,0.793608250001359,0.670647597382511,0.443363753989216,0.24789389998474698,0.00426148044735955,0.196993598313975,0.469747787328604,0.626060213709848,0.702829760954362,0.660284010445374,0.6777175334381129,0.523065377189299,0.33615176550117104
0.8982902487651869,0.9338049530316891,0.945707021416717,0.953336714216202,0.949381517299196,0.9550199474168409,0.9574361365217728,0.9717538187761159,0.9834923910561079,0.990469784439687,0.995610291202603,1.0,0.9970471530208109,0.9918945118625819,0.9847535826283659,0.973104807182405,0.9549693358832142,0.9188493810099571,0.88863411154103,0.822697590790749,0.706792562626701,0.489378752880559,0.29353252544442604,0.0515131537662348,0.153443485911566,0.440554358291904,0.60070522769638,0.684943294684879,0.640357045744303,0.665171363473653,0.5069182414907779,0.320147305093354
0.882201116895988,0.918675571345968,0.9301353648593259,0.9388522723333141,0.9348500699929508,0.940890435891857,0.943616940083789,0.9596277695213871,0.973601753007499,0.9819098159370899,0.9896841830599129,0.9970471530208109,1.0,0.996659944276322,0.9911361259262259,0.9820340848651891,0.967115875945679,0.935504508285575,0.906866455901262,0.843260678295011,0.7338299222510419,0.5229196180799229,0.328774870423779,0.088124268489608,0.11734878529990599,0.41113612463959903,0.574552887531439,0.665428612004397,0.6197760543323261,0.651726361967725,0.490012548688784,0.305450382483675
0.863093659502626,0.9017284875764041,0.9139748173225841,0.9235613141132991,0.920305232182275,0.927632533874237,0.931597697894264,0.9488534428841869,0.9642577866737241,0.973655593936159,0.982646750730246,0.9918945118625819,0.996659944276322,1.0,0.9972841433727371,0.9907003531246931,0.978533955625111,0.9525005304272901,0.9268832824693349,0.869110759857245,0.765383347345317,0.5619711290006889,0.371881138088887,0.133220233148648,0.0696434927192919,0.3672960771184221,0.539657369767652,0.636748549767616,0.5916615854093361,0.628871768219435,0.470293767445308,0.275586118448041
0.8467832442094331,0.886512101739575,0.8986305707441858,0.9081538597782192,0.905200374816294,0.913240349708948,0.918436111528475,0.93635915497454,0.953161256816366,0.963422997100987,0.974397333985816,0.9847535826283659,0.9911361259262259,0.9972841433727371,1.0,0.9960906615568441,0.9868671971537399,0.9650439962934171,0.9421771103893108,0.8892843155646328,0.791474131036254,0.595076736037373,0.40858269723952295,0.17175094627893,0.0312540519753278,0.331365229927232,0.510337232353059,0.610507162297665,0.564874369633024,0.60744329770324,0.4478577517227849,0.248655870133879
0.8209107935750541,0.862871666799589,0.8737559479146971,0.88391097680432,0.881770087881818,0.8915187061893359,0.896815658403673,0.9158869575988591,0.935288384559146,0.946579347286841,0.959765279935371,0.973104807182405,0.9820340848651891,0.9907003531246931,0.9960906615568441,1.0,0.9948911929069941,0.978619555823565,0.959947017695745,0.9138601048862529,0.825154526272786,0.6383726503295151,0.456819481557828,0.223000188358985,0.0194676317935369,0.28535582049911307,0.46924233704090296,0.5745712775691071,0.525125778893349,0.572294581661415,0.40986138215181,0.21949655784882396
0.7857619749804351,0.8307998947251558,0.8392309332552521,0.85051933692648,0.849652061395513,0.8606791958091659,0.866663969986995,0.887551193003221,0.90916278094678,0.9225412720473821,0.9391193866474742,0.9549693358832142,0.967115875945679,0.978533955625111,0.9868671971537399,0.9948911929069941,1.0,0.990095286648917,0.9766367679877191,0.9368432446416609,0.857516081809277,0.6822367410375489,0.505357480038942,0.27547858840044603,0.0746902662075465,0.23348566036711701,0.42009291108484603,0.530969970146406,0.48288218534875,0.535934662677861,0.37163229987867996,0.18107678615366898
0.7222054440833541,0.7671384855044558,0.779197036511713,0.7916025058354481,0.7897127557749302,0.8028694775636959,0.810391668643263,0.8353020920969909,0.8612560059664279,0.8766913567264141,0.8971184216263359,0.9188493810099571,0.935504508285575,0.9525005304272901,0.9650439962934171,0.978619555823565,0.990095286648917,1.0,0.9934835454159309,0.9660470559883421,0.903303010342311,0.7488166121730929,0.583547565351652,0.366304218945219,0.174903158933536,0.140458016007999,0.330962344059895,0.45005620692893,0.39369845825286,0.45624411636847295,0.296337120567185,0.11469309808846699
0.6750599412209499,0.723141321017745,0.735754022322173,0.7485964035744209,0.7471083773402131,0.761486836728448,0.7698006070853409,0.796580097951518,0.8247923840099008,0.841887946107292,0.8645627586599609,0.88863411154103,0.906866455901262,0.9268832824693349,0.9421771103893108,0.959947017695745,0.9766367679877191,0.9934835454159309,1.0,0.9855892172272521,0.9357070801858559,0.797945984148408,0.6418406621223871,0.43284772968930796,0.245928868128494,0.0705684000756114,0.26607664167731604,0.38610803135118,0.32987856011527195,0.398106081010425,0.238976566374052,0.0657318287745244
0.583601559576242,0.631618916436484,0.648551884679754,0.660875590990853,0.660558899342153,0.6768614313444461,0.687461042916131,0.71657917844762,0.749036775059386,0.7685157845369649,0.793608250001359,0.822697590790749,0.843260678295011,0.869110759857245,0.8892843155646328,0.9138601048862529,0.9368432446416609,0.9660470559883421,0.9855892172272521,1.0,0.973651117038734,0.869706578501726,0.7336032365147759,0.544249936663903,0.36580122399812803,0.0563623171893217,0.147141348561492,0.27158638048520395,0.21897332381140802,0.298901410232406,0.15267895456902697,0.006248920349922
0.44063222848405703,0.487267297142988,0.5007848686818289,0.513788017277438,0.5107784865586861,0.528801853139624,0.5422463309450251,0.5748582927090911,0.616494603363203,0.638044318587015,0.670647597382511,0.706792562626701,0.7338299222510419,0.765383347345317,0.791474131036254,0.825154526272786,0.857516081809277,0.903303010342311,0.9357070801858559,0.973651117038734,1.0,0.950646459756418,0.856612587963888,0.701258679993314,0.538204230826888,0.24478129164358198,0.0470681771916731,0.0836761530665515,0.0450031634946101,0.145823890797323,0.0204126189839812,0.0960097362056963
0.19356376483419602,0.23422688651506698,0.24799817852741501,0.259197906196976,0.253643054337973,0.27303595546202203,0.289009075441522,0.32638132479320603,0.37742784123236,0.403969330265365,0.443363753989216,0.489378752880559,0.5229196180799229,0.5619711290006889,0.595076736037373,0.6383726503295151,0.6822367410375489,0.7488166121730929,0.797945984148408,0.869706578501726,0.950646459756418,1.0,0.9650388839168629,0.872444047643016,0.74659162217609,0.4923286816580779,0.310196288187301,0.17481343732519902,0.177952190975403,0.0530551879319149,0.13161774605201002,0.21481925643801397
0.00531429905179512,0.0386269303885937,0.0495283482425055,0.0590294672598403,0.0517321140061559,0.07129375802194901,0.0915172879887902,0.127635233328252,0.182013404912592,0.206185952770544,0.24789389998474698,0.29353252544442604,0.328774870423779,0.371881138088887,0.40858269723952295,0.456819481557828,0.505357480038942,0.583547565351652,0.6418406621223871,0.7336032365147759,0.856612587963888,0.9650388839168629,1.0,0.961111041780672,0.875584305749756,0.678688112927154,0.515258216819509,0.387471173312358,0.36293617455667804,0.22789481921279398,0.256728433220534,0.295067397021003
0.226216990134858,0.204069973580928,0.191863440026192,0.18377934299740803,0.18902771006747,0.170081459897792,0.15041443460039902,0.115139752525344,0.0622773062455271,0.0378604344697661,0.00426148044735955,0.0515131537662348,0.088124268489608,0.133220233148648,0.17175094627893,0.223000188358985,0.27547858840044603,0.366304218945219,0.43284772968930796,0.544249936663903,0.701258679993314,0.872444047643016,0.961111041780672,1.0,0.9649851682155259,0.8281340497845051,0.702521815883475,0.593638291965198,0.553069886086796,0.423127083520024,0.39850305536529795,0.3808033034395801
0.4079150915393329,0.395779806534685,0.3811320478035711,0.374342234867386,0.379375835481736,0.36046960364882596,0.339007753442605,0.307094276608208,0.259496211774561,0.23712247986984197,0.196993598313975,0.153443485911566,0.11734878529990599,0.0696434927192919,0.0312540519753278,0.0194676317935369,0.0746902662075465,0.174903158933536,0.245928868128494,0.36580122399812803,0.538204230826888,0.74659162217609,0.875584305749756,0.9649851682155259,1.0,0.9261628744768641,0.825713732267338,0.726522406308744,0.674635341346915,0.5549764837574339,0.49188622500341295,0.439433172510961
0.612990824617224,0.617418989484735,0.6102521813075229,0.6067618342698821,0.607607756355418,0.5928187737838051,0.5682983727047529,0.552708270760374,0.512998475946549,0.5016410990362841,0.469747787328604,0.440554358291904,0.41113612463959903,0.3672960771184221,0.331365229927232,0.28535582049911307,0.23348566036711701,0.140458016007999,0.0705684000756114,0.0563623171893217,0.24478129164358198,0.4923286816580779,0.678688112927154,0.8281340497845051,0.9261628744768641,1.0,0.956143293052254,0.8859578840469899,0.8070149627473641,0.7203126188287009,0.606068234649223,0.496140760654269
0.731323074222533,0.7481884773358309,0.74570028827476,0.7389657727847141,0.740286642254059,0.727920765742244,0.708943406568678,0.6963292753574489,0.662329977142219,0.653310346086277,0.626060213709848,0.60070522769638,0.574552887531439,0.539657369767652,0.510337232353059,0.46924233704090296,0.42009291108484603,0.330962344059895,0.26607664167731604,0.147141348561492,0.0470681771916731,0.310196288187301,0.515258216819509,0.702521815883475,0.825713732267338,0.956143293052254,1.0,0.9645053413439209,0.887665302318323,0.835702441091519,0.6787331839940991,0.5259505019616161
0.7644290243407079,0.7864336832592109,0.7901144402901659,0.7854786521445459,0.783547815821085,0.7742961052891941,0.7602022953110859,0.7510448574444909,0.7283983983985709,0.72426142922979,0.702829760954362,0.684943294684879,0.665428612004397,0.636748549767616,0.610507162297665,0.5745712775691071,0.530969970146406,0.45005620692893,0.38610803135118,0.27158638048520395,0.0836761530665515,0.17481343732519902,0.387471173312358,0.593638291965198,0.726522406308744,0.8859578840469899,0.9645053413439209,1.0,0.9393594939714449,0.899810192964623,0.72049689660834,0.542481558733045
0.706016481678623,0.7295679826843829,0.731153881316725,0.7276172795329058,0.718945580792642,0.7123479333455122,0.7041295089243421,0.698781551865908,0.6822301355631429,0.679724765016796,0.660284010445374,0.640357045744303,0.6197760543323261,0.5916615854093361,0.564874369633024,0.525125778893349,0.48288218534875,0.39369845825286,0.32987856011527195,0.21897332381140802,0.0450031634946101,0.177952190975403,0.36293617455667804,0.553069886086796,0.674635341346915,0.8070149627473641,0.887665302318323,0.9393594939714449,1.0,0.965227687122764,0.865410388853614,0.592354103750487
0.692594712216103,0.719650115872422,0.721765828984736,0.7159506981129269,0.70517328797559,0.6972336604520071,0.693100082036105,0.69395883818136,0.687608060145648,0.6898418465318822,0.6777175334381129,0.665171363473653,0.651726361967725,0.628871768219435,0.60744329770324,0.572294581661415,0.535934662677861,0.45624411636847295,0.398106081010425,0.298901410232406,0.145823890797323,0.0530551879319149,0.22789481921279398,0.423127083520024,0.5549764837574339,0.7203126188287009,0.835702441091519,0.899810192964623,0.965227687122764,1.0,0.8901910333497299,0.6244398158415351
0.526610135479212,0.539903234048794,0.554234405852187,0.55096258535125,0.5406652151685389,0.537966168023249,0.537853462615811,0.543123781786772,0.5364097490608479,0.539203696149194,0.523065377189299,0.5069182414907779,0.490012548688784,0.470293767445308,0.4478577517227849,0.40986138215181,0.37163229987867996,0.296337120567185,0.238976566374052,0.15267895456902697,0.0204126189839812,0.13161774605201002,0.256728433220534,0.39850305536529795,0.49188622500341295,0.606068234649223,0.6787331839940991,0.72049689660834,0.865410388853614,0.8901910333497299,1.0,0.6465317441481451
0.4084988211564,0.405968207139076,0.409132188266498,0.39695615741189705,0.38519734138216494,0.37749939056770004,0.373352157515847,0.36515122324278704,0.357743316077656,0.35254134423428707,0.33615176550117104,0.320147305093354,0.305450382483675,0.275586118448041,0.248655870133879,0.21949655784882396,0.18107678615366898,0.11469309808846699,0.0657318287745244,0.006248920349922,0.0960097362056963,0.21481925643801397,0.295067397021003,0.3808033034395801,0.439433172510961,0.496140760654269,0.5259505019616161,0.542481558733045,0.592354103750487,0.6244398158415351,0.6465317441481451,1.0
