1.0,0.980274395406727,0.912800916448763,0.8708165025720179,0.836000275660889,0.785580790252153,0.7620024639795621,0.723649864934138,0.6945148697096141,0.680402753581986,0.6611178576503921,0.646396742439579,0.6263462449756529,0.6072212950665731,0.6022038049020699,0.5867829862095489,0.578775750977779,0.575956697371797,0.5688395445326241,0.5787320329424929,0.580891586130928,0.579328942386299,0.56792014595311,0.545243412276746,0.540953081275076,0.529365700294963,0.5110309742929721,0.527724683169877,0.5173498743225271,0.528284760930516,0.552017304295321,0.545471003228498
0.980274395406727,1.0,0.975513050728744,0.947984662511455,0.9126440240687801,0.85998848725318,0.8351402023825921,0.793960836447063,0.762487952750145,0.7470666615147181,0.7259545457687611,0.7098605553669269,0.687904746015971,0.666577917516837,0.6587002580426221,0.6399571277323229,0.629835871050972,0.625750614483851,0.6171737935653431,0.626320188355703,0.627241745882996,0.6247273005791351,0.6127435310783921,0.5884994516507429,0.581727576005662,0.566615705070451,0.545188054740606,0.569059608960036,0.561179273306813,0.574272445420641,0.599431529055385,0.591894644852624
0.912800916448763,0.975513050728744,1.0,0.989837103258517,0.95555403962349,0.902855383844655,0.8777477591785691,0.8353349744235692,0.8027219594453392,0.786559914190647,0.7643948197020441,0.747520426771548,0.7244639149863209,0.701677146503533,0.6909824247997322,0.669412518882468,0.657408725551593,0.6521041103971861,0.6423012170733721,0.6501925929760239,0.6496936743302789,0.646236800563269,0.634169687857102,0.609307268587618,0.6000883255630529,0.581756059340335,0.557881567170643,0.588632301809058,0.583893843522129,0.5987808002475071,0.624359039765347,0.61606980288424
0.8708165025720179,0.947984662511455,0.989837103258517,1.0,0.9859857567343772,0.9505199926178791,0.927568535411712,0.885829300033371,0.8533650734959141,0.83720541715323,0.8144967870904191,0.7959067873965551,0.770491107267447,0.746079054491082,0.7376351224008441,0.7169424293507249,0.704644461523347,0.69819236962105,0.68705866478956,0.694552855499839,0.6931870297866811,0.6890228721800921,0.676390791522201,0.650036045932438,0.6404689715980161,0.6211619621488199,0.595847986262554,0.630373028227929,0.626182250595139,0.640393474093969,0.6625028560629879,0.650185429260483
0.836000275660889,0.9126440240687801,0.95555403962349,0.9859857567343772,1.0,0.989009661122169,0.9693999532190458,0.929543642094972,0.8981029206051491,0.8824333486199741,0.8596527080069829,0.8391850788517621,0.811199038397562,0.785404348262157,0.781505566746048,0.7635440879448628,0.751821340019928,0.7443877963470401,0.7320594911360121,0.7395192909783102,0.73761513828979,0.73293694048657,0.7196617612596742,0.691733787660802,0.6829067584262,0.663908044989811,0.637941338215459,0.674237185486573,0.669380245332177,0.681682091677867,0.6985428479543572,0.6810397485349611
0.785580790252153,0.85998848725318,0.902855383844655,0.9505199926178791,0.989009661122169,1.0,0.9851698859962049,0.949051418168884,0.9198316476055309,0.904965964531514,0.8826236392649721,0.8610440993254991,0.8314792217728331,0.805054074249748,0.805152369145692,0.7898775042036881,0.778884802172013,0.7707726282911078,0.7576645197672209,0.76484377866518,0.762394693632273,0.757215565804423,0.743396314484422,0.7144746578586851,0.7065159365878171,0.688283265164229,0.662337121151956,0.699401131519193,0.6940159328377951,0.704248253233771,0.7158391220063491,0.693921789281732
0.7620024639795621,0.8351402023825921,0.8777477591785691,0.927568535411712,0.9693999532190458,0.9851698859962049,1.0,0.9890459328156609,0.972879635078112,0.958490685764614,0.935975665564675,0.916088060865141,0.887657198237932,0.8613874306013779,0.8597039753675121,0.8419903834380071,0.830199843052357,0.822457436031458,0.809224908551449,0.81464270831979,0.8097755476192829,0.8013457253466619,0.7816964370739141,0.747787048751357,0.7402602249161372,0.7235057010697401,0.697836288586659,0.735412025186014,0.728938215336895,0.736713367860077,0.7423852060108499,0.7152112345865109
0.723649864934138,0.793960836447063,0.8353349744235692,0.885829300033371,0.929543642094972,0.949051418168884,0.9890459328156609,1.0,0.995446659842629,0.981809026408363,0.959679318762404,0.941718826168544,0.914937687382994,0.889424500908169,0.886248162759817,0.8668566130199921,0.8546592879285079,0.8474185720362208,0.834392780550764,0.8381667676875649,0.83133479927601,0.8203083635033129,0.796109546099509,0.758713382502975,0.751736587460234,0.7366509669017629,0.71182829610039,0.74895326032785,0.7416964493854571,0.747173388297604,0.7476187210546541,0.7165669286294051
0.6945148697096141,0.762487952750145,0.8027219594453392,0.8533650734959141,0.8981029206051491,0.9198316476055309,0.972879635078112,0.995446659842629,1.0,0.993113316142022,0.9765811132814041,0.961625394570495,0.936576614108642,0.9118577875063499,0.9068158629503129,0.885567757971889,0.872816788161764,0.865953894378592,0.85308598069251,0.8558426799725759,0.847746351660103,0.8356541754181019,0.810606882668626,0.7722510302402801,0.764421971364555,0.7483228636879051,0.7225915294349781,0.7600059592473399,0.752508863739667,0.756753752339984,0.7540907343554671,0.720591757197227
0.680402753581986,0.7470666615147181,0.786559914190647,0.83720541715323,0.8824333486199741,0.904965964531514,0.958490685764614,0.981809026408363,0.993113316142022,1.0,0.9950621478481351,0.984338540536274,0.9609803897354141,0.93692218329375,0.929462809502953,0.905885320810383,0.8922786992103441,0.885612468141311,0.872743492045394,0.875164962236264,0.8664641042213349,0.8548769357443521,0.832896461051552,0.7960524607606809,0.785682407359581,0.7653589191943009,0.736474604017398,0.7753502854372328,0.768148482043195,0.772341697460054,0.7687881965408921,0.7340493537386601
0.6611178576503921,0.7259545457687611,0.7643948197020441,0.8144967870904191,0.8596527080069829,0.8826236392649721,0.935975665564675,0.959679318762404,0.9765811132814041,0.9950621478481351,1.0,0.992977272868597,0.9713030081217829,0.9480636243794119,0.9386365868905491,0.913339668193662,0.8991547268435821,0.8927269141199459,0.879995664120246,0.8821070502428441,0.872987772857076,0.8619532557081478,0.842807707184473,0.8076414072171371,0.7952303790888751,0.77154700324888,0.740302687961942,0.7799975404324441,0.7731234815823391,0.777227750644035,0.772958128273885,0.737543105873826
0.646396742439579,0.7098605553669269,0.747520426771548,0.7959067873965551,0.8391850788517621,0.8610440993254991,0.916088060865141,0.941718826168544,0.961625394570495,0.984338540536274,0.992977272868597,1.0,0.99251263059238,0.9786614292880219,0.9658591315362159,0.9373937543662231,0.921880009264931,0.915435604069611,0.9025018246978029,0.902818232682569,0.891676022802518,0.878471849979422,0.8563840750170991,0.818851350766746,0.8075787144927029,0.7858218535496769,0.7555730355005129,0.796596549376057,0.7898126561809449,0.792381873970485,0.7837273678713851,0.7447913834647858
0.6263462449756529,0.687904746015971,0.7244639149863209,0.770491107267447,0.811199038397562,0.8314792217728331,0.887657198237932,0.914937687382994,0.936576614108642,0.9609803897354141,0.9713030081217829,0.99251263059238,1.0,0.9962403712323129,0.9804128167279409,0.949295275247933,0.9326846708826159,0.9262543947208449,0.9132423225356229,0.9116937781100408,0.898615957554442,0.88313114216097,0.857545080634933,0.8175912145330251,0.8081407479951149,0.7894819799933399,0.761221306219102,0.802953453354263,0.7962831685540099,0.7971884061064131,0.7840927092746659,0.7420328070235279
0.6072212950665731,0.666577917516837,0.701677146503533,0.746079054491082,0.785404348262157,0.805054074249748,0.8613874306013779,0.889424500908169,0.9118577875063499,0.93692218329375,0.9480636243794119,0.9786614292880219,0.9962403712323129,1.0,0.986375334817367,0.956873255818395,0.9407376454553961,0.933962886860673,0.920602245829833,0.91739791161184,0.9026660820574631,0.8853068219928192,0.856991371711563,0.81518675404747,0.806894543639453,0.7903682662298259,0.763508853624375,0.804990398371063,0.7980747468352759,0.797521754036251,0.781016619470741,0.73669934237517
0.6022038049020699,0.6587002580426221,0.6909824247997322,0.7376351224008441,0.781505566746048,0.805152369145692,0.8597039753675121,0.886248162759817,0.9068158629503129,0.929462809502953,0.9386365868905491,0.9658591315362159,0.9804128167279409,0.986375334817367,1.0,0.9916274139638441,0.982831282744042,0.9735068382676471,0.95771186864337,0.952295376162952,0.935195576239324,0.915520916835557,0.8845128069027379,0.840146945991187,0.830599444675753,0.8128772987103822,0.784770364706604,0.823186170432538,0.8138944819636791,0.8115875507689159,0.7928432660010051,0.7464625638730301
0.5867829862095489,0.6399571277323229,0.669412518882468,0.7169424293507249,0.7635440879448628,0.7898775042036881,0.8419903834380071,0.8668566130199921,0.885567757971889,0.905885320810383,0.913339668193662,0.9373937543662231,0.949295275247933,0.956873255818395,0.9916274139638441,1.0,0.9971326880246921,0.9859846667872549,0.968580044705766,0.9615304029249839,0.9428979177194359,0.9217809339256311,0.8892504677373141,0.8437201007105111,0.8333693070370122,0.8150463798917259,0.7864961290571191,0.8217730096256429,0.810793425034237,0.807153732100945,0.7870092348045009,0.739893204858522
0.578775750977779,0.629835871050972,0.657408725551593,0.704644461523347,0.751821340019928,0.778884802172013,0.830199843052357,0.8546592879285079,0.872816788161764,0.8922786992103441,0.8991547268435821,0.921880009264931,0.9326846708826159,0.9407376454553961,0.982831282744042,0.9971326880246921,1.0,0.9944827410249829,0.9816572992227779,0.9739204658491372,0.953895202208208,0.9311186868277951,0.8959954495815191,0.848516463462621,0.837894412664683,0.819860375796461,0.7914057510940941,0.82606383006542,0.8145741744671509,0.8097712695780791,0.7871801928426979,0.738344518806784
0.575956697371797,0.625750614483851,0.6521041103971861,0.69819236962105,0.7443877963470401,0.7707726282911078,0.822457436031458,0.8474185720362208,0.865953894378592,0.885612468141311,0.8927269141199459,0.915435604069611,0.9262543947208449,0.933962886860673,0.9735068382676471,0.9859846667872549,0.9944827410249829,1.0,0.9962409076647,0.988494911378375,0.9671721611007958,0.942573061797697,0.904075875150667,0.854079424368992,0.8435692611205301,0.8264695756099741,0.7985040653186841,0.8343479620289879,0.8231949708206441,0.817344353539734,0.7915416269389529,0.7402750057425791
0.5688395445326241,0.6171737935653431,0.6423012170733721,0.68705866478956,0.7320594911360121,0.7576645197672209,0.809224908551449,0.834392780550764,0.85308598069251,0.872743492045394,0.879995664120246,0.9025018246978029,0.9132423225356229,0.920602245829833,0.95771186864337,0.968580044705766,0.9816572992227779,0.9962409076647,1.0,0.9923108465974191,0.9700939441170842,0.9441943145149959,0.903231056421683,0.8515714319577651,0.8412410588223029,0.8250551414331091,0.797726077320088,0.8342511645312591,0.8234689278021691,0.816801766149631,0.788561436861227,0.7357136492501941
0.5787320329424929,0.626320188355703,0.6501925929760239,0.694552855499839,0.7395192909783102,0.76484377866518,0.81464270831979,0.8381667676875649,0.8558426799725759,0.875164962236264,0.8821070502428441,0.902818232682569,0.9116937781100408,0.91739791161184,0.952295376162952,0.9615304029249839,0.9739204658491372,0.988494911378375,0.9923108465974191,1.0,0.9926504719509051,0.97689463818174,0.937256869868146,0.885611577848668,0.873407780539048,0.8540670234910029,0.824056349148121,0.856704591558467,0.8429610545280891,0.836340983513715,0.810865679764595,0.759017569541826
0.580891586130928,0.627241745882996,0.6496936743302789,0.6931870297866811,0.73761513828979,0.762394693632273,0.8097755476192829,0.83133479927601,0.847746351660103,0.8664641042213349,0.872987772857076,0.891676022802518,0.898615957554442,0.9026660820574631,0.935195576239324,0.9428979177194359,0.953895202208208,0.9671721611007958,0.9700939441170842,0.9926504719509051,1.0,0.994509828362469,0.9570273851768739,0.9063370342845041,0.892461946366818,0.8702166198156119,0.837949012520688,0.8662688237835551,0.849793388702952,0.843411617605694,0.8212871815439259,0.7713473014940071
0.579328942386299,0.6247273005791351,0.646236800563269,0.6890228721800921,0.73293694048657,0.757215565804423,0.8013457253466619,0.8203083635033129,0.8356541754181019,0.8548769357443521,0.8619532557081478,0.878471849979422,0.88313114216097,0.8853068219928192,0.915520916835557,0.9217809339256311,0.9311186868277951,0.942573061797697,0.9441943145149959,0.97689463818174,0.994509828362469,1.0,0.977168201317038,0.9359623673838471,0.921399509635702,0.893913727183746,0.857683317301144,0.8800874436910121,0.8598675988058192,0.852145090044971,0.8304497922561079,0.7804259030992231
0.56792014595311,0.6127435310783921,0.634169687857102,0.676390791522201,0.7196617612596742,0.743396314484422,0.7816964370739141,0.796109546099509,0.810606882668626,0.832896461051552,0.842807707184473,0.8563840750170991,0.857545080634933,0.856991371711563,0.8845128069027379,0.8892504677373141,0.8959954495815191,0.904075875150667,0.903231056421683,0.937256869868146,0.9570273851768739,0.977168201317038,1.0,0.989402371344035,0.9762714475209171,0.9373394916833191,0.892620795264742,0.904367499049208,0.8774524229465792,0.8645872623621941,0.8368490058486229,0.7823269204295501
0.545243412276746,0.5884994516507429,0.609307268587618,0.650036045932438,0.691733787660802,0.7144746578586851,0.747787048751357,0.758713382502975,0.7722510302402801,0.7960524607606809,0.8076414072171371,0.818851350766746,0.8175912145330251,0.81518675404747,0.840146945991187,0.8437201007105111,0.848516463462621,0.854079424368992,0.8515714319577651,0.885611577848668,0.9063370342845041,0.9359623673838471,0.989402371344035,1.0,0.9881916983586049,0.9424574987601461,0.893109590402331,0.897265257921087,0.866479870788154,0.8504373094918131,0.819296071772593,0.763128451688636
0.540953081275076,0.581727576005662,0.6000883255630529,0.6404689715980161,0.6829067584262,0.7065159365878171,0.7402602249161372,0.751736587460234,0.764421971364555,0.785682407359581,0.7952303790888751,0.8075787144927029,0.8081407479951149,0.806894543639453,0.830599444675753,0.8333693070370122,0.837894412664683,0.8435692611205301,0.8412410588223029,0.873407780539048,0.892461946366818,0.921399509635702,0.9762714475209171,0.9881916983586049,1.0,0.9818541247564692,0.950073977088084,0.9362553094758,0.89361071748888,0.871034706811653,0.8357042348789979,0.7759160371834021
0.529365700294963,0.566615705070451,0.581756059340335,0.6211619621488199,0.663908044989811,0.688283265164229,0.7235057010697401,0.7366509669017629,0.7483228636879051,0.7653589191943009,0.77154700324888,0.7858218535496769,0.7894819799933399,0.7903682662298259,0.8128772987103822,0.8150463798917259,0.819860375796461,0.8264695756099741,0.8250551414331091,0.8540670234910029,0.8702166198156119,0.893913727183746,0.9373394916833191,0.9424574987601461,0.9818541247564692,1.0,0.992005723983179,0.95982887738598,0.905571682314415,0.8769701120288871,0.838875738084307,0.777019911336549
0.5110309742929721,0.545188054740606,0.557881567170643,0.595847986262554,0.637941338215459,0.662337121151956,0.697836288586659,0.71182829610039,0.7225915294349781,0.736474604017398,0.740302687961942,0.7555730355005129,0.761221306219102,0.763508853624375,0.784770364706604,0.7864961290571191,0.7914057510940941,0.7985040653186841,0.797726077320088,0.824056349148121,0.837949012520688,0.857683317301144,0.892620795264742,0.893109590402331,0.950073977088084,0.992005723983179,1.0,0.9562526210649691,0.8953568187404741,0.8633196028841709,0.824150540488715,0.762160230109463
0.527724683169877,0.569059608960036,0.588632301809058,0.630373028227929,0.674237185486573,0.699401131519193,0.735412025186014,0.74895326032785,0.7600059592473399,0.7753502854372328,0.7799975404324441,0.796596549376057,0.802953453354263,0.804990398371063,0.823186170432538,0.8217730096256429,0.82606383006542,0.8343479620289879,0.8342511645312591,0.856704591558467,0.8662688237835551,0.8800874436910121,0.904367499049208,0.897265257921087,0.9362553094758,0.95982887738598,0.9562526210649691,1.0,0.9864688897531549,0.9700311617219721,0.915863829072495,0.8395280650324151
0.5173498743225271,0.561179273306813,0.583893843522129,0.626182250595139,0.669380245332177,0.6940159328377951,0.728938215336895,0.7416964493854571,0.752508863739667,0.768148482043195,0.7731234815823391,0.7898126561809449,0.7962831685540099,0.7980747468352759,0.8138944819636791,0.810793425034237,0.8145741744671509,0.8231949708206441,0.8234689278021691,0.8429610545280891,0.849793388702952,0.8598675988058192,0.8774524229465792,0.866479870788154,0.89361071748888,0.905571682314415,0.8953568187404741,0.9864688897531549,1.0,0.9929556090897891,0.932504022277336,0.85107154696164
0.528284760930516,0.574272445420641,0.5987808002475071,0.640393474093969,0.681682091677867,0.704248253233771,0.736713367860077,0.747173388297604,0.756753752339984,0.772341697460054,0.777227750644035,0.792381873970485,0.7971884061064131,0.797521754036251,0.8115875507689159,0.807153732100945,0.8097712695780791,0.817344353539734,0.816801766149631,0.836340983513715,0.843411617605694,0.852145090044971,0.8645872623621941,0.8504373094918131,0.871034706811653,0.8769701120288871,0.8633196028841709,0.9700311617219721,0.9929556090897891,1.0,0.9646091778470028,0.899371021489373
0.552017304295321,0.599431529055385,0.624359039765347,0.6625028560629879,0.6985428479543572,0.7158391220063491,0.7423852060108499,0.7476187210546541,0.7540907343554671,0.7687881965408921,0.772958128273885,0.7837273678713851,0.7840927092746659,0.781016619470741,0.7928432660010051,0.7870092348045009,0.7871801928426979,0.7915416269389529,0.788561436861227,0.810865679764595,0.8212871815439259,0.8304497922561079,0.8368490058486229,0.819296071772593,0.8357042348789979,0.838875738084307,0.824150540488715,0.915863829072495,0.932504022277336,0.9646091778470028,1.0,0.982820447546117
0.545471003228498,0.591894644852624,0.61606980288424,0.650185429260483,0.6810397485349611,0.693921789281732,0.7152112345865109,0.7165669286294051,0.720591757197227,0.7340493537386601,0.737543105873826,0.7447913834647858,0.7420328070235279,0.73669934237517,0.7464625638730301,0.739893204858522,0.738344518806784,0.7402750057425791,0.7357136492501941,0.759017569541826,0.7713473014940071,0.7804259030992231,0.7823269204295501,0.763128451688636,0.7759160371834021,0.777019911336549,0.762160230109463,0.8395280650324151,0.85107154696164,0.899371021489373,0.982820447546117,1.0
