1.0,0.904660678255752,0.879106172231388,0.856196431248333,0.8325903473104659,0.810928359222932,0.7937705287761291,0.7747881358874069,0.7584837012593509,0.737450802629595,0.719533368416955,0.7025960850930331,0.6864522750747061,0.667551877223322,0.651225352169919,0.6320989597944671,0.6166429295511511,0.599194561487823,0.586049217808556,0.566134419323936,0.546722556404557,0.531573181098579,0.5153637871981129,0.49431399280485705,0.475286468578877,0.45766693877748,0.4276685300009221,0.39777240725805796,0.35633958415474803,0.261903251158575,0.159589649604377,0.043990996447144
0.904660678255752,1.0,0.9779402021681841,0.9648621980762181,0.9482402836109319,0.932516513111596,0.919991170019181,0.9056872596594121,0.892015089362932,0.872470779000303,0.858335446941547,0.843142187463488,0.8283992298487071,0.8121666819646491,0.7974901021380991,0.7808379539515358,0.765908455198613,0.7481025670659008,0.73557484094004,0.7158588613822501,0.6983467643196639,0.682219021839131,0.665147841583823,0.6452514462193729,0.626815822831946,0.609189944653252,0.579368989274204,0.5458372577781471,0.503672206512518,0.39807359646131607,0.274478557620934,0.14847533897237
0.879106172231388,0.9779402021681841,1.0,0.990378676107424,0.9786971804591089,0.9671171436340159,0.9576787887121201,0.9468423541668131,0.9354344888559,0.9190849185875269,0.906307075812828,0.893208180102321,0.8806963309013341,0.866905053759678,0.853786963445723,0.8397765642023499,0.826520707466013,0.810672306435771,0.7988483567614549,0.7813218316827479,0.765329012226902,0.750216922605801,0.7342057876992659,0.7155093194228409,0.698387468162691,0.680316854708527,0.6518091198217579,0.619872534490344,0.5779461235054959,0.465914585193805,0.32990708002506397,0.18466592556818898
0.856196431248333,0.9648621980762181,0.990378676107424,1.0,0.991230037856943,0.981362334903381,0.9726446722889159,0.9633930481414961,0.9530516362825191,0.9384164050512309,0.926874808328843,0.91541395923959,0.903869350475234,0.8912977407806919,0.878837710351308,0.865805284493369,0.8534064700872529,0.8383679716612281,0.8276902669741439,0.8112716973693629,0.797019129850961,0.78286528697784,0.768077879050384,0.7509462703914741,0.734585106223533,0.7171307727287289,0.6897706217914329,0.659308965868641,0.618024387134426,0.506197717494697,0.36606433617590795,0.21724463545106198
0.8325903473104659,0.9482402836109319,0.9786971804591089,0.991230037856943,1.0,0.994204304506528,0.987195583963489,0.9793646296812559,0.9712442986992471,0.958621728759826,0.9484652831295021,0.9383055456676128,0.928608442775612,0.9175583352451271,0.9063913219685771,0.894831458899267,0.8837275326007711,0.870460360774545,0.860608385765014,0.846136880143383,0.83310210800986,0.819958750056537,0.8061632771633199,0.7904082112388929,0.774769247300771,0.7592135030765179,0.7334315999215071,0.7048304797988629,0.664099272245535,0.551883280939239,0.40901396841650894,0.253184880012341
0.810928359222932,0.932516513111596,0.9671171436340159,0.981362334903381,0.994204304506528,1.0,0.9954648375090699,0.9895003100534029,0.9823769426935128,0.9722201515028979,0.9637163615489359,0.955060501859774,0.9464472301667909,0.9365087796054029,0.9263283048283821,0.915952453003636,0.905871966703236,0.8937715144151279,0.884967720833226,0.8726327613436461,0.8604849339453471,0.8487299996701241,0.8356582419239129,0.8208654778199029,0.8063082125905559,0.792114716901023,0.7676806579043579,0.7400139943377709,0.699372914397708,0.583104639748134,0.434629204720394,0.271754747028751
0.7937705287761291,0.919991170019181,0.9576787887121201,0.9726446722889159,0.987195583963489,0.9954648375090699,1.0,0.996390347060369,0.9908533085684019,0.9825611140445301,0.975201309443378,0.9673984059286529,0.959494256084116,0.950268324322965,0.9413631818981031,0.931714037901427,0.922230753352871,0.911248395859005,0.9032304235082459,0.891649172530369,0.8808183390087059,0.869964351323482,0.857540257832917,0.8436959219925341,0.8301143313180609,0.81639907349866,0.792392226311788,0.764927649093471,0.725421752306822,0.6073308849249761,0.45427563397490206,0.290046069420279
0.7747881358874069,0.9056872596594121,0.9468423541668131,0.9633930481414961,0.9793646296812559,0.9895003100534029,0.996390347060369,1.0,0.9966751879477,0.990638681792396,0.984457968002973,0.9775991624000899,0.9705446024116321,0.9622115462032491,0.954262282059209,0.945889059103743,0.937480081533924,0.927425068915766,0.9199748961674079,0.9094713350204671,0.89969725670956,0.889834229434288,0.87837773434589,0.865394123754803,0.8529390204459749,0.8400603602382579,0.8174463373008589,0.7914277015904679,0.7531893259161021,0.63308887484544,0.47751214796555497,0.309359952736562
0.7584837012593509,0.892015089362932,0.9354344888559,0.9530516362825191,0.9712442986992471,0.9823769426935128,0.9908533085684019,0.9966751879477,1.0,0.996356330922307,0.9916824008381049,0.986032849349485,0.9801403562002919,0.972970133496342,0.966117839556424,0.9585696887720371,0.9508306321074691,0.9418086708282,0.9348742751928991,0.9253640424929279,0.9162857545027271,0.9070985261741,0.8964186503396528,0.884285958868895,0.872649288831898,0.8601270618682091,0.8385316057408829,0.8134759959311729,0.775875002000995,0.654815074240549,0.494592260707242,0.323703176192826
0.737450802629595,0.872470779000303,0.9190849185875269,0.9384164050512309,0.958621728759826,0.9722201515028979,0.9825611140445301,0.990638681792396,0.996356330922307,1.0,0.9974090728526609,0.9934759406261321,0.9886939319627122,0.9829630519192171,0.9773030787296891,0.9706570791322242,0.963956685058928,0.9560559591133441,0.949720739424567,0.9413139323579559,0.9332870992658959,0.925185089252862,0.9153270480610791,0.904074845561903,0.893206325618909,0.8813756255894059,0.861874020083328,0.837962070209269,0.8007972368069329,0.6783460860166172,0.516674612376801,0.34181801063262796
0.719533368416955,0.858335446941547,0.906307075812828,0.926874808328843,0.9484652831295021,0.9637163615489359,0.975201309443378,0.984457968002973,0.9916824008381049,0.9974090728526609,1.0,0.9977654641972059,0.9938514718781899,0.9888420834346229,0.9837629993335759,0.977690800583184,0.9717505115965241,0.9645561862797121,0.958527740600691,0.9508406552114029,0.9434673465713771,0.935955220318105,0.9269040739289319,0.916338857358029,0.906159430432624,0.89506125934371,0.8766748571879409,0.8540672655595121,0.817133623600769,0.693974031623227,0.529854352039966,0.354040086353151
0.7025960850930331,0.843142187463488,0.893208180102321,0.91541395923959,0.9383055456676128,0.955060501859774,0.9673984059286529,0.9775991624000899,0.986032849349485,0.9934759406261321,0.9977654641972059,1.0,0.9977250358013791,0.9937640271883119,0.989385513837952,0.984151148454028,0.979046165618144,0.972698186946249,0.967155262431379,0.9604635357663169,0.953839947561705,0.9470016059787141,0.9386063584255571,0.9287433147926691,0.919109168479069,0.9086899451218471,0.8913817508855709,0.869552818625652,0.8341148532213001,0.711800486725501,0.547088879449339,0.36804160175689293
0.6864522750747061,0.8283992298487071,0.8806963309013341,0.903869350475234,0.928608442775612,0.9464472301667909,0.959494256084116,0.9705446024116321,0.9801403562002919,0.9886939319627122,0.9938514718781899,0.9977250358013791,1.0,0.9976472158050892,0.9943100924717451,0.990171177676964,0.9858715478526829,0.9804149347894101,0.9754745566111659,0.9697249116346001,0.9638251151567779,0.9577271914188791,0.950043871511755,0.941014905661745,0.9318799495523851,0.92230691125039,0.906058741070202,0.885460745922679,0.852443173759427,0.7329760148719509,0.568928562997771,0.3873380346450421
0.667551877223322,0.8121666819646491,0.866905053759678,0.8912977407806919,0.9175583352451271,0.9365087796054029,0.950268324322965,0.9622115462032491,0.972970133496342,0.9829630519192171,0.9888420834346229,0.9937640271883119,0.9976472158050892,1.0,0.998155054443382,0.995134582459165,0.9918293028739721,0.9870941922069789,0.9826077428071172,0.9778004894952421,0.9725757842887349,0.9669696726186259,0.959863988378305,0.95136212515089,0.9428160524580892,0.933816260971336,0.9187992392532951,0.8991869235407629,0.8668219831564559,0.748003470678385,0.5827809756078111,0.39573833425175303
0.651225352169919,0.7974901021380991,0.853786963445723,0.878837710351308,0.9063913219685771,0.9263283048283821,0.9413631818981031,0.954262282059209,0.966117839556424,0.9773030787296891,0.9837629993335759,0.989385513837952,0.9943100924717451,0.998155054443382,1.0,0.998104033148022,0.995578085135699,0.991906279370019,0.9880848770227758,0.9838476681884399,0.979274912797208,0.974051202466293,0.9676485325260179,0.959882755664379,0.951981557568616,0.9435639453301141,0.92960904169072,0.911053361020356,0.879546257915457,0.761872362077355,0.59555232657783,0.40507856746084203
0.6320989597944671,0.7808379539515358,0.8397765642023499,0.865805284493369,0.894831458899267,0.915952453003636,0.931714037901427,0.945889059103743,0.9585696887720371,0.9706570791322242,0.977690800583184,0.984151148454028,0.990171177676964,0.995134582459165,0.998104033148022,1.0,0.998272151501563,0.995504339137897,0.992401386441485,0.988804673177074,0.984821674826975,0.980104546853329,0.974323411592851,0.9673726267677429,0.960117805525527,0.9524098732214379,0.9395107590961371,0.9218608077753571,0.8920430301418729,0.7773588505474509,0.6114441241429069,0.416551750364901
0.6166429295511511,0.765908455198613,0.826520707466013,0.8534064700872529,0.8837275326007711,0.905871966703236,0.922230753352871,0.937480081533924,0.9508306321074691,0.963956685058928,0.9717505115965241,0.979046165618144,0.9858715478526829,0.9918293028739721,0.995578085135699,0.998272151501563,1.0,0.9983262177276041,0.9959130106987041,0.992776858160897,0.989114332847787,0.984704678950571,0.9794668030327649,0.973296438805938,0.9666035670368679,0.9592735968907021,0.94731411247062,0.9300711112852199,0.901399865012376,0.7887455448462031,0.6219292987612071,0.42416281559886604
0.599194561487823,0.7481025670659008,0.810672306435771,0.8383679716612281,0.870460360774545,0.8937715144151279,0.911248395859005,0.927425068915766,0.9418086708282,0.9560559591133441,0.9645561862797121,0.972698186946249,0.9804149347894101,0.9870941922069789,0.991906279370019,0.995504339137897,0.9983262177276041,1.0,0.998428708481439,0.9959679995395021,0.993070809311395,0.9894285281090529,0.984936222625245,0.9793755477528149,0.9734708103370749,0.96693520974523,0.9557448330033709,0.939363619996503,0.91156031925793,0.799953686909957,0.631648177233889,0.43031443184311896
0.586049217808556,0.73557484094004,0.7988483567614549,0.8276902669741439,0.860608385765014,0.884967720833226,0.9032304235082459,0.9199748961674079,0.9348742751928991,0.949720739424567,0.958527740600691,0.967155262431379,0.9754745566111659,0.9826077428071172,0.9880848770227758,0.992401386441485,0.9959130106987041,0.998428708481439,1.0,0.9981141660917349,0.9955645654426301,0.992405220736856,0.9883102599617858,0.9833412732245359,0.977950976123548,0.971766444815968,0.9612542851634941,0.9454872380695211,0.9181692861875959,0.8070537409031859,0.6369445333670359,0.43844596194105395
0.566134419323936,0.7158588613822501,0.7813218316827479,0.8112716973693629,0.846136880143383,0.8726327613436461,0.891649172530369,0.9094713350204671,0.9253640424929279,0.9413139323579559,0.9508406552114029,0.9604635357663169,0.9697249116346001,0.9778004894952421,0.9838476681884399,0.988804673177074,0.992776858160897,0.9959679995395021,0.9981141660917349,1.0,0.998294545030783,0.9958769319262559,0.9926387556939879,0.988543232930457,0.983949277723755,0.978561035671663,0.968876485445047,0.953952880819455,0.9282921661777771,0.8184641178445621,0.649074699338194,0.44855422713286897
0.546722556404557,0.6983467643196639,0.765329012226902,0.797019129850961,0.83310210800986,0.8604849339453471,0.8808183390087059,0.89969725670956,0.9162857545027271,0.9332870992658959,0.9434673465713771,0.953839947561705,0.9638251151567779,0.9725757842887349,0.979274912797208,0.984821674826975,0.989114332847787,0.993070809311395,0.9955645654426301,0.998294545030783,1.0,0.9984323732141029,0.996042201649784,0.992560157252136,0.9883389886921721,0.983554352826591,0.974630311740832,0.960624035959555,0.9361338536258921,0.827895839455122,0.6583976182551421,0.454887611529608
0.531573181098579,0.682219021839131,0.750216922605801,0.78286528697784,0.819958750056537,0.8487299996701241,0.869964351323482,0.889834229434288,0.9070985261741,0.925185089252862,0.935955220318105,0.9470016059787141,0.9577271914188791,0.9669696726186259,0.974051202466293,0.980104546853329,0.984704678950571,0.9894285281090529,0.992405220736856,0.9958769319262559,0.9984323732141029,1.0,0.9982338583256378,0.9954069670845509,0.9919050763453271,0.9875053518997661,0.979703128759132,0.9665282325935809,0.942908921118568,0.8341150392699699,0.663889187966092,0.459625025929711
0.5153637871981129,0.665147841583823,0.7342057876992659,0.768077879050384,0.8061632771633199,0.8356582419239129,0.857540257832917,0.87837773434589,0.8964186503396528,0.9153270480610791,0.9269040739289319,0.9386063584255571,0.950043871511755,0.959863988378305,0.9676485325260179,0.974323411592851,0.9794668030327649,0.984936222625245,0.9883102599617858,0.9926387556939879,0.996042201649784,0.9982338583256378,1.0,0.997808547574438,0.994812403474994,0.9910853863854,0.984038569320003,0.972099677331029,0.949904327611388,0.8437006372865258,0.6738806093055971,0.46861322655483395
0.49431399280485705,0.6452514462193729,0.7155093194228409,0.7509462703914741,0.7904082112388929,0.8208654778199029,0.8436959219925341,0.865394123754803,0.884285958868895,0.904074845561903,0.916338857358029,0.9287433147926691,0.941014905661745,0.95136212515089,0.959882755664379,0.9673726267677429,0.973296438805938,0.9793755477528149,0.9833412732245359,0.988543232930457,0.992560157252136,0.9954069670845509,0.997808547574438,1.0,0.9976622279295279,0.9943563706690041,0.9887861035067779,0.978385749885555,0.9582184253729591,0.8562892514689859,0.6877508840039059,0.48122543885016905
0.475286468578877,0.626815822831946,0.698387468162691,0.734585106223533,0.774769247300771,0.8063082125905559,0.8301143313180609,0.8529390204459749,0.872649288831898,0.893206325618909,0.906159430432624,0.919109168479069,0.9318799495523851,0.9428160524580892,0.951981557568616,0.960117805525527,0.9666035670368679,0.9734708103370749,0.977950976123548,0.983949277723755,0.9883389886921721,0.9919050763453271,0.994812403474994,0.9976622279295279,1.0,0.9974430240987829,0.992699210648787,0.983187831791114,0.964740613114481,0.8649199940796941,0.696168465639803,0.491229408578026
0.45766693877748,0.609189944653252,0.680316854708527,0.7171307727287289,0.7592135030765179,0.792114716901023,0.81639907349866,0.8400603602382579,0.8601270618682091,0.8813756255894059,0.89506125934371,0.9086899451218471,0.92230691125039,0.933816260971336,0.9435639453301141,0.9524098732214379,0.9592735968907021,0.96693520974523,0.971766444815968,0.978561035671663,0.983554352826591,0.9875053518997661,0.9910853863854,0.9943563706690041,0.9974430240987829,1.0,0.996126207291728,0.987888177293206,0.9707630105087959,0.8723743067515529,0.7083349601301059,0.5040346191044129
0.4276685300009221,0.579368989274204,0.6518091198217579,0.6897706217914329,0.7334315999215071,0.7676806579043579,0.792392226311788,0.8174463373008589,0.8385316057408829,0.861874020083328,0.8766748571879409,0.8913817508855709,0.906058741070202,0.9187992392532951,0.92960904169072,0.9395107590961371,0.94731411247062,0.9557448330033709,0.9612542851634941,0.968876485445047,0.974630311740832,0.979703128759132,0.984038569320003,0.9887861035067779,0.992699210648787,0.996126207291728,1.0,0.9944317170627551,0.9798227416751272,0.8863440778081528,0.7261729923980841,0.521728324190491
0.39777240725805796,0.5458372577781471,0.619872534490344,0.659308965868641,0.7048304797988629,0.7400139943377709,0.764927649093471,0.7914277015904679,0.8134759959311729,0.837962070209269,0.8540672655595121,0.869552818625652,0.885460745922679,0.8991869235407629,0.911053361020356,0.9218608077753571,0.9300711112852199,0.939363619996503,0.9454872380695211,0.953952880819455,0.960624035959555,0.9665282325935809,0.972099677331029,0.978385749885555,0.983187831791114,0.987888177293206,0.9944317170627551,1.0,0.9901547758972241,0.909031210724976,0.7566774847916371,0.549681167607099
0.35633958415474803,0.503672206512518,0.5779461235054959,0.618024387134426,0.664099272245535,0.699372914397708,0.725421752306822,0.7531893259161021,0.775875002000995,0.8007972368069329,0.817133623600769,0.8341148532213001,0.852443173759427,0.8668219831564559,0.879546257915457,0.8920430301418729,0.901399865012376,0.91156031925793,0.9181692861875959,0.9282921661777771,0.9361338536258921,0.942908921118568,0.949904327611388,0.9582184253729591,0.964740613114481,0.9707630105087959,0.9798227416751272,0.9901547758972241,1.0,0.94415455772022,0.806053572102025,0.600126448269115
0.261903251158575,0.39807359646131607,0.465914585193805,0.506197717494697,0.551883280939239,0.583104639748134,0.6073308849249761,0.63308887484544,0.654815074240549,0.6783460860166172,0.693974031623227,0.711800486725501,0.7329760148719509,0.748003470678385,0.761872362077355,0.7773588505474509,0.7887455448462031,0.799953686909957,0.8070537409031859,0.8184641178445621,0.827895839455122,0.8341150392699699,0.8437006372865258,0.8562892514689859,0.8649199940796941,0.8723743067515529,0.8863440778081528,0.909031210724976,0.94415455772022,1.0,0.924623114941107,0.702107555658283
0.159589649604377,0.274478557620934,0.32990708002506397,0.36606433617590795,0.40901396841650894,0.434629204720394,0.45427563397490206,0.47751214796555497,0.494592260707242,0.516674612376801,0.529854352039966,0.547088879449339,0.568928562997771,0.5827809756078111,0.59555232657783,0.6114441241429069,0.6219292987612071,0.631648177233889,0.6369445333670359,0.649074699338194,0.6583976182551421,0.663889187966092,0.6738806093055971,0.6877508840039059,0.696168465639803,0.7083349601301059,0.7261729923980841,0.7566774847916371,0.806053572102025,0.924623114941107,1.0,0.802602629656656
0.043990996447144,0.14847533897237,0.18466592556818898,0.21724463545106198,0.253184880012341,0.271754747028751,0.290046069420279,0.309359952736562,0.323703176192826,0.34181801063262796,0.354040086353151,0.36804160175689293,0.3873380346450421,0.39573833425175303,0.40507856746084203,0.416551750364901,0.42416281559886604,0.43031443184311896,0.43844596194105395,0.44855422713286897,0.454887611529608,0.459625025929711,0.46861322655483395,0.48122543885016905,0.491229408578026,0.5040346191044129,0.521728324190491,0.549681167607099,0.600126448269115,0.702107555658283,0.802602629656656,1.0
