1.0,0.8813815582564541,0.84543351995805,0.8238049532347711,0.805834234320866,0.794036409926645,0.782877231399211,0.76776937507063,0.753192211915597,0.742509363912764,0.731072981398687,0.719316589746854,0.705167902581465,0.69221426722267,0.6796897130998559,0.6686971698906871,0.659850683746136,0.652676888280152,0.641575754156955,0.632660654798556,0.62070042676666,0.606012382324023,0.593122465985844,0.577632444293174,0.565293548322149,0.5526080468140511,0.533950530368794,0.5097083010876999,0.481418692072419,0.42052472373050104,0.19891002097837102,0.0135297790527967
0.8813815582564541,1.0,0.979165431206272,0.9650276292495309,0.9518123178929351,0.9424247580789259,0.934647893702129,0.9265170711119731,0.9173854611357479,0.907356372687686,0.8973424793693591,0.8884769777668678,0.877754060259941,0.867485385000581,0.8572284281427159,0.8475169376728969,0.840542575591026,0.8334594404855579,0.824411284184268,0.8149741151636021,0.8042940127999448,0.7911378500969071,0.7798720253509119,0.7669104590628041,0.754446275757879,0.7426027754102099,0.7248587311876371,0.703586024146541,0.671535167573756,0.6012234939087521,0.298654667107036,0.0830713830409272
0.84543351995805,0.979165431206272,1.0,0.990595550471604,0.980348863006552,0.9722129237955142,0.964637484622683,0.9581026942044449,0.95034738170681,0.941745006464169,0.933622380170487,0.9261961030895729,0.916808056130971,0.908208778046701,0.8992509052808951,0.890982445380177,0.8852323053507851,0.878789205480118,0.8703698262980641,0.861904236707922,0.851590387420163,0.840113187912981,0.8299323412279108,0.8183784491596959,0.8074060131795029,0.796791823701501,0.7795411770060658,0.7599299579551241,0.7276173417542109,0.659453707912153,0.33181147938976396,0.10333178886324001
0.8238049532347711,0.9650276292495309,0.990595550471604,1.0,0.9926334354296179,0.9861215587319079,0.980161587801013,0.974847561680823,0.967964122456229,0.959844546484977,0.95251575737978,0.945689019284083,0.9370733615898008,0.9290866270830409,0.9208296461762099,0.913252002855069,0.9078824966191099,0.9015485718727622,0.8938866726807428,0.886027095230813,0.87677288576516,0.8662621581926558,0.856877728995048,0.8461487906005619,0.836288917526965,0.827202325604537,0.810803805140961,0.793037575290448,0.761337664878366,0.6970721566776911,0.356322666300645,0.12710747197391498
0.805834234320866,0.9518123178929351,0.980348863006552,0.9926334354296179,1.0,0.9954631795049459,0.9903019978451909,0.9859131745581271,0.9798827673222421,0.973398899200023,0.967050851405758,0.960961574454557,0.953275721776408,0.9457705804894421,0.938319578726479,0.931498048120394,0.9259982657272579,0.919968397982074,0.912793556770241,0.9054343652193059,0.8973004742140099,0.8875796251677801,0.878715173222131,0.867996957699268,0.8582788884375391,0.8500117819840841,0.834831284670468,0.817943780836106,0.786496638417043,0.7245412311330179,0.36776897992685204,0.13848694839045403
0.794036409926645,0.9424247580789259,0.9722129237955142,0.9861215587319079,0.9954631795049459,1.0,0.996536913036659,0.992660131668738,0.9873540915677941,0.981648780343395,0.976168360008256,0.970574895889626,0.963676539617496,0.956918055486744,0.949909876149795,0.943754694561735,0.9385966816848008,0.9331620304656851,0.926612732470545,0.919847828092801,0.912087664504818,0.9029585020743459,0.894810877108158,0.884865950170439,0.8761119746389091,0.868231469199647,0.8533688971185691,0.8364003609361729,0.8060317930571841,0.7451189803212241,0.380092499124437,0.151944003298583
0.782877231399211,0.934647893702129,0.964637484622683,0.980161587801013,0.9903019978451909,0.996536913036659,1.0,0.997090634937941,0.992720224622519,0.987584197102631,0.983037917719972,0.977785315731529,0.9713625271016109,0.9651397796194741,0.9583631581785029,0.952696073406656,0.947599729404825,0.942856610155167,0.936888096525234,0.9303083726873259,0.923488975176319,0.914863797636616,0.907169090722086,0.898063702888677,0.889910176508144,0.882455656948515,0.868466588413607,0.8516872058847029,0.822454920409142,0.7624061597925921,0.392876327355493,0.16388159066317098
0.76776937507063,0.9265170711119731,0.9581026942044449,0.974847561680823,0.9859131745581271,0.992660131668738,0.997090634937941,1.0,0.9967062423615579,0.992629040058361,0.988774372364984,0.984270925863328,0.978526103346152,0.9729247080701908,0.966648093152308,0.961593843672258,0.956711100244903,0.952353484733004,0.946568380865979,0.940513466569331,0.934139791473009,0.9257421288219979,0.9181683066122159,0.909654445836924,0.902191418563476,0.894990704913391,0.882190365639251,0.866443658578447,0.8383240713515151,0.780384985484874,0.4111940158575039,0.18209359503651298
0.753192211915597,0.9173854611357479,0.95034738170681,0.967964122456229,0.9798827673222421,0.9873540915677941,0.992720224622519,0.9967062423615579,1.0,0.997376596506126,0.9942851182960559,0.990496420444387,0.9859012037077571,0.9810898176990409,0.9754819599647879,0.970800536996783,0.9660664207346371,0.9618042635013199,0.956736953928601,0.9511772110042951,0.9453516350196409,0.9376996047823579,0.930789008977567,0.9230005096522941,0.9162294114981391,0.9088596663397809,0.8967797689013721,0.881934109124857,0.8549210779439291,0.79805442410017,0.42355092701520003,0.196975293789201
0.742509363912764,0.907356372687686,0.941745006464169,0.959844546484977,0.973398899200023,0.981648780343395,0.987584197102631,0.992629040058361,0.997376596506126,1.0,0.997772851675539,0.9946438745827528,0.990710078247152,0.9865050751813491,0.9815804641170609,0.9773448737765921,0.9728590614842071,0.968660666620792,0.9640168362668992,0.9588623833957,0.9533444044826039,0.946229125247685,0.9397639160547919,0.932573168882065,0.9264383847332021,0.9194556697356608,0.907707004043968,0.893212466845871,0.8672832461508209,0.8117792882518969,0.43384959882330604,0.20701031272083398
0.731072981398687,0.8973424793693591,0.933622380170487,0.95251575737978,0.967050851405758,0.976168360008256,0.983037917719972,0.988774372364984,0.9942851182960559,0.997772851675539,1.0,0.997911408712838,0.9946203167169921,0.9911147906585871,0.986806324020012,0.9830404261749351,0.9786835000399872,0.9748117383968109,0.970554280196484,0.9656808203955971,0.960635417799653,0.9539190125862691,0.947780931996624,0.9408791595247901,0.9350111834942428,0.9284589714632641,0.9168054289593799,0.9030880674350621,0.8779676012632841,0.823515562205934,0.44269613893666604,0.213817062930965
0.719316589746854,0.8884769777668678,0.9261961030895729,0.945689019284083,0.960961574454557,0.970574895889626,0.977785315731529,0.984270925863328,0.990496420444387,0.9946438745827528,0.997911408712838,1.0,0.9977557584815219,0.9950204872493829,0.991550735659516,0.988151866742516,0.984080595396177,0.9804753386997449,0.976447596311817,0.9720289385129809,0.9673438418946841,0.9608703398361959,0.9551664091191541,0.948641110915385,0.943095252217111,0.936724583325543,0.925886126691882,0.9130826203677359,0.8885803788262041,0.8350483252865408,0.453544573145298,0.221821797158738
0.705167902581465,0.877754060259941,0.916808056130971,0.9370733615898008,0.953275721776408,0.963676539617496,0.9713625271016109,0.978526103346152,0.9859012037077571,0.990710078247152,0.9946203167169921,0.9977557584815219,1.0,0.9981861050538829,0.9955727784263392,0.9926294307073721,0.989106428567049,0.985936696186461,0.982294647582417,0.978384769038993,0.9742039178649742,0.9681693228590059,0.9627730578342361,0.956698356476822,0.9514109298118649,0.945494379302266,0.93540852325093,0.923404337035425,0.8997180073179459,0.8471254921668291,0.465852408380722,0.22938938163708703
0.69221426722267,0.867485385000581,0.908208778046701,0.9290866270830409,0.9457705804894421,0.956918055486744,0.9651397796194741,0.9729247080701908,0.9810898176990409,0.9865050751813491,0.9911147906585871,0.9950204872493829,0.9981861050538829,1.0,0.9982560539488571,0.9958711027532321,0.9927644535741401,0.989990220934111,0.986700596213925,0.983115042257015,0.979411769671375,0.9738274317025359,0.968955724606726,0.9635019021189392,0.958530800734103,0.952756409725077,0.943122221082827,0.931554131116231,0.9089972917307689,0.8566605889252951,0.47265608232819806,0.23656187746248603
0.6796897130998559,0.8572284281427159,0.8992509052808951,0.9208296461762099,0.938319578726479,0.949909876149795,0.9583631581785029,0.966648093152308,0.9754819599647879,0.9815804641170609,0.986806324020012,0.991550735659516,0.9955727784263392,0.9982560539488571,1.0,0.998544939981157,0.9959885446472341,0.9935246766946549,0.990689842501522,0.987689737682357,0.984476048852254,0.9793458686934631,0.974966300867433,0.969992714982861,0.9652156259123579,0.959595486432928,0.950385912580739,0.939491138850141,0.9176494552505849,0.866414153011342,0.48141232637412196,0.24548505892549696
0.6686971698906871,0.8475169376728969,0.890982445380177,0.913252002855069,0.931498048120394,0.943754694561735,0.952696073406656,0.961593843672258,0.970800536996783,0.9773448737765921,0.9830404261749351,0.988151866742516,0.9926294307073721,0.9958711027532321,0.998544939981157,1.0,0.998332846246159,0.9962422223381229,0.9937612837526679,0.9909662550865529,0.988112021425635,0.9835466676430759,0.979239839992525,0.9746616535607241,0.9701998500986451,0.964994870710346,0.956376855086588,0.945806305907817,0.924211343710169,0.873723553964597,0.48641470867308295,0.252047100112538
0.659850683746136,0.840542575591026,0.8852323053507851,0.9078824966191099,0.9259982657272579,0.9385966816848008,0.947599729404825,0.956711100244903,0.9660664207346371,0.9728590614842071,0.9786835000399872,0.984080595396177,0.989106428567049,0.9927644535741401,0.9959885446472341,0.998332846246159,1.0,0.998489183132188,0.996491897782741,0.9938301434204391,0.9911539571916941,0.9868329486911429,0.982845718471577,0.978658379203643,0.9741468461378159,0.969227027356347,0.961256929892748,0.950986502270012,0.929877187148058,0.8799099439989521,0.49525532245711995,0.2603564835994
0.652676888280152,0.8334594404855579,0.878789205480118,0.9015485718727622,0.919968397982074,0.9331620304656851,0.942856610155167,0.952353484733004,0.9618042635013199,0.968660666620792,0.9748117383968109,0.9804753386997449,0.985936696186461,0.989990220934111,0.9935246766946549,0.9962422223381229,0.998489183132188,1.0,0.99849478298596,0.996247172159648,0.9937289281903321,0.9897678191566519,0.986064632366698,0.981978758568343,0.9773917952903409,0.9726479626807528,0.9649880426703571,0.9550226967274721,0.9345074638512829,0.884564983120377,0.5011696264158549,0.265310967970754
0.641575754156955,0.824411284184268,0.8703698262980641,0.8938866726807428,0.912793556770241,0.926612732470545,0.936888096525234,0.946568380865979,0.956736953928601,0.9640168362668992,0.970554280196484,0.976447596311817,0.982294647582417,0.986700596213925,0.990689842501522,0.9937612837526679,0.996491897782741,0.99849478298596,1.0,0.9984877743703471,0.996385388525688,0.9930419303068521,0.989690893680617,0.985910249698053,0.981168004451391,0.9764932908185509,0.968956072342212,0.959606267646855,0.939320504995448,0.8897237294615009,0.502646958003136,0.271459957085935
0.632660654798556,0.8149741151636021,0.861904236707922,0.886027095230813,0.9054343652193059,0.919847828092801,0.9303083726873259,0.940513466569331,0.9511772110042951,0.9588623833957,0.9656808203955971,0.9720289385129809,0.978384769038993,0.983115042257015,0.987689737682357,0.9909662550865529,0.9938301434204391,0.996247172159648,0.9984877743703471,1.0,0.998321746905245,0.995463179703418,0.9922957354878691,0.988782761255398,0.98444039844573,0.980157685364052,0.973135946139616,0.9641121988365179,0.944325041651635,0.895613407781533,0.5076621184946429,0.27783060667003306
0.62070042676666,0.8042940127999448,0.851590387420163,0.87677288576516,0.8973004742140099,0.912087664504818,0.923488975176319,0.934139791473009,0.9453516350196409,0.9533444044826039,0.960635417799653,0.9673438418946841,0.9742039178649742,0.979411769671375,0.984476048852254,0.988112021425635,0.9911539571916941,0.9937289281903321,0.996385388525688,0.998321746905245,1.0,0.9980030017697491,0.995303089774896,0.992389842173323,0.9883291657915941,0.9841734325117859,0.9776067996619878,0.969182147971944,0.950924070566122,0.9029704485874691,0.518843569686561,0.289025193690848
0.606012382324023,0.7911378500969071,0.840113187912981,0.8662621581926558,0.8875796251677801,0.9029585020743459,0.914863797636616,0.9257421288219979,0.9376996047823579,0.946229125247685,0.9539190125862691,0.9608703398361959,0.9681693228590059,0.9738274317025359,0.9793458686934631,0.9835466676430759,0.9868329486911429,0.9897678191566519,0.9930419303068521,0.995463179703418,0.9980030017697491,1.0,0.998026142015325,0.99530741460168,0.991339755665234,0.9875541932818341,0.981484701074518,0.973500352941938,0.9554930729477601,0.908462237377332,0.521206528996609,0.29162260427381204
0.593122465985844,0.7798720253509119,0.8299323412279108,0.856877728995048,0.878715173222131,0.894810877108158,0.907169090722086,0.9181683066122159,0.930789008977567,0.9397639160547919,0.947780931996624,0.9551664091191541,0.9627730578342361,0.968955724606726,0.974966300867433,0.979239839992525,0.982845718471577,0.986064632366698,0.989690893680617,0.9922957354878691,0.995303089774896,0.998026142015325,1.0,0.997794742728334,0.9941407951005959,0.990911368699343,0.985295499027456,0.977751238078313,0.9608452983592161,0.915891334057798,0.526915125472486,0.299688067466893
0.577632444293174,0.7669104590628041,0.8183784491596959,0.8461487906005619,0.867996957699268,0.884865950170439,0.898063702888677,0.909654445836924,0.9230005096522941,0.932573168882065,0.9408791595247901,0.948641110915385,0.956698356476822,0.9635019021189392,0.969992714982861,0.9746616535607241,0.978658379203643,0.981978758568343,0.985910249698053,0.988782761255398,0.992389842173323,0.99530741460168,0.997794742728334,1.0,0.997188312780141,0.9941291548567359,0.9890980868086301,0.9818081940834491,0.966207634311266,0.921495036423303,0.53563813238406,0.310240656679814
0.565293548322149,0.754446275757879,0.8074060131795029,0.836288917526965,0.8582788884375391,0.8761119746389091,0.889910176508144,0.902191418563476,0.9162294114981391,0.9264383847332021,0.9350111834942428,0.943095252217111,0.9514109298118649,0.958530800734103,0.9652156259123579,0.9701998500986451,0.9741468461378159,0.9773917952903409,0.981168004451391,0.98444039844573,0.9883291657915941,0.991339755665234,0.9941407951005959,0.997188312780141,1.0,0.997494210065023,0.9926235488715891,0.985602892905277,0.9711643832706991,0.9274131697561421,0.544087884443808,0.32113938823738397
0.5526080468140511,0.7426027754102099,0.796791823701501,0.827202325604537,0.8500117819840841,0.868231469199647,0.882455656948515,0.894990704913391,0.9088596663397809,0.9194556697356608,0.9284589714632641,0.936724583325543,0.945494379302266,0.952756409725077,0.959595486432928,0.964994870710346,0.969227027356347,0.9726479626807528,0.9764932908185509,0.980157685364052,0.9841734325117859,0.9875541932818341,0.990911368699343,0.9941291548567359,0.997494210065023,1.0,0.995607001120073,0.989050108246122,0.9749748492632729,0.9319520469639281,0.54910472905068,0.32985032671787895
0.533950530368794,0.7248587311876371,0.7795411770060658,0.810803805140961,0.834831284670468,0.8533688971185691,0.868466588413607,0.882190365639251,0.8967797689013721,0.907707004043968,0.9168054289593799,0.925886126691882,0.93540852325093,0.943122221082827,0.950385912580739,0.956376855086588,0.961256929892748,0.9649880426703571,0.968956072342212,0.973135946139616,0.9776067996619878,0.981484701074518,0.985295499027456,0.9890980868086301,0.9926235488715891,0.995607001120073,1.0,0.9946597333143221,0.983190582794999,0.943254818302037,0.57461203736981,0.35300971032440104
0.5097083010876999,0.703586024146541,0.7599299579551241,0.793037575290448,0.817943780836106,0.8364003609361729,0.8516872058847029,0.866443658578447,0.881934109124857,0.893212466845871,0.9030880674350621,0.9130826203677359,0.923404337035425,0.931554131116231,0.939491138850141,0.945806305907817,0.950986502270012,0.9550226967274721,0.959606267646855,0.9641121988365179,0.969182147971944,0.973500352941938,0.977751238078313,0.9818081940834491,0.985602892905277,0.989050108246122,0.9946597333143221,1.0,0.990815070818418,0.9569235278786741,0.590901760703976,0.3779877043669879
0.481418692072419,0.671535167573756,0.7276173417542109,0.761337664878366,0.786496638417043,0.8060317930571841,0.822454920409142,0.8383240713515151,0.8549210779439291,0.8672832461508209,0.8779676012632841,0.8885803788262041,0.8997180073179459,0.9089972917307689,0.9176494552505849,0.924211343710169,0.929877187148058,0.9345074638512829,0.939320504995448,0.944325041651635,0.950924070566122,0.9554930729477601,0.9608452983592161,0.966207634311266,0.9711643832706991,0.9749748492632729,0.983190582794999,0.990815070818418,1.0,0.974008013806244,0.6504606165649561,0.42295193574402296
0.42052472373050104,0.6012234939087521,0.659453707912153,0.6970721566776911,0.7245412311330179,0.7451189803212241,0.7624061597925921,0.780384985484874,0.79805442410017,0.8117792882518969,0.823515562205934,0.8350483252865408,0.8471254921668291,0.8566605889252951,0.866414153011342,0.873723553964597,0.8799099439989521,0.884564983120377,0.8897237294615009,0.895613407781533,0.9029704485874691,0.908462237377332,0.915891334057798,0.921495036423303,0.9274131697561421,0.9319520469639281,0.943254818302037,0.9569235278786741,0.974008013806244,1.0,0.683296536623918,0.48064195351465294
0.19891002097837102,0.298654667107036,0.33181147938976396,0.356322666300645,0.36776897992685204,0.380092499124437,0.392876327355493,0.4111940158575039,0.42355092701520003,0.43384959882330604,0.44269613893666604,0.453544573145298,0.465852408380722,0.47265608232819806,0.48141232637412196,0.48641470867308295,0.49525532245711995,0.5011696264158549,0.502646958003136,0.5076621184946429,0.518843569686561,0.521206528996609,0.526915125472486,0.53563813238406,0.544087884443808,0.54910472905068,0.57461203736981,0.590901760703976,0.6504606165649561,0.683296536623918,1.0,0.6357396318298281
0.0135297790527967,0.0830713830409272,0.10333178886324001,0.12710747197391498,0.13848694839045403,0.151944003298583,0.16388159066317098,0.18209359503651298,0.196975293789201,0.20701031272083398,0.213817062930965,0.221821797158738,0.22938938163708703,0.23656187746248603,0.24548505892549696,0.252047100112538,0.2603564835994,0.265310967970754,0.271459957085935,0.27783060667003306,0.289025193690848,0.29162260427381204,0.299688067466893,0.310240656679814,0.32113938823738397,0.32985032671787895,0.35300971032440104,0.3779877043669879,0.42295193574402296,0.48064195351465294,0.6357396318298281,1.0
