1.0,0.8632437340330841,0.831675797585265,0.810590310261475,0.7983730242249079,0.790438525135154,0.7839065815560129,0.776729678848456,0.771289914879165,0.7685336153734309,0.7661748362783191,0.7646296272649991,0.758982017782112,0.7534604649604921,0.748543121668091,0.7446815899840841,0.7400601312424441,0.73551813946588,0.729489215606544,0.721175047291283,0.7139106730029928,0.707933072303594,0.701758538788995,0.6946765787508922,0.6849427574426841,0.672413757739878,0.649394224064682,0.6258996688265079,0.5616333377955289,0.44745566229551204,0.224562909789832,0.0998378115164558
0.8632437340330841,1.0,0.978644670330631,0.965172864968192,0.956608095750912,0.9473501484193342,0.9406157270907,0.936287166517725,0.932431903862309,0.9292804710649781,0.924526965371157,0.920994674698907,0.91629472795856,0.912081549906155,0.908705247284908,0.904794322004585,0.9010947306111551,0.897298841018125,0.8929792321010619,0.8870086313388591,0.881416620856514,0.875655940504535,0.869934584075807,0.8629132039742249,0.852757140594173,0.838957432570249,0.8173962878809929,0.788764831671548,0.7049758070701351,0.573513364389485,0.314993390855706,0.168788317378418
0.831675797585265,0.978644670330631,1.0,0.9892725907040121,0.98025615255247,0.9718129381736529,0.964256512041263,0.9594418334420921,0.955348138103565,0.9514611135495821,0.947246741370193,0.943637556643499,0.9386944569374229,0.934752003038228,0.9316776123498821,0.928180834381908,0.9247356693934271,0.9209709167830721,0.917331572059347,0.912300583082197,0.906767487162982,0.9006852179479059,0.895960731760789,0.889119941960101,0.8785905525952951,0.865650835838439,0.8452227315548709,0.816431583758346,0.7308760428299509,0.596994307411261,0.332938404651807,0.18149031683996103
0.810590310261475,0.965172864968192,0.9892725907040121,1.0,0.993529536620096,0.986695517808239,0.980330492748142,0.9760187939424141,0.9727444937456751,0.968944784067547,0.9652399987324158,0.9618985036576501,0.957585783674918,0.9536480087193059,0.9503454205252441,0.947149789071792,0.944068293326752,0.940792567142775,0.937802852145028,0.9333364629563791,0.928610206506891,0.923533974420345,0.9194861190039091,0.9132483589575859,0.903674319342034,0.890990555605922,0.871536450545927,0.842772000774272,0.760161319129016,0.62957298319441,0.35743823152456394,0.201297180278502
0.7983730242249079,0.956608095750912,0.98025615255247,0.993529536620096,1.0,0.994628188091266,0.989684568734277,0.985229115515348,0.981874159989068,0.977726592954663,0.974338622504846,0.970774108188698,0.9662398158443422,0.96239641373381,0.9590364384587249,0.9563400022734371,0.9533631188379929,0.9505235997922671,0.9479686314056751,0.943607609568458,0.9394234017065101,0.9344878927729631,0.930280216416729,0.9243426389328959,0.915183505152575,0.9031415696176159,0.883596218000437,0.8552851123317242,0.7722509370246551,0.6411411502058829,0.36941084783375894,0.20803137641822
0.790438525135154,0.9473501484193342,0.9718129381736529,0.986695517808239,0.994628188091266,1.0,0.99592875753152,0.9917613563056079,0.988260282755043,0.9840559164093501,0.9805273394650509,0.9766738323701949,0.9720074050414309,0.968387477267567,0.9651114315153891,0.962384179525235,0.959402557703529,0.956345147329008,0.954130367854255,0.9498092029719549,0.946080628921359,0.941506771993881,0.936938459976413,0.931019836579867,0.9221039467160881,0.910100633000162,0.890786251268502,0.862978481516107,0.781112395192288,0.6497027184480629,0.379217580333644,0.212621736081936
0.7839065815560129,0.9406157270907,0.964256512041263,0.980330492748142,0.989684568734277,0.99592875753152,1.0,0.996984387162029,0.9937710570952509,0.9900839323253628,0.9868176254222422,0.9830335425942729,0.9784713970971071,0.9748785410063561,0.971525587111729,0.968854248691216,0.9660765945652801,0.963145339123358,0.961094440059852,0.9567588206619692,0.9529766822297941,0.9484462044363299,0.9436587332438641,0.9375703022001379,0.929024951022429,0.917006053598271,0.898319222217965,0.87046332293274,0.7896248952237509,0.659631386055193,0.38972495788696,0.218627753104591
0.776729678848456,0.936287166517725,0.9594418334420921,0.9760187939424141,0.985229115515348,0.9917613563056079,0.996984387162029,1.0,0.997319506239925,0.9940586856291899,0.990816254872576,0.987099684720511,0.9825577832317929,0.979175067076717,0.976119234576498,0.973510682900345,0.971048875350114,0.968129504965228,0.966232570106197,0.9620365178830741,0.958608752025394,0.9539546391902719,0.9492096737677859,0.9433997293547399,0.935109969300425,0.9232543917772409,0.9044958869706049,0.8768782870706829,0.796676207506005,0.666349843981059,0.39499152019708095,0.22069151497563
0.771289914879165,0.932431903862309,0.955348138103565,0.9727444937456751,0.981874159989068,0.988260282755043,0.9937710570952509,0.997319506239925,1.0,0.997741454938481,0.995034576825882,0.9916969359535951,0.987463418492558,0.984300436387121,0.981362667925864,0.9790824663468471,0.976777229291088,0.9739492359795541,0.9723343104653409,0.968499233888473,0.9653298197796459,0.961312127439495,0.9568563102580792,0.9513743822798009,0.9434487644554008,0.9321428930551809,0.91399080405658,0.8865392851334499,0.807742226027883,0.678775500544529,0.408915373282477,0.23124140699253
0.7685336153734309,0.9292804710649781,0.9514611135495821,0.968944784067547,0.977726592954663,0.9840559164093501,0.9900839323253628,0.9940586856291899,0.997741454938481,1.0,0.9976438308628119,0.9948344323126279,0.9912410312432108,0.988477913834197,0.985698986701218,0.983535133400933,0.9811980053617441,0.978539937375052,0.976925287996672,0.973121768527575,0.969872489642268,0.966043019215979,0.961635388687558,0.9564645306781271,0.948871062491907,0.9375151146375258,0.9195160895546449,0.8923590182487979,0.8148452985223399,0.686458082801349,0.41500055750473297,0.23829982481252696
0.7661748362783191,0.924526965371157,0.947246741370193,0.9652399987324158,0.974338622504846,0.9805273394650509,0.9868176254222422,0.990816254872576,0.995034576825882,0.9976438308628119,1.0,0.998059010622013,0.9951024865412529,0.992526704242115,0.9899509457567289,0.987839552729838,0.9855790416776541,0.982994549480088,0.981285683658557,0.9776717552841979,0.9744355272055342,0.9710654946812449,0.966752316095809,0.961682792261111,0.954581205259165,0.9439881673683309,0.9263314926401709,0.899517779122661,0.8236395097711631,0.6961493505359722,0.423801472780836,0.24542547167603998
0.7646296272649991,0.920994674698907,0.943637556643499,0.9618985036576501,0.970774108188698,0.9766738323701949,0.9830335425942729,0.987099684720511,0.9916969359535951,0.9948344323126279,0.998059010622013,1.0,0.997941740302583,0.9957464845053521,0.9935769391762729,0.991442990682827,0.989150629129093,0.9864445235550999,0.9844820686354059,0.9808921210791222,0.9776061763097379,0.974420890818841,0.9701571415618341,0.965288020444794,0.958520482399642,0.948089429566019,0.9306988677886879,0.9044894476992149,0.830038795814237,0.7029050760010171,0.430486442238302,0.251001322944363
0.758982017782112,0.91629472795856,0.9386944569374229,0.957585783674918,0.9662398158443422,0.9720074050414309,0.9784713970971071,0.9825577832317929,0.987463418492558,0.9912410312432108,0.9951024865412529,0.997941740302583,1.0,0.998283604528314,0.9965374053128859,0.9945955736596089,0.99232418170348,0.989787610067095,0.987793244910632,0.984588400573335,0.981443696756695,0.978307998614164,0.9742629605465591,0.969422242129692,0.962907015310833,0.953022916656135,0.936309884277025,0.9106354115216071,0.8381131216186031,0.713263892708246,0.440659753759989,0.258643550530531
0.7534604649604921,0.912081549906155,0.934752003038228,0.9536480087193059,0.96239641373381,0.968387477267567,0.9748785410063561,0.979175067076717,0.984300436387121,0.988477913834197,0.992526704242115,0.9957464845053521,0.998283604528314,1.0,0.998514732265881,0.996596549740734,0.9944460409602199,0.9919733442363331,0.989806155578261,0.9867354416216322,0.9835673803036421,0.9806947008680171,0.976931031405623,0.972350996820399,0.966289558409721,0.956300434500192,0.940053643734702,0.915712080847322,0.84410322468877,0.7200707036296959,0.44853398980052295,0.264413905463038
0.748543121668091,0.908705247284908,0.9316776123498821,0.9503454205252441,0.9590364384587249,0.9651114315153891,0.971525587111729,0.976119234576498,0.981362667925864,0.985698986701218,0.9899509457567289,0.9935769391762729,0.9965374053128859,0.998514732265881,1.0,0.9985671857505091,0.996732716544055,0.994461239248447,0.992323641513051,0.9893554709405029,0.9862697748681329,0.983245864647987,0.979484053315348,0.9748620400023129,0.968926293996292,0.959303441159515,0.9436876839686391,0.919631955420496,0.85033909349791,0.727062812217624,0.454664326046556,0.268261808668522
0.7446815899840841,0.904794322004585,0.928180834381908,0.947149789071792,0.9563400022734371,0.962384179525235,0.968854248691216,0.973510682900345,0.9790824663468471,0.983535133400933,0.987839552729838,0.991442990682827,0.9945955736596089,0.996596549740734,0.9985671857505091,1.0,0.9986084819077191,0.996643381950647,0.994754637263154,0.9919856643884809,0.9888995260627041,0.9861454171703571,0.982609520249985,0.978153900128737,0.9725110084710609,0.963600403105938,0.948918586240021,0.9254280912606899,0.857489512538853,0.736189617205251,0.466853522096835,0.278585034468264
0.7400601312424441,0.9010947306111551,0.9247356693934271,0.944068293326752,0.9533631188379929,0.959402557703529,0.9660765945652801,0.971048875350114,0.976777229291088,0.9811980053617441,0.9855790416776541,0.989150629129093,0.99232418170348,0.9944460409602199,0.996732716544055,0.9986084819077191,1.0,0.9983877825997192,0.996675896371192,0.994323394159774,0.9913509415494741,0.9886683648170941,0.9852963649684109,0.9812366575789251,0.975905740650658,0.9678637004634542,0.9538889603461121,0.9313909808784251,0.8654552088092059,0.744224250662409,0.47557146885775997,0.28937380127575396
0.73551813946588,0.897298841018125,0.9209709167830721,0.940792567142775,0.9505235997922671,0.956345147329008,0.963145339123358,0.968129504965228,0.9739492359795541,0.978539937375052,0.982994549480088,0.9864445235550999,0.989787610067095,0.9919733442363331,0.994461239248447,0.996643381950647,0.9983877825997192,1.0,0.998572667751921,0.9964946438393859,0.993915798659288,0.9913430214837771,0.988188712713885,0.984606944068178,0.979621642838653,0.9720787161849449,0.958895125190045,0.9375927797074209,0.8723541558212,0.751815559692629,0.4825106707184771,0.297866272075328
0.729489215606544,0.8929792321010619,0.917331572059347,0.937802852145028,0.9479686314056751,0.954130367854255,0.961094440059852,0.966232570106197,0.9723343104653409,0.976925287996672,0.981285683658557,0.9844820686354059,0.987793244910632,0.989806155578261,0.992323641513051,0.994754637263154,0.996675896371192,0.998572667751921,1.0,0.9983095192595429,0.995890461173537,0.9932830181879179,0.9902760820401441,0.986695887416575,0.981667196039525,0.9743535876143141,0.961367645059295,0.9400485921837131,0.875541230978972,0.756625077412682,0.489934879084229,0.305793245081407
0.721175047291283,0.8870086313388591,0.912300583082197,0.9333364629563791,0.943607609568458,0.9498092029719549,0.9567588206619692,0.9620365178830741,0.968499233888473,0.973121768527575,0.9776717552841979,0.9808921210791222,0.984588400573335,0.9867354416216322,0.9893554709405029,0.9919856643884809,0.994323394159774,0.9964946438393859,0.9983095192595429,1.0,0.9980353075380131,0.9956825747321759,0.993208746443811,0.9895922415051069,0.984906906338127,0.977761479815019,0.965293582436492,0.9444481160858449,0.880780182176418,0.76311887423297,0.49856908378283704,0.318225035530383
0.7139106730029928,0.881416620856514,0.906767487162982,0.928610206506891,0.9394234017065101,0.946080628921359,0.9529766822297941,0.958608752025394,0.9653298197796459,0.969872489642268,0.9744355272055342,0.9776061763097379,0.981443696756695,0.9835673803036421,0.9862697748681329,0.9888995260627041,0.9913509415494741,0.993915798659288,0.995890461173537,0.9980353075380131,1.0,0.9979061874549809,0.9955322964583672,0.9923012950730049,0.987943956599386,0.981207748308091,0.969326091860024,0.9497114638147192,0.88546134615383,0.768117749092997,0.504818629360844,0.326899485237833
0.707933072303594,0.875655940504535,0.9006852179479059,0.923533974420345,0.9344878927729631,0.941506771993881,0.9484462044363299,0.9539546391902719,0.961312127439495,0.966043019215979,0.9710654946812449,0.974420890818841,0.978307998614164,0.9806947008680171,0.983245864647987,0.9861454171703571,0.9886683648170941,0.9913430214837771,0.9932830181879179,0.9956825747321759,0.9979061874549809,1.0,0.9979897278376171,0.9952900746402271,0.9915112617195541,0.985188381395733,0.9742985561331171,0.9559939095588729,0.895444292786521,0.7823819376240649,0.5225705919637961,0.340681419703277
0.701758538788995,0.869934584075807,0.895960731760789,0.9194861190039091,0.930280216416729,0.936938459976413,0.9436587332438641,0.9492096737677859,0.9568563102580792,0.961635388687558,0.966752316095809,0.9701571415618341,0.9742629605465591,0.976931031405623,0.979484053315348,0.982609520249985,0.9852963649684109,0.988188712713885,0.9902760820401441,0.993208746443811,0.9955322964583672,0.9979897278376171,1.0,0.9977149005560291,0.994216838526573,0.9882116142430559,0.977770146038124,0.959794421901955,0.9006769618024599,0.7893353625735671,0.530808125704545,0.349912409628795
0.6946765787508922,0.8629132039742249,0.889119941960101,0.9132483589575859,0.9243426389328959,0.931019836579867,0.9375703022001379,0.9433997293547399,0.9513743822798009,0.9564645306781271,0.961682792261111,0.965288020444794,0.969422242129692,0.972350996820399,0.9748620400023129,0.978153900128737,0.9812366575789251,0.984606944068178,0.986695887416575,0.9895922415051069,0.9923012950730049,0.9952900746402271,0.9977149005560291,1.0,0.997475136037422,0.9923466217360879,0.9824848560856929,0.9668058404367609,0.9087615456939959,0.7977422107737849,0.5436566648235179,0.365938450881003
0.6849427574426841,0.852757140594173,0.8785905525952951,0.903674319342034,0.915183505152575,0.9221039467160881,0.929024951022429,0.935109969300425,0.9434487644554008,0.948871062491907,0.954581205259165,0.958520482399642,0.962907015310833,0.966289558409721,0.968926293996292,0.9725110084710609,0.975905740650658,0.979621642838653,0.981667196039525,0.984906906338127,0.987943956599386,0.9915112617195541,0.994216838526573,0.997475136037422,1.0,0.996098246473388,0.987685652823772,0.9738275985228672,0.9188668681830992,0.810807017474422,0.5597991393407671,0.382608949152409
0.672413757739878,0.838957432570249,0.865650835838439,0.890990555605922,0.9031415696176159,0.910100633000162,0.917006053598271,0.9232543917772409,0.9321428930551809,0.9375151146375258,0.9439881673683309,0.948089429566019,0.953022916656135,0.956300434500192,0.959303441159515,0.963600403105938,0.9678637004634542,0.9720787161849449,0.9743535876143141,0.977761479815019,0.981207748308091,0.985188381395733,0.9882116142430559,0.9923466217360879,0.996098246473388,1.0,0.99355804756599,0.9815214539725259,0.933214277048453,0.830054646284948,0.586262034177152,0.40356077344397706
0.649394224064682,0.8173962878809929,0.8452227315548709,0.871536450545927,0.883596218000437,0.890786251268502,0.898319222217965,0.9044958869706049,0.91399080405658,0.9195160895546449,0.9263314926401709,0.9306988677886879,0.936309884277025,0.940053643734702,0.9436876839686391,0.948918586240021,0.9538889603461121,0.958895125190045,0.961367645059295,0.965293582436492,0.969326091860024,0.9742985561331171,0.977770146038124,0.9824848560856929,0.987685652823772,0.99355804756599,1.0,0.991154365187946,0.9553948987912869,0.8652352208469449,0.627326259512783,0.435140698748054
0.6258996688265079,0.788764831671548,0.816431583758346,0.842772000774272,0.8552851123317242,0.862978481516107,0.87046332293274,0.8768782870706829,0.8865392851334499,0.8923590182487979,0.899517779122661,0.9044894476992149,0.9106354115216071,0.915712080847322,0.919631955420496,0.9254280912606899,0.9313909808784251,0.9375927797074209,0.9400485921837131,0.9444481160858449,0.9497114638147192,0.9559939095588729,0.959794421901955,0.9668058404367609,0.9738275985228672,0.9815214539725259,0.991154365187946,1.0,0.9703869499727009,0.8870287516777629,0.6657056155366229,0.491786628593683
0.5616333377955289,0.7049758070701351,0.7308760428299509,0.760161319129016,0.7722509370246551,0.781112395192288,0.7896248952237509,0.796676207506005,0.807742226027883,0.8148452985223399,0.8236395097711631,0.830038795814237,0.8381131216186031,0.84410322468877,0.85033909349791,0.857489512538853,0.8654552088092059,0.8723541558212,0.875541230978972,0.880780182176418,0.88546134615383,0.895444292786521,0.9006769618024599,0.9087615456939959,0.9188668681830992,0.933214277048453,0.9553948987912869,0.9703869499727009,1.0,0.954898049250023,0.760024521111317,0.544128834475088
0.44745566229551204,0.573513364389485,0.596994307411261,0.62957298319441,0.6411411502058829,0.6497027184480629,0.659631386055193,0.666349843981059,0.678775500544529,0.686458082801349,0.6961493505359722,0.7029050760010171,0.713263892708246,0.7200707036296959,0.727062812217624,0.736189617205251,0.744224250662409,0.751815559692629,0.756625077412682,0.76311887423297,0.768117749092997,0.7823819376240649,0.7893353625735671,0.7977422107737849,0.810807017474422,0.830054646284948,0.8652352208469449,0.8870287516777629,0.954898049250023,1.0,0.8602507188549321,0.625814274468167
0.224562909789832,0.314993390855706,0.332938404651807,0.35743823152456394,0.36941084783375894,0.379217580333644,0.38972495788696,0.39499152019708095,0.408915373282477,0.41500055750473297,0.423801472780836,0.430486442238302,0.440659753759989,0.44853398980052295,0.454664326046556,0.466853522096835,0.47557146885775997,0.4825106707184771,0.489934879084229,0.49856908378283704,0.504818629360844,0.5225705919637961,0.530808125704545,0.5436566648235179,0.5597991393407671,0.586262034177152,0.627326259512783,0.6657056155366229,0.760024521111317,0.8602507188549321,1.0,0.758040713503491
0.0998378115164558,0.168788317378418,0.18149031683996103,0.201297180278502,0.20803137641822,0.212621736081936,0.218627753104591,0.22069151497563,0.23124140699253,0.23829982481252696,0.24542547167603998,0.251001322944363,0.258643550530531,0.264413905463038,0.268261808668522,0.278585034468264,0.28937380127575396,0.297866272075328,0.305793245081407,0.318225035530383,0.326899485237833,0.340681419703277,0.349912409628795,0.365938450881003,0.382608949152409,0.40356077344397706,0.435140698748054,0.491786628593683,0.544128834475088,0.625814274468167,0.758040713503491,1.0
