1.0,0.9855974657316942,0.93193366527393,0.8292629229363591,0.795077947129862,0.7664157872589359,0.7185508338732131,0.672693095656714,0.657557188071817,0.634280987416707,0.604647083293122,0.5821909135912271,0.5558464575964319,0.525339214340628,0.492233441236142,0.44950445075430895,0.405401857116061,0.36515992857688895,0.32792308739203496,0.293620839872752,0.265180596444588,0.24571475908246104,0.23709764834718303,0.22640519296287198,0.21557183583504502,0.214090502136815,0.211220253886718,0.20623696761697002,0.19971121082325197,0.17706511246345497,0.15712635764611801,0.143421590270599
0.9855974657316942,1.0,0.979835017652998,0.911827104053068,0.884058859023479,0.853194389133095,0.8009469707608621,0.751065940156399,0.7358397865458379,0.711458801361917,0.6798598569285581,0.6566806307109639,0.6290209275164449,0.5963884834193101,0.56114366808504,0.5160838310725581,0.46862531913716293,0.424869349535883,0.382637336795801,0.34312322075679497,0.3103019377193,0.288397449417613,0.28062051363477303,0.269905272428989,0.258611003766939,0.256532692393827,0.25232381116348496,0.24580050467413803,0.23965824658003,0.219217899272869,0.198496428175722,0.183758560860085
0.93193366527393,0.979835017652998,1.0,0.9754762790389649,0.9563221399452401,0.9240031604347259,0.8685203565475049,0.815740329768143,0.800973688012698,0.776193893371077,0.743448092268693,0.7202763994565881,0.6920911265643461,0.658161017493155,0.6216993166124859,0.575560913244042,0.525901859739877,0.479620851743199,0.43305712196883595,0.388854195561761,0.35207690567128597,0.328105510163459,0.32161043772984,0.31126668987457695,0.299847781075942,0.29714139289753494,0.291507358758889,0.283407007627195,0.27794625087679403,0.26087210231607394,0.239996289618325,0.22458575918550897
0.8292629229363591,0.911827104053068,0.9754762790389649,1.0,0.9912301873842231,0.95881944408326,0.9023657094833879,0.8488589916316509,0.8352886876823391,0.8112277072265459,0.7787489947591729,0.756668576994523,0.7292216438468242,0.6954478471934921,0.659349762771574,0.614179605845886,0.564417399169966,0.517517899236281,0.46835869176193495,0.42105658414991404,0.381640301762226,0.35651239671814794,0.351732958578277,0.34228187620540806,0.331259352475966,0.327987576626546,0.32104694199414,0.311587937979857,0.307133128457448,0.29456510913904604,0.274494950725079,0.259063671318215
0.795077947129862,0.884058859023479,0.9563221399452401,0.9912301873842231,1.0,0.9872585887845,0.9496445679284079,0.9086627653878749,0.89566830887665,0.8713835274896371,0.8379785177815621,0.816767652680187,0.7897966505949999,0.755637911287271,0.7191295433986321,0.673570551962073,0.6221577386122529,0.573157960964475,0.521162494506361,0.470535201176798,0.42810479114122796,0.401677437744117,0.398998948384964,0.390475108591445,0.37970171596706304,0.37562381534760103,0.366832858966664,0.355395814389109,0.349428019149833,0.333526140674492,0.309929196660508,0.291966328338776
0.7664157872589359,0.853194389133095,0.9240031604347259,0.95881944408326,0.9872585887845,1.0,0.987402984394562,0.963310924850149,0.950933773036744,0.9265319833255451,0.892361521478145,0.872294694615771,0.8461403117320458,0.8119519554996529,0.7753616370046279,0.729723127400805,0.676978614756984,0.626169382513693,0.5719839046699671,0.518650828201036,0.47367163600888396,0.44627092602429597,0.445879505287992,0.438438149558334,0.428040062287331,0.42313580652412397,0.41244199063913795,0.39899091299303,0.390902854028499,0.369766850692315,0.341776379289349,0.3208326905469289
0.7185508338732131,0.8009469707608621,0.8685203565475049,0.9023657094833879,0.9496445679284079,0.987402984394562,1.0,0.993311038624614,0.981860433054962,0.9579588431153778,0.92389061859955,0.905468388415537,0.88078684304966,0.8474328566626379,0.8116855589688259,0.767121104842675,0.714385080589754,0.6630603813088609,0.608066334271953,0.5533902919307621,0.5070131750771111,0.479336924066043,0.481229548045664,0.47505258112067894,0.465290403175353,0.45968837150790504,0.44737263557152,0.432258758350256,0.42226676435261207,0.39646022266365705,0.364808252324547,0.34142974746996296
0.672693095656714,0.751065940156399,0.815740329768143,0.8488589916316509,0.9086627653878749,0.963310924850149,0.993311038624614,1.0,0.9932372954095819,0.9737513893117629,0.94368993817471,0.9275601098696681,0.904251238871841,0.871791873648545,0.8370811848692541,0.7940850917904679,0.741985990099259,0.690775480799419,0.636011584154921,0.5810407774257429,0.534111757754603,0.5065394613844689,0.510214690521871,0.505002214143202,0.495704558941594,0.49010618736005396,0.477079918616983,0.46104084707392795,0.44986675468855103,0.420484707910426,0.38586503774503705,0.36047947576976
0.657557188071817,0.7358397865458379,0.800973688012698,0.8352886876823391,0.89566830887665,0.950933773036744,0.981860433054962,0.9932372954095819,1.0,0.9935926627433901,0.975718209844892,0.9628452077955,0.9397626329109869,0.9070313002455179,0.872419344735616,0.8304454365496621,0.778337053072877,0.726611873575576,0.6722764521982099,0.6172005459960289,0.569752869940928,0.542043735968249,0.546541997639624,0.541408032779389,0.531802471954507,0.5276383289132089,0.5154907079706571,0.499569316536421,0.488409597837639,0.45667437101037,0.41916674720398606,0.391647880842154
0.634280987416707,0.711458801361917,0.776193893371077,0.8112277072265459,0.8713835274896371,0.9265319833255451,0.9579588431153778,0.9737513893117629,0.9935926627433901,1.0,0.994221279035154,0.984685888455825,0.962123458652453,0.9295525749833101,0.8954863604261769,0.8550527705152141,0.8036122680284008,0.752058017012877,0.6988455452462641,0.6443827952676701,0.597046600197765,0.569564217358221,0.57480523189331,0.5698143877254871,0.5600338751481,0.5573199880946329,0.546185498276762,0.530585491094364,0.519584735431783,0.485971044224252,0.446139362911264,0.416901299099353
0.604647083293122,0.6798598569285581,0.743448092268693,0.7787489947591729,0.8379785177815621,0.892361521478145,0.92389061859955,0.94368993817471,0.975718209844892,0.994221279035154,1.0,0.9937479039171091,0.9719472172557572,0.9399151731472281,0.9067715012111509,0.8682806788757059,0.818084870114669,0.7673046423878291,0.7157901255257809,0.662555947839354,0.6158872655536701,0.5889463249696689,0.5948306453582091,0.5900349557628599,0.58020431073917,0.578900118388717,0.568860036361966,0.5537503771366701,0.543031128746654,0.508032030071203,0.466465477862586,0.4359413679118
0.5821909135912271,0.6566806307109639,0.7202763994565881,0.756668576994523,0.816767652680187,0.872294694615771,0.905468388415537,0.9275601098696681,0.9628452077955,0.984685888455825,0.9937479039171091,1.0,0.9919617198580619,0.971752283159287,0.9473390947368381,0.912097511869992,0.863493359922415,0.813327422204795,0.759926943746717,0.703873654309162,0.6546572938805469,0.626908812540797,0.6356820429540601,0.632547287955431,0.623608836980722,0.6208205001886179,0.608149121149274,0.5905792365426271,0.5804607816876329,0.550424029183822,0.509502135870336,0.47874437742719894
0.5558464575964319,0.6290209275164449,0.6920911265643461,0.7292216438468242,0.7897966505949999,0.8461403117320458,0.88078684304966,0.904251238871841,0.9397626329109869,0.962123458652453,0.9719472172557572,0.9919617198580619,1.0,0.9938045116913392,0.9797286977318059,0.948263685003155,0.901842985129773,0.85285392523734,0.7974972653618921,0.738547070222971,0.68680799510152,0.6583334351389201,0.6702203243347621,0.669027446730386,0.661266683688282,0.6564080427264429,0.6405288790213679,0.620171706971184,0.610818574296095,0.5873603432663679,0.548176668437607,0.517877058171894
0.525339214340628,0.5963884834193101,0.658161017493155,0.6954478471934921,0.755637911287271,0.8119519554996529,0.8474328566626379,0.871791873648545,0.9070313002455179,0.9295525749833101,0.9399151731472281,0.971752283159287,0.9938045116913392,1.0,0.995190382386647,0.967459530998585,0.9235719600893191,0.8762659717801959,0.8199249353798801,0.7592117336946109,0.705942725943195,0.677207881743308,0.691672016811381,0.692200558019491,0.6855770665514339,0.6789644232265369,0.660478260749245,0.637942783949071,0.6293858382747161,0.6120166666039589,0.5748791272539621,0.545383565339214
0.492233441236142,0.56114366808504,0.6216993166124859,0.659349762771574,0.7191295433986321,0.7753616370046279,0.8116855589688259,0.8370811848692541,0.872419344735616,0.8954863604261769,0.9067715012111509,0.9473390947368381,0.9797286977318059,0.995190382386647,1.0,0.98413416185265,0.949296603123957,0.9087281638024829,0.856500819801244,0.7977647547784109,0.7454560721884,0.7174235610795401,0.7325770856820759,0.7330039117094208,0.7258839959520021,0.71835338149999,0.698255637621675,0.674026036191917,0.6651483076379661,0.648193316987267,0.609612386803249,0.5787961864732021
0.44950445075430895,0.5160838310725581,0.575560913244042,0.614179605845886,0.673570551962073,0.729723127400805,0.767121104842675,0.7940850917904679,0.8304454365496621,0.8550527705152141,0.8682806788757059,0.912097511869992,0.948263685003155,0.967459530998585,0.98413416185265,1.0,0.990014704157545,0.9683659542722709,0.932109398911303,0.883844927580539,0.838067898328374,0.8129229214785799,0.824698329956817,0.8209466713459208,0.8095986401464699,0.802857201861197,0.7830764180514052,0.7579199746726809,0.746163513560292,0.7170002023745831,0.6688928347163579,0.63175081490083
0.405401857116061,0.46862531913716293,0.525901859739877,0.564417399169966,0.6221577386122529,0.676978614756984,0.714385080589754,0.741985990099259,0.778337053072877,0.8036122680284008,0.818084870114669,0.863493359922415,0.901842985129773,0.9235719600893191,0.949296603123957,0.990014704157545,1.0,0.9938719222034681,0.971123149382577,0.932268639992284,0.8927151138732029,0.8704323117932071,0.8792578073554179,0.8722711127736519,0.85782022103567,0.8518580732538541,0.8327759733808551,0.8074514580835078,0.7936734421042159,0.7554694897919499,0.700880184030703,0.6595513893413371
0.36515992857688895,0.424869349535883,0.479620851743199,0.517517899236281,0.573157960964475,0.626169382513693,0.6630603813088609,0.690775480799419,0.726611873575576,0.752058017012877,0.7673046423878291,0.813327422204795,0.85285392523734,0.8762659717801959,0.9087281638024829,0.9683659542722709,0.9938719222034681,1.0,0.988160957859197,0.9572276563935591,0.923106416176821,0.903379029595787,0.909768147768822,0.9003422031654449,0.883659893511755,0.8783920508732299,0.8601241776927281,0.835021350048895,0.819850435797004,0.7750904703283571,0.7161802807047801,0.672145275294168
0.32792308739203496,0.382637336795801,0.43305712196883595,0.46835869176193495,0.521162494506361,0.5719839046699671,0.608066334271953,0.636011584154921,0.6722764521982099,0.6988455452462641,0.7157901255257809,0.759926943746717,0.7974972653618921,0.8199249353798801,0.856500819801244,0.932109398911303,0.971123149382577,0.988160957859197,1.0,0.990192299017908,0.9709699898095759,0.95800244690061,0.956589868467932,0.940166358190425,0.91749698055517,0.9112000748988779,0.892784493441634,0.8671275835898209,0.846239611783855,0.782122202705884,0.7127890393128979,0.662792815178197
0.293620839872752,0.34312322075679497,0.388854195561761,0.42105658414991404,0.470535201176798,0.518650828201036,0.5533902919307621,0.5810407774257429,0.6172005459960289,0.6443827952676701,0.662555947839354,0.703873654309162,0.738547070222971,0.7592117336946109,0.7977647547784109,0.883844927580539,0.932268639992284,0.9572276563935591,0.990192299017908,1.0,0.99486610488168,0.988346549343225,0.979671583975298,0.9570619969968559,0.929286213716232,0.921915294240866,0.9035004513500129,0.8776977140072951,0.851756216165736,0.7708181814437769,0.693226818482341,0.638744823118162
0.265180596444588,0.3103019377193,0.35207690567128597,0.381640301762226,0.42810479114122796,0.47367163600888396,0.5070131750771111,0.534111757754603,0.569752869940928,0.597046600197765,0.6158872655536701,0.6546572938805469,0.68680799510152,0.705942725943195,0.7454560721884,0.838067898328374,0.8927151138732029,0.923106416176821,0.9709699898095759,0.99486610488168,1.0,0.9982308395599409,0.9844015200220859,0.957587739105403,0.92645304752692,0.918394370915645,0.9002054259907449,0.874612835209842,0.8453282842863199,0.753196736608725,0.670573108175798,0.613508595581335
0.24571475908246104,0.288397449417613,0.328105510163459,0.35651239671814794,0.401677437744117,0.44627092602429597,0.479336924066043,0.5065394613844689,0.542043735968249,0.569564217358221,0.5889463249696689,0.626908812540797,0.6583334351389201,0.677207881743308,0.7174235610795401,0.8129229214785799,0.8704323117932071,0.903379029595787,0.95800244690061,0.988346549343225,0.9982308395599409,1.0,0.9889085288305509,0.9642156853625921,0.934705342911239,0.926140071932956,0.9068310248055771,0.880329096939858,0.8488756880708109,0.751200654923448,0.665776086892532,0.607164282264417
0.23709764834718303,0.28062051363477303,0.32161043772984,0.351732958578277,0.398998948384964,0.445879505287992,0.481229548045664,0.510214690521871,0.546541997639624,0.57480523189331,0.5948306453582091,0.6356820429540601,0.6702203243347621,0.691672016811381,0.7325770856820759,0.824698329956817,0.8792578073554179,0.909768147768822,0.956589868467932,0.979671583975298,0.9844015200220859,0.9889085288305509,1.0,0.992898141727667,0.977127667235295,0.9681490866345179,0.9439443044805871,0.9133564760909549,0.881066207650664,0.78720809497639,0.7021233945931821,0.643196311106915
0.22640519296287198,0.269905272428989,0.31126668987457695,0.34228187620540806,0.390475108591445,0.438438149558334,0.47505258112067894,0.505002214143202,0.541408032779389,0.5698143877254871,0.5900349557628599,0.632547287955431,0.669027446730386,0.692200558019491,0.7330039117094208,0.8209466713459208,0.8722711127736519,0.9003422031654449,0.940166358190425,0.9570619969968559,0.957587739105403,0.9642156853625921,0.992898141727667,1.0,0.995487115927518,0.98632101048695,0.958581736042684,0.925210123326226,0.892765731941712,0.803465346963192,0.720013041286161,0.6617754315453549
0.21557183583504502,0.258611003766939,0.299847781075942,0.331259352475966,0.37970171596706304,0.428040062287331,0.465290403175353,0.495704558941594,0.531802471954507,0.5600338751481,0.58020431073917,0.623608836980722,0.661266683688282,0.6855770665514339,0.7258839959520021,0.8095986401464699,0.85782022103567,0.883659893511755,0.91749698055517,0.929286213716232,0.92645304752692,0.934705342911239,0.977127667235295,0.995487115927518,1.0,0.9907776026804871,0.9605012967857199,0.925248794409894,0.893011677024913,0.8082557357850141,0.7269549041665829,0.6698599985312371
0.214090502136815,0.256532692393827,0.29714139289753494,0.327987576626546,0.37562381534760103,0.42313580652412397,0.45968837150790504,0.49010618736005396,0.5276383289132089,0.5573199880946329,0.578900118388717,0.6208205001886179,0.6564080427264429,0.6789644232265369,0.71835338149999,0.802857201861197,0.8518580732538541,0.8783920508732299,0.9112000748988779,0.921915294240866,0.918394370915645,0.926140071932956,0.9681490866345179,0.98632101048695,0.9907776026804871,1.0,0.98919487836741,0.9677846640444959,0.944009185633688,0.8560746649635391,0.770921738668635,0.710987692703034
0.211220253886718,0.25232381116348496,0.291507358758889,0.32104694199414,0.366832858966664,0.41244199063913795,0.44737263557152,0.477079918616983,0.5154907079706571,0.546185498276762,0.568860036361966,0.608149121149274,0.6405288790213679,0.660478260749245,0.698255637621675,0.7830764180514052,0.8327759733808551,0.8601241776927281,0.892784493441634,0.9035004513500129,0.9002054259907449,0.9068310248055771,0.9439443044805871,0.958581736042684,0.9605012967857199,0.98919487836741,1.0,0.9942401461577691,0.979879947376768,0.8890677272667881,0.8008997965291078,0.7388059467665659
0.20623696761697002,0.24580050467413803,0.283407007627195,0.311587937979857,0.355395814389109,0.39899091299303,0.432258758350256,0.46104084707392795,0.499569316536421,0.530585491094364,0.5537503771366701,0.5905792365426271,0.620171706971184,0.637942783949071,0.674026036191917,0.7579199746726809,0.8074514580835078,0.835021350048895,0.8671275835898209,0.8776977140072951,0.874612835209842,0.880329096939858,0.9133564760909549,0.925210123326226,0.925248794409894,0.9677846640444959,0.9942401461577691,1.0,0.992718887886791,0.9010433436190841,0.8118755954250981,0.7490509724762242
0.19971121082325197,0.23965824658003,0.27794625087679403,0.307133128457448,0.349428019149833,0.390902854028499,0.42226676435261207,0.44986675468855103,0.488409597837639,0.519584735431783,0.543031128746654,0.5804607816876329,0.610818574296095,0.6293858382747161,0.6651483076379661,0.746163513560292,0.7936734421042159,0.819850435797004,0.846239611783855,0.851756216165736,0.8453282842863199,0.8488756880708109,0.881066207650664,0.892765731941712,0.893011677024913,0.944009185633688,0.979879947376768,0.992718887886791,1.0,0.9418002261214301,0.8682300037427559,0.813604851764976
0.17706511246345497,0.219217899272869,0.26087210231607394,0.29456510913904604,0.333526140674492,0.369766850692315,0.39646022266365705,0.420484707910426,0.45667437101037,0.485971044224252,0.508032030071203,0.550424029183822,0.5873603432663679,0.6120166666039589,0.648193316987267,0.7170002023745831,0.7554694897919499,0.7750904703283571,0.782122202705884,0.7708181814437769,0.753196736608725,0.751200654923448,0.78720809497639,0.803465346963192,0.8082557357850141,0.8560746649635391,0.8890677272667881,0.9010433436190841,0.9418002261214301,1.0,0.984495493814662,0.9617103818806491
0.15712635764611801,0.198496428175722,0.239996289618325,0.274494950725079,0.309929196660508,0.341776379289349,0.364808252324547,0.38586503774503705,0.41916674720398606,0.446139362911264,0.466465477862586,0.509502135870336,0.548176668437607,0.5748791272539621,0.609612386803249,0.6688928347163579,0.700880184030703,0.7161802807047801,0.7127890393128979,0.693226818482341,0.670573108175798,0.665776086892532,0.7021233945931821,0.720013041286161,0.7269549041665829,0.770921738668635,0.8008997965291078,0.8118755954250981,0.8682300037427559,0.984495493814662,1.0,0.9948737289778821
0.143421590270599,0.183758560860085,0.22458575918550897,0.259063671318215,0.291966328338776,0.3208326905469289,0.34142974746996296,0.36047947576976,0.391647880842154,0.416901299099353,0.4359413679118,0.47874437742719894,0.517877058171894,0.545383565339214,0.5787961864732021,0.63175081490083,0.6595513893413371,0.672145275294168,0.662792815178197,0.638744823118162,0.613508595581335,0.607164282264417,0.643196311106915,0.6617754315453549,0.6698599985312371,0.710987692703034,0.7388059467665659,0.7490509724762242,0.813604851764976,0.9617103818806491,0.9948737289778821,1.0
