1.0,0.990613552051752,0.9630076563216451,0.920106488746228,0.8666382405479541,0.8105180342822121,0.8070055722913242,0.79035186025758,0.765178364733018,0.7355594093124069,0.704469090719746,0.700712672684411,0.6965804546129138,0.6862590077483129,0.6725313793921579,0.657290025708418,0.6499389500894329,0.643319223966999,0.630765630445751,0.615644824173967,0.5999144891290121,0.593187990129122,0.5713674393704771,0.542466805562167,0.521051485373151,0.505617835256257,0.4941960657345779,0.503266278910212,0.505256542184391,0.502108759038952,0.496052965527225,0.48855331252019607
0.990613552051752,1.0,0.990803465823698,0.965008004515952,0.926704446257001,0.882967959158476,0.8776950277596609,0.858264560905275,0.8297378649766709,0.796550354908842,0.761922353072602,0.7577750166999679,0.753448547529814,0.7424077521199951,0.727664053231065,0.711266680786384,0.703075390042788,0.6954270720757649,0.6814484383594941,0.6647683569143951,0.647490048382509,0.640001510599951,0.616381720536225,0.5851649686001761,0.562040555622764,0.5453772529835099,0.533046293862416,0.543746716424659,0.546704401991599,0.543977687897017,0.53799245499892,0.530350207331435
0.9630076563216451,0.990803465823698,1.0,0.991614026557262,0.9690298340757308,0.93836033169541,0.9314422342201499,0.909622345836608,0.8783037878507809,0.842197410106193,0.804707731339294,0.800250108944294,0.795811342352982,0.784262600863888,0.768785696207125,0.751547159251781,0.742675597528847,0.7341504999253441,0.71901968539162,0.7011044910444171,0.682613316926356,0.674508900809658,0.6495447635717869,0.616612469400586,0.592223784882194,0.574651345720817,0.561648373345995,0.573764676941359,0.577625312014426,0.575365816834168,0.5695610853008729,0.5619189759000041
0.920106488746228,0.965008004515952,0.991614026557262,1.0,0.9928172819110309,0.975154762386344,0.966784133048305,0.943056726355446,0.909609364402865,0.8713350837285251,0.831755876260626,0.8270784327195351,0.82260862197418,0.8107730245560141,0.7948615616208771,0.777115600637572,0.767746627595382,0.758530482766978,0.742559000766379,0.7237717366302501,0.7044396307214871,0.695886133659699,0.670066623981577,0.63606123615205,0.6108837798373371,0.592744728942699,0.579323167228208,0.592583758951986,0.597240523607424,0.595466068305776,0.589933400605376,0.582422635746186
0.8666382405479541,0.926704446257001,0.9690298340757308,0.9928172819110309,1.0,0.9946428224909829,0.9850526044529828,0.95991392471158,0.9249957077654,0.8852865195339871,0.844364463901366,0.8395534281961692,0.835121684334148,0.823197423229437,0.8071214779440821,0.789170996986244,0.7794815698414069,0.7697634261758101,0.753252398880459,0.7339386034379741,0.714116935836074,0.7052755388357529,0.679050060418537,0.6445594932163871,0.619028128223553,0.600635638863276,0.587027163844349,0.601148898294343,0.606473087984251,0.6051741848534351,0.599976075143054,0.592699160745766
0.8105180342822121,0.882967959158476,0.93836033169541,0.975154762386344,0.9946428224909829,1.0,0.990351065247004,0.9650706976530491,0.9299590239010229,0.890031463340764,0.848885295826238,0.8440101078863871,0.8395122317542499,0.82748837862095,0.8112965952253699,0.7932253207452651,0.783269450537734,0.7731474687351121,0.756264479632551,0.7366204541004008,0.716510819193502,0.7074071044297479,0.6808749897243801,0.646176137578646,0.620511563546145,0.602029166259934,0.588356585948501,0.603156444136354,0.6090648505222329,0.608234680917075,0.603410474222718,0.596432451675182
0.8070055722913242,0.8776950277596609,0.9314422342201499,0.966784133048305,0.9850526044529828,0.990351065247004,1.0,0.992065643646149,0.9719371392593421,0.944622683468453,0.9139453417300999,0.909026323124027,0.901312329916143,0.885917836488,0.8664244931154542,0.8452433218053509,0.833190336593693,0.8213940777700759,0.802593163394735,0.7810149823827621,0.759070607108265,0.7475529077061128,0.715668244078663,0.6772399504605929,0.649170695724319,0.629058767953487,0.61422153778463,0.630961576624093,0.6382881439423299,0.6383766320256341,0.6341214771637839,0.627475527060333
0.79035186025758,0.858264560905275,0.909622345836608,0.943056726355446,0.95991392471158,0.9650706976530491,0.992065643646149,1.0,0.99380013203851,0.9783841077918801,0.957716026637502,0.952839332794664,0.942336407605321,0.9241409699027191,0.9019777530186729,0.8783287513025371,0.8645744015765541,0.851456092732103,0.831228983384447,0.808256230023116,0.7850135828137809,0.771498121914809,0.735289711924256,0.69411935463599,0.664336989172365,0.643082376267819,0.627436177292952,0.645656992816557,0.654147851224127,0.655068269085147,0.651400367649946,0.645166580505365
0.765178364733018,0.8297378649766709,0.8783037878507809,0.909609364402865,0.9249957077654,0.9299590239010229,0.9719371392593421,0.99380013203851,1.0,0.995310105684707,0.9837668798779922,0.978992069358538,0.9661615643276529,0.945729592713805,0.921498195020013,0.8959793264389301,0.880902160390871,0.866788075823147,0.8455670444337,0.821664622639006,0.797581037386636,0.7824774840849641,0.7429239201977008,0.699872750837154,0.6689690174587609,0.6469847846630219,0.630829963682069,0.6501194870247281,0.659527766236473,0.661171736683502,0.658071650282593,0.652284749187615
0.7355594093124069,0.796550354908842,0.842197410106193,0.8713350837285251,0.8852865195339871,0.890031463340764,0.944622683468453,0.9783841077918801,0.995310105684707,1.0,0.996512450729495,0.9918744361744369,0.9771481570308149,0.954976282587825,0.9291897754653069,0.902301327809087,0.8862252590820641,0.8713871084543531,0.8495152918525609,0.825045029777458,0.800472632877145,0.784139633963895,0.742074415474126,0.6978209435036801,0.66625318044759,0.6438558203693521,0.627421370889629,0.6474462261329039,0.657557851436071,0.659814785853453,0.6572400008054371,0.651900278689126
0.704469090719746,0.761922353072602,0.804707731339294,0.831755876260626,0.844364463901366,0.848885295826238,0.9139453417300999,0.957716026637502,0.9837668798779922,0.996512450729495,1.0,0.99551492405053,0.979264283969437,0.9557585912172281,0.9288248977907759,0.900957603290749,0.884140982968182,0.8687900295132591,0.8465216071166429,0.821745861770984,0.796936921086133,0.7796664397101429,0.735751547422812,0.690794332922643,0.658891579466066,0.6363065762717789,0.619754720811526,0.6402630250798951,0.6509051853269561,0.653673860865856,0.651571596759469,0.64665783563922
0.700712672684411,0.7577750166999679,0.800250108944294,0.8270784327195351,0.8395534281961692,0.8440101078863871,0.909026323124027,0.952839332794664,0.978992069358538,0.9918744361744369,0.99551492405053,1.0,0.993945382421707,0.9790813334129821,0.9593776666626859,0.9375321948035491,0.9233675930822858,0.907620439333902,0.8845970765819771,0.858910931898126,0.8331543866738871,0.814450284197845,0.766523586072715,0.71862142057528,0.684789424232942,0.660886999434078,0.643389288825552,0.665311113606444,0.676927618516205,0.680270639925741,0.678471571366996,0.6736839596835451
0.6965804546129138,0.753448547529814,0.795811342352982,0.82260862197418,0.835121684334148,0.8395122317542499,0.901312329916143,0.942336407605321,0.9661615643276529,0.9771481570308149,0.979264283969437,0.993945382421707,1.0,0.995509612666869,0.9845675601815501,0.970081243122758,0.959278284133878,0.9433619335236719,0.9198057492625921,0.893414429461222,0.8668943763476931,0.8469640372770301,0.79537591891706,0.7447615238348749,0.709148022380572,0.684027522478603,0.665654635257094,0.688854622148373,0.701341242195438,0.705185940115186,0.703640285870969,0.6989451692804189
0.6862590077483129,0.7424077521199951,0.784262600863888,0.8107730245560141,0.823197423229437,0.82748837862095,0.885917836488,0.9241409699027191,0.945729592713805,0.954976282587825,0.9557585912172281,0.9790813334129821,0.995509612666869,1.0,0.996712523775985,0.9887069292369929,0.980904975819284,0.9649973512640122,0.941210777486778,0.914468100440053,0.887547684394134,0.86675436544012,0.812512580558066,0.7600528206568851,0.723250190804192,0.697324121194086,0.678375584129004,0.702451548957103,0.715566593909391,0.7198061806654341,0.7184938527142709,0.7139239967645091
0.6725313793921579,0.727664053231065,0.768785696207125,0.7948615616208771,0.8071214779440821,0.8112965952253699,0.8664244931154542,0.9019777530186729,0.921498195020013,0.9291897754653069,0.9288248977907759,0.9593776666626859,0.9845675601815501,0.996712523775985,1.0,0.9975983067119591,0.992420531612457,0.976633809320886,0.9528196630991651,0.925966957291639,0.8988958362005658,0.8775121699221271,0.8213859122212049,0.767720793315364,0.730162826180898,0.703732146789731,0.684426031895461,0.709080061204353,0.722639451189884,0.7271867896171491,0.726083522285856,0.721653462848857
0.657290025708418,0.711266680786384,0.751547159251781,0.777115600637572,0.789170996986244,0.7932253207452651,0.8452433218053509,0.8783287513025371,0.8959793264389301,0.902301327809087,0.900957603290749,0.9375321948035491,0.970081243122758,0.9887069292369929,0.9975983067119591,1.0,0.997092666276392,0.9814915890764642,0.9577779950780649,0.9309711858317441,0.903912324896059,0.8821354170547231,0.8246906341000171,0.7702747476666271,0.732266790184567,0.705542473782622,0.686031287203764,0.7110510114445641,0.7249196049866841,0.729706343750163,0.7287875562846958,0.7245001016194409
0.6499389500894329,0.703075390042788,0.742675597528847,0.767746627595382,0.7794815698414069,0.783269450537734,0.833190336593693,0.8645744015765541,0.880902160390871,0.8862252590820641,0.884140982968182,0.9233675930822858,0.959278284133878,0.980904975819284,0.992420531612457,0.997092666276392,1.0,0.992753031190308,0.9758415715061441,0.9545241324025491,0.9319003257241071,0.9121567571053979,0.8507262248967099,0.793529179482519,0.753727155840082,0.7257868191354879,0.7054064090144129,0.7301045358335121,0.743466658332652,0.7476483022254542,0.7460983545322522,0.7411949933479041
0.643319223966999,0.6954270720757649,0.7341504999253441,0.758530482766978,0.7697634261758101,0.7731474687351121,0.8213940777700759,0.851456092732103,0.866788075823147,0.8713871084543531,0.8687900295132591,0.907620439333902,0.9433619335236719,0.9649973512640122,0.976633809320886,0.9814915890764642,0.992753031190308,1.0,0.9950248783008149,0.9834341800677091,0.968735161002662,0.9530164174100558,0.8861908469926999,0.8252221537895921,0.782985677239404,0.753394787068616,0.7318343418219749,0.7554724867204359,0.7675944756289409,0.7704979406356031,0.767716829909448,0.76167060891627
0.630765630445751,0.6814484383594941,0.71901968539162,0.742559000766379,0.753252398880459,0.756264479632551,0.802593163394735,0.831228983384447,0.8455670444337,0.8495152918525609,0.8465216071166429,0.8845970765819771,0.9198057492625921,0.941210777486778,0.9528196630991651,0.9577779950780649,0.9758415715061441,0.9950248783008149,1.0,0.996600378824473,0.9886326996123791,0.976423303431022,0.905859027038832,0.8424331431975279,0.7986423152220509,0.7680080634378711,0.745706132062415,0.7682058986496049,0.779166640773952,0.7809785661016551,0.7772073275178639,0.7702800458214549
0.615644824173967,0.6647683569143951,0.7011044910444171,0.7237717366302501,0.7339386034379741,0.7366204541004008,0.7810149823827621,0.808256230023116,0.821664622639006,0.825045029777458,0.821745861770984,0.858910931898126,0.893414429461222,0.914468100440053,0.925966957291639,0.9309711858317441,0.9545241324025491,0.9834341800677091,0.996600378824473,1.0,0.997658741672257,0.9884431771593499,0.9153173476316859,0.850336036546199,0.8055888589139591,0.774321969369687,0.751574431556996,0.7729637442274441,0.7828818236176379,0.78377747408664,0.7792157752870621,0.7716119416530021
0.5999144891290121,0.647490048382509,0.682613316926356,0.7044396307214871,0.714116935836074,0.716510819193502,0.759070607108265,0.7850135828137809,0.797581037386636,0.800472632877145,0.796936921086133,0.8331543866738871,0.8668943763476931,0.887547684394134,0.8988958362005658,0.903912324896059,0.9319003257241071,0.968735161002662,0.9886326996123791,0.997658741672257,1.0,0.993317163420963,0.918442584283507,0.852505645133034,0.8071956531520921,0.7755650567989542,0.752565077254433,0.7729221764544258,0.781923543857408,0.7820539804949921,0.7768596828051708,0.76873351153908
0.593187990129122,0.640001510599951,0.674508900809658,0.695886133659699,0.7052755388357529,0.7074071044297479,0.7475529077061128,0.771498121914809,0.7824774840849641,0.784139633963895,0.7796664397101429,0.814450284197845,0.8469640372770301,0.86675436544012,0.8775121699221271,0.8821354170547231,0.9121567571053979,0.9530164174100558,0.976423303431022,0.9884431771593499,0.993317163420963,1.0,0.9560166507562341,0.9040020159751601,0.8661256813200551,0.8390210496665259,0.819038789431533,0.8348420293971641,0.8388569290301829,0.834231011071879,0.8246781189445309,0.8126443596469141
0.5713674393704771,0.616381720536225,0.6495447635717869,0.670066623981577,0.679050060418537,0.6808749897243801,0.715668244078663,0.735289711924256,0.7429239201977008,0.742074415474126,0.735751547422812,0.766523586072715,0.79537591891706,0.812512580558066,0.8213859122212049,0.8246906341000171,0.8507262248967099,0.8861908469926999,0.905859027038832,0.9153173476316859,0.918442584283507,0.9560166507562341,1.0,0.9896402993301229,0.9746358165524108,0.961709065116566,0.9512992326956791,0.9559132296114409,0.948006971776913,0.9322677066225491,0.9126927804987991,0.89177974594024
0.542466805562167,0.5851649686001761,0.616612469400586,0.63606123615205,0.6445594932163871,0.646176137578646,0.6772399504605929,0.69411935463599,0.699872750837154,0.6978209435036801,0.690794332922643,0.71862142057528,0.7447615238348749,0.7600528206568851,0.767720793315364,0.7702747476666271,0.793529179482519,0.8252221537895921,0.8424331431975279,0.850336036546199,0.852505645133034,0.9040020159751601,0.9896402993301229,1.0,0.9966691853211249,0.9910943650603549,0.98570194961348,0.9846919592071259,0.97120271177531,0.950525642358856,0.926669395716612,0.9020770626095641
0.521051485373151,0.562040555622764,0.592223784882194,0.6108837798373371,0.619028128223553,0.620511563546145,0.649170695724319,0.664336989172365,0.6689690174587609,0.66625318044759,0.658891579466066,0.684789424232942,0.709148022380572,0.723250190804192,0.730162826180898,0.732266790184567,0.753727155840082,0.782985677239404,0.7986423152220509,0.8055888589139591,0.8071956531520921,0.8661256813200551,0.9746358165524108,0.9966691853211249,1.0,0.998652634109927,0.9961599298138849,0.9919646817932131,0.975428465610737,0.9521371473378791,0.9260688483143471,0.899613209638287
0.505617835256257,0.5453772529835099,0.574651345720817,0.592744728942699,0.600635638863276,0.602029166259934,0.629058767953487,0.643082376267819,0.6469847846630219,0.6438558203693521,0.6363065762717789,0.660886999434078,0.684027522478603,0.697324121194086,0.703732146789731,0.705542473782622,0.7257868191354879,0.753394787068616,0.7680080634378711,0.774321969369687,0.7755650567989542,0.8390210496665259,0.961709065116566,0.9910943650603549,0.998652634109927,1.0,0.999361113931241,0.9931535318312951,0.974735763565766,0.949861665370569,0.9224761439679979,0.8949265442066179
0.4941960657345779,0.533046293862416,0.561648373345995,0.579323167228208,0.587027163844349,0.588356585948501,0.61422153778463,0.627436177292952,0.630829963682069,0.627421370889629,0.619754720811526,0.643389288825552,0.665654635257094,0.678375584129004,0.684426031895461,0.686031287203764,0.7054064090144129,0.7318343418219749,0.745706132062415,0.751574431556996,0.752565077254433,0.819038789431533,0.9512992326956791,0.98570194961348,0.9961599298138849,0.999361113931241,1.0,0.992416199314155,0.9727314168422021,0.9468061924248521,0.918556375964486,0.8902965038829641
0.503266278910212,0.543746716424659,0.573764676941359,0.592583758951986,0.601148898294343,0.603156444136354,0.630961576624093,0.645656992816557,0.6501194870247281,0.6474462261329039,0.6402630250798951,0.665311113606444,0.688854622148373,0.702451548957103,0.709080061204353,0.7110510114445641,0.7301045358335121,0.7554724867204359,0.7682058986496049,0.7729637442274441,0.7729221764544258,0.8348420293971641,0.9559132296114409,0.9846919592071259,0.9919646817932131,0.9931535318312951,0.992416199314155,1.0,0.9938641794039209,0.979182170255232,0.960179235633259,0.939519905956619
0.505256542184391,0.546704401991599,0.577625312014426,0.597240523607424,0.606473087984251,0.6090648505222329,0.6382881439423299,0.654147851224127,0.659527766236473,0.657557851436071,0.6509051853269561,0.676927618516205,0.701341242195438,0.715566593909391,0.722639451189884,0.7249196049866841,0.743466658332652,0.7675944756289409,0.779166640773952,0.7828818236176379,0.781923543857408,0.8388569290301829,0.948006971776913,0.97120271177531,0.975428465610737,0.974735763565766,0.9727314168422021,0.9938641794039209,1.0,0.995625551111971,0.98518976319348,0.971637578280555
0.502108759038952,0.543977687897017,0.575365816834168,0.595466068305776,0.6051741848534351,0.608234680917075,0.6383766320256341,0.655068269085147,0.661171736683502,0.659814785853453,0.653673860865856,0.680270639925741,0.705185940115186,0.7198061806654341,0.7271867896171491,0.729706343750163,0.7476483022254542,0.7704979406356031,0.7809785661016551,0.78377747408664,0.7820539804949921,0.834231011071879,0.9322677066225491,0.950525642358856,0.9521371473378791,0.949861665370569,0.9468061924248521,0.979182170255232,0.995625551111971,1.0,0.996900864674937,0.98948181239335
0.496052965527225,0.53799245499892,0.5695610853008729,0.589933400605376,0.599976075143054,0.603410474222718,0.6341214771637839,0.651400367649946,0.658071650282593,0.6572400008054371,0.651571596759469,0.678471571366996,0.703640285870969,0.7184938527142709,0.726083522285856,0.7287875562846958,0.7460983545322522,0.767716829909448,0.7772073275178639,0.7792157752870621,0.7768596828051708,0.8246781189445309,0.9126927804987991,0.926669395716612,0.9260688483143471,0.9224761439679979,0.918556375964486,0.960179235633259,0.98518976319348,0.996900864674937,1.0,0.997795187979134
0.48855331252019607,0.530350207331435,0.5619189759000041,0.582422635746186,0.592699160745766,0.596432451675182,0.627475527060333,0.645166580505365,0.652284749187615,0.651900278689126,0.64665783563922,0.6736839596835451,0.6989451692804189,0.7139239967645091,0.721653462848857,0.7245001016194409,0.7411949933479041,0.76167060891627,0.7702800458214549,0.7716119416530021,0.76873351153908,0.8126443596469141,0.89177974594024,0.9020770626095641,0.899613209638287,0.8949265442066179,0.8902965038829641,0.939519905956619,0.971637578280555,0.98948181239335,0.997795187979134,1.0
