1.0,0.955198593862803,0.8159723821820591,0.7987246414211241,0.752183240120481,0.7265410502953771,0.6953306983513139,0.671651482745998,0.6543273398241539,0.63488732540542,0.618068061592852,0.598100695844067,0.586893635704639,0.57364750031462,0.5614759761499639,0.5419139321768289,0.525996818172677,0.5149697758042511,0.505486609221388,0.502581082700264,0.496828234700038,0.505342843787483,0.506774140928868,0.49131932770839504,0.46631768773318605,0.453561019965456,0.43771723043972904,0.41697900668509796,0.3870684526009279,0.353066131757707,0.333574789550341,0.306572118912566
0.955198593862803,1.0,0.95048178159487,0.930772180390001,0.8769257250885741,0.8496296055986311,0.8159117232408359,0.7905228136589009,0.7722878879191359,0.750865679314907,0.7312203899725559,0.7078291299209781,0.695295959708985,0.680267282259006,0.6640584134763461,0.6387367357577579,0.622650203035307,0.616044457215624,0.609342866910852,0.607197367396393,0.601452925706597,0.611010738121584,0.612106606192673,0.59142217514879,0.559195680175838,0.543017123220166,0.5242297523225891,0.5007912686430139,0.4695689525131889,0.43135936508130296,0.41263953391320507,0.382250192857096
0.8159723821820591,0.95048178159487,1.0,0.981634722431508,0.9272654347142572,0.901233698679312,0.868034813829583,0.84321870659005,0.8257269784679979,0.8042389197098699,0.7835424495252231,0.7587973696884499,0.7461620477641558,0.730761248704749,0.711934937254112,0.682991052548207,0.6682306462298521,0.666849681725391,0.6636672684502121,0.662526898276223,0.657319832811318,0.6670584543442679,0.667656855762578,0.643433654295991,0.6066323970088671,0.588370375387682,0.5681820971598879,0.544113815717833,0.514676498994108,0.475668880752623,0.45950864926975804,0.4282818841998579
0.7987246414211241,0.930772180390001,0.981634722431508,1.0,0.981661192824871,0.962721003084644,0.9283319705196351,0.902522497178169,0.8842928712096461,0.862283679822288,0.8423343026426551,0.8177575744788259,0.8068109992553599,0.792582821188673,0.7751181716958659,0.746358143626752,0.7310265055771721,0.7287441107907741,0.7247980222759001,0.723691870468739,0.718127339235502,0.7278222888642791,0.7276948202104171,0.7031076936272541,0.665186849547891,0.646320753815755,0.624291730466721,0.5996633546884991,0.573486049750327,0.5339980331940081,0.517152682675763,0.48267158457190296
0.752183240120481,0.8769257250885741,0.9272654347142572,0.981661192824871,1.0,0.98884122530155,0.95452466195505,0.9286695065668771,0.910371372406487,0.8886489591313299,0.8701781032922791,0.8466713504867579,0.837813956211034,0.825279607209478,0.809816441991836,0.7822953724906809,0.7669554433431209,0.763856005393852,0.7592915728990891,0.7582602007981261,0.752542627150221,0.7618382189872279,0.7609900756620359,0.736941409354369,0.6992931305993679,0.6805156075186091,0.657455419976714,0.633170988841111,0.611211837866096,0.5726926196454151,0.555780711643788,0.519312749757592
0.7265410502953771,0.8496296055986311,0.901233698679312,0.962721003084644,0.98884122530155,1.0,0.987903078258653,0.9721248896498679,0.955725052417085,0.9359196071988009,0.9203069013715601,0.8988255571094219,0.8902766662688459,0.87772797809633,0.864485823364435,0.838546285174318,0.824279504016629,0.822071910950655,0.8176229452523729,0.8154611519332191,0.808382215342491,0.8200778962054509,0.8205919747385079,0.795875407321749,0.7562168624149971,0.734493306221657,0.7064249623697099,0.677181938201299,0.6492599268189,0.605583528863374,0.588790798897136,0.550877660002029
0.6953306983513139,0.8159117232408359,0.868034813829583,0.9283319705196351,0.95452466195505,0.987903078258653,1.0,0.99540189682484,0.98137014729922,0.9639401752614671,0.951386271555162,0.93226109244351,0.9237571478409691,0.9110636745499889,0.900036754904808,0.876020840745143,0.8631789862956201,0.8621497566286871,0.858040205438816,0.854682313284173,0.8462979504322969,0.860452744623266,0.8625818200370919,0.8374878265742279,0.796336982394188,0.771817537948239,0.739084523320427,0.7049581018729741,0.670215744671185,0.621575822376598,0.6052375951357829,0.566892860677213
0.671651482745998,0.7905228136589009,0.84321870659005,0.902522497178169,0.9286695065668771,0.9721248896498679,0.99540189682484,1.0,0.9939668954215499,0.982337216808418,0.971690845066749,0.95404495868586,0.94646092002123,0.934463275178157,0.9238440857740909,0.899716223361668,0.886551245108991,0.8851299831834191,0.880732870814464,0.8775164524879681,0.869112353374629,0.884006119077942,0.8864844095343142,0.8610276236768108,0.8190204733780692,0.794136464781075,0.760788693544481,0.7251019066568671,0.686616630193342,0.63504965610909,0.620549008051981,0.5825758405466
0.6543273398241539,0.7722878879191359,0.8257269784679979,0.8842928712096461,0.910371372406487,0.955725052417085,0.98137014729922,0.9939668954215499,1.0,0.9966442143725409,0.987114000141193,0.970323095486135,0.96426948548877,0.9535397312614781,0.94205040409976,0.9163324097899109,0.901588047910659,0.8986682914182951,0.8935304999715892,0.8913840538454799,0.883837433317723,0.8983186103702758,0.9002753880205641,0.8744001917672691,0.8318669160232108,0.8082501539544259,0.77702437007607,0.7419833077309109,0.701741606305549,0.64849314658408,0.636796676080481,0.5996747172649561
0.63488732540542,0.750865679314907,0.8042389197098699,0.862283679822288,0.8886489591313299,0.9359196071988009,0.9639401752614671,0.982337216808418,0.9966442143725409,1.0,0.994551009884583,0.9812208272838471,0.9764258995963291,0.966752658635083,0.955046984275354,0.9286082327309659,0.912592689749773,0.908039962520558,0.901988026264032,0.900533326908843,0.8935399094269059,0.9069507097128678,0.907905165536087,0.8817835882762779,0.839136435537985,0.8161877848627141,0.785944885670107,0.7513942855059581,0.711057166337077,0.6573652831191539,0.649317510786674,0.6136884132009991
0.618068061592852,0.7312203899725559,0.7835424495252231,0.8423343026426551,0.8701781032922791,0.9203069013715601,0.951386271555162,0.971690845066749,0.987114000141193,0.994551009884583,1.0,0.9959822200339191,0.9919193143058321,0.982813995967484,0.9721206105867121,0.946388584413745,0.929401004879307,0.922679744572809,0.915148587842041,0.913615078866591,0.906469108885203,0.9174586596848922,0.916269772637162,0.889866376407928,0.847364674402445,0.823514342210978,0.7914354007103671,0.756582642025693,0.7191648588210091,0.66688965852013,0.664604524744734,0.63150328419968
0.598100695844067,0.7078291299209781,0.7587973696884499,0.8177575744788259,0.8466713504867579,0.8988255571094219,0.93226109244351,0.95404495868586,0.970323095486135,0.9812208272838471,0.9959822200339191,1.0,0.996730859626479,0.9883075784945601,0.978597877777057,0.9536871667729171,0.9359930178424449,0.927441804710283,0.9186925774568739,0.9171218280511171,0.909920726250376,0.918705709093498,0.9156591652765699,0.8892559770861299,0.847267291117188,0.822883692725476,0.789543065721272,0.7547445458651141,0.7201280656980409,0.6694948250674431,0.672141315790537,0.641468772195377
0.586893635704639,0.695295959708985,0.7461620477641558,0.8068109992553599,0.837813956211034,0.8902766662688459,0.9237571478409691,0.94646092002123,0.96426948548877,0.9764258995963291,0.9919193143058321,0.996730859626479,1.0,0.9973955235761941,0.988864118736376,0.9636445016393229,0.9449867550694159,0.935020565622953,0.925547014468755,0.9248307694134241,0.9183358056496669,0.925433820985004,0.9208886428595509,0.895211605343311,0.854340801753894,0.8316814694991671,0.8001611077418579,0.7660255946823821,0.730210241512681,0.678439292962365,0.67962429320275,0.647764483212829
0.57364750031462,0.680267282259006,0.730761248704749,0.792582821188673,0.825279607209478,0.87772797809633,0.9110636745499889,0.934463275178157,0.9535397312614781,0.966752658635083,0.982813995967484,0.9883075784945601,0.9973955235761941,1.0,0.9925676026650229,0.9672115042266591,0.9477965788932371,0.9366222528509129,0.926554404148957,0.9266049487396241,0.9207762402354829,0.9263290627472309,0.920471125048249,0.8955841492881529,0.855937028282109,0.834942129812869,0.80522084088888,0.7718657350948009,0.735177927782462,0.682677249696433,0.6825510021943371,0.649807253428614
0.5614759761499639,0.6640584134763461,0.711934937254112,0.7751181716958659,0.809816441991836,0.864485823364435,0.900036754904808,0.9238440857740909,0.94205040409976,0.955046984275354,0.9721206105867121,0.978597877777057,0.988864118736376,0.9925676026650229,1.0,0.9908530057278561,0.9788514255465992,0.968477409034338,0.958395833805388,0.9567456400848721,0.9492231858010111,0.950734977349363,0.941242701829926,0.9263917099580941,0.8983551310111371,0.878421969661604,0.840606454491134,0.8004703180281441,0.7574671085440441,0.7002508025326399,0.694394515731691,0.6578737021877321
0.5419139321768289,0.6387367357577579,0.682991052548207,0.746358143626752,0.7822953724906809,0.838546285174318,0.876020840745143,0.899716223361668,0.9163324097899109,0.9286082327309659,0.946388584413745,0.9536871667729171,0.9636445016393229,0.9672115042266591,0.9908530057278561,1.0,0.9966682906409889,0.9876620256342641,0.9778803740384631,0.974165572045971,0.964708504410438,0.962067253315396,0.9489999742780308,0.9454088681714431,0.9305006625821021,0.9116666608899409,0.864983130283182,0.817739250171297,0.7686093546911099,0.7072527715761541,0.6954197186710329,0.655503790790376
0.525996818172677,0.622650203035307,0.6682306462298521,0.7310265055771721,0.7669554433431209,0.824279504016629,0.8631789862956201,0.886551245108991,0.901588047910659,0.912592689749773,0.929401004879307,0.9359930178424449,0.9449867550694159,0.9477965788932371,0.9788514255465992,0.9966682906409889,1.0,0.9960825527446272,0.989287192893896,0.9843788036268539,0.9738023981623359,0.9692175869888149,0.954459326520115,0.9560584086508129,0.9471844942527191,0.9282732488099991,0.8764949146449141,0.8250051174539341,0.771713595479597,0.7077297248209621,0.692494794876781,0.650828009799629
0.5149697758042511,0.616044457215624,0.666849681725391,0.7287441107907741,0.763856005393852,0.822071910950655,0.8621497566286871,0.8851299831834191,0.8986682914182951,0.908039962520558,0.922679744572809,0.927441804710283,0.935020565622953,0.9366222528509129,0.968477409034338,0.9876620256342641,0.9960825527446272,1.0,0.998165778297427,0.992716625669308,0.9816095758508441,0.9767552687878829,0.96169327912297,0.963844143162761,0.955543445559362,0.935595410928586,0.8814353539930401,0.8277157015717099,0.7715928342041322,0.705914046779345,0.6892030651059871,0.64689135228912
0.505486609221388,0.609342866910852,0.6636672684502121,0.7247980222759001,0.7592915728990891,0.8176229452523729,0.858040205438816,0.880732870814464,0.8935304999715892,0.901988026264032,0.915148587842041,0.9186925774568739,0.925547014468755,0.926554404148957,0.958395833805388,0.9778803740384631,0.989287192893896,0.998165778297427,1.0,0.9961905189391831,0.9865101900370179,0.981194164777725,0.965673977437783,0.967682267475183,0.9592893120178551,0.93891174600413,0.8840022305044649,0.829253302190208,0.7710944313350699,0.704213899000092,0.6874341218878088,0.645201169225213
0.502581082700264,0.607197367396393,0.662526898276223,0.723691870468739,0.7582602007981261,0.8154611519332191,0.854682313284173,0.8775164524879681,0.8913840538454799,0.900533326908843,0.913615078866591,0.9171218280511171,0.9248307694134241,0.9266049487396241,0.9567456400848721,0.974165572045971,0.9843788036268539,0.992716625669308,0.9961905189391831,1.0,0.9970272986936921,0.9905536097420881,0.9738582968644409,0.973953454434077,0.963667454192319,0.944013444651125,0.891585095919226,0.8378616032095291,0.7783328304748299,0.710329781695417,0.696806482422156,0.656014048166537
0.496828234700038,0.601452925706597,0.657319832811318,0.718127339235502,0.752542627150221,0.808382215342491,0.8462979504322969,0.869112353374629,0.883837433317723,0.8935399094269059,0.906469108885203,0.909920726250376,0.9183358056496669,0.9207762402354829,0.9492231858010111,0.964708504410438,0.9738023981623359,0.9816095758508441,0.9865101900370179,0.9970272986936921,1.0,0.992544485212826,0.974916708661213,0.9733209047433391,0.961427493480269,0.942537364770232,0.892633585801752,0.8401566532621229,0.7797948248599829,0.71123101407279,0.70067071166765,0.661409621532205
0.505342843787483,0.611010738121584,0.6670584543442679,0.7278222888642791,0.7618382189872279,0.8200778962054509,0.860452744623266,0.884006119077942,0.8983186103702758,0.9069507097128678,0.9174586596848922,0.918705709093498,0.925433820985004,0.9263290627472309,0.950734977349363,0.962067253315396,0.9692175869888149,0.9767552687878829,0.981194164777725,0.9905536097420881,0.992544485212826,1.0,0.994775329440953,0.9904814355698621,0.971980440632752,0.9508465061467559,0.9018433553999359,0.8507873569355141,0.7938336603705491,0.726734153284744,0.7132250857486129,0.67160026418945
0.506774140928868,0.612106606192673,0.667656855762578,0.7276948202104171,0.7609900756620359,0.8205919747385079,0.8625818200370919,0.8864844095343142,0.9002753880205641,0.907905165536087,0.916269772637162,0.9156591652765699,0.9208886428595509,0.920471125048249,0.941242701829926,0.9489999742780308,0.954459326520115,0.96169327912297,0.965673977437783,0.9738582968644409,0.974916708661213,0.994775329440953,1.0,0.9935232521852371,0.969730109674171,0.946949380134268,0.899222325960516,0.849920145550818,0.7964809772946049,0.7313818386320541,0.71551639474001,0.6723672995015649
0.49131932770839504,0.59142217514879,0.643433654295991,0.7031076936272541,0.736941409354369,0.795875407321749,0.8374878265742279,0.8610276236768108,0.8744001917672691,0.8817835882762779,0.889866376407928,0.8892559770861299,0.895211605343311,0.8955841492881529,0.9263917099580941,0.9454088681714431,0.9560584086508129,0.963844143162761,0.967682267475183,0.973953454434077,0.9733209047433391,0.9904814355698621,0.9935232521852371,1.0,0.9910227316945401,0.9740706304396608,0.924359100438098,0.872405018882197,0.814290899572361,0.7456467175788629,0.722982526977495,0.6756281904983
0.46631768773318605,0.559195680175838,0.6066323970088671,0.665186849547891,0.6992931305993679,0.7562168624149971,0.796336982394188,0.8190204733780692,0.8318669160232108,0.839136435537985,0.847364674402445,0.847267291117188,0.854340801753894,0.855937028282109,0.8983551310111371,0.9305006625821021,0.9471844942527191,0.955543445559362,0.9592893120178551,0.963667454192319,0.961427493480269,0.971980440632752,0.969730109674171,0.9910227316945401,1.0,0.990198888251667,0.9387084827426422,0.8841423895972159,0.8207964193271479,0.7487414086412572,0.719545105067899,0.668679073337763
0.453561019965456,0.543017123220166,0.588370375387682,0.646320753815755,0.6805156075186091,0.734493306221657,0.771817537948239,0.794136464781075,0.8082501539544259,0.8161877848627141,0.823514342210978,0.822883692725476,0.8316814694991671,0.834942129812869,0.878421969661604,0.9116666608899409,0.9282732488099991,0.935595410928586,0.93891174600413,0.944013444651125,0.942537364770232,0.9508465061467559,0.946949380134268,0.9740706304396608,0.990198888251667,1.0,0.975917424342017,0.936170550515604,0.86901259979084,0.7926703113029191,0.757105529052036,0.70080232020532
0.43771723043972904,0.5242297523225891,0.5681820971598879,0.624291730466721,0.657455419976714,0.7064249623697099,0.739084523320427,0.760788693544481,0.77702437007607,0.785944885670107,0.7914354007103671,0.789543065721272,0.8001611077418579,0.80522084088888,0.840606454491134,0.864983130283182,0.8764949146449141,0.8814353539930401,0.8840022305044649,0.891585095919226,0.892633585801752,0.9018433553999359,0.899222325960516,0.924359100438098,0.9387084827426422,0.975917424342017,1.0,0.9882875420343811,0.9205231762935508,0.8416816572187791,0.801269845496604,0.7400332568076881
0.41697900668509796,0.5007912686430139,0.544113815717833,0.5996633546884991,0.633170988841111,0.677181938201299,0.7049581018729741,0.7251019066568671,0.7419833077309109,0.7513942855059581,0.756582642025693,0.7547445458651141,0.7660255946823821,0.7718657350948009,0.8004703180281441,0.817739250171297,0.8250051174539341,0.8277157015717099,0.829253302190208,0.8378616032095291,0.8401566532621229,0.8507873569355141,0.849920145550818,0.872405018882197,0.8841423895972159,0.936170550515604,0.9882875420343811,1.0,0.956632090876912,0.890941319486784,0.845776887637339,0.7792491195992759
0.3870684526009279,0.4695689525131889,0.514676498994108,0.573486049750327,0.611211837866096,0.6492599268189,0.670215744671185,0.686616630193342,0.701741606305549,0.711057166337077,0.7191648588210091,0.7201280656980409,0.730210241512681,0.735177927782462,0.7574671085440441,0.7686093546911099,0.771713595479597,0.7715928342041322,0.7710944313350699,0.7783328304748299,0.7797948248599829,0.7938336603705491,0.7964809772946049,0.814290899572361,0.8207964193271479,0.86901259979084,0.9205231762935508,0.956632090876912,1.0,0.9845872567979409,0.9316458342750509,0.8550840934326831
0.353066131757707,0.43135936508130296,0.475668880752623,0.5339980331940081,0.5726926196454151,0.605583528863374,0.621575822376598,0.63504965610909,0.64849314658408,0.6573652831191539,0.66688965852013,0.6694948250674431,0.678439292962365,0.682677249696433,0.7002508025326399,0.7072527715761541,0.7077297248209621,0.705914046779345,0.704213899000092,0.710329781695417,0.71123101407279,0.726734153284744,0.7313818386320541,0.7456467175788629,0.7487414086412572,0.7926703113029191,0.8416816572187791,0.890941319486784,0.9845872567979409,1.0,0.9445837721441079,0.8651712234027171
0.333574789550341,0.41263953391320507,0.45950864926975804,0.517152682675763,0.555780711643788,0.588790798897136,0.6052375951357829,0.620549008051981,0.636796676080481,0.649317510786674,0.664604524744734,0.672141315790537,0.67962429320275,0.6825510021943371,0.694394515731691,0.6954197186710329,0.692494794876781,0.6892030651059871,0.6874341218878088,0.696806482422156,0.70067071166765,0.7132250857486129,0.71551639474001,0.722982526977495,0.719545105067899,0.757105529052036,0.801269845496604,0.845776887637339,0.9316458342750509,0.9445837721441079,1.0,0.9818402658985791
0.306572118912566,0.382250192857096,0.4282818841998579,0.48267158457190296,0.519312749757592,0.550877660002029,0.566892860677213,0.5825758405466,0.5996747172649561,0.6136884132009991,0.63150328419968,0.641468772195377,0.647764483212829,0.649807253428614,0.6578737021877321,0.655503790790376,0.650828009799629,0.64689135228912,0.645201169225213,0.656014048166537,0.661409621532205,0.67160026418945,0.6723672995015649,0.6756281904983,0.668679073337763,0.70080232020532,0.7400332568076881,0.7792491195992759,0.8550840934326831,0.8651712234027171,0.9818402658985791,1.0
