1.0,0.8317381313691609,0.783963637595021,0.752034116292372,0.7304237460772629,0.715575681270223,0.7031621941527351,0.6904776966700539,0.673635143600819,0.65190284369213,0.636734801934849,0.623857309741992,0.6064042277279978,0.581293990325183,0.5656004443628779,0.541626426697075,0.520305334392516,0.49659721589426703,0.486450659477415,0.47142694939901003,0.4569918865237311,0.43621979734110494,0.4243296215248761,0.42035060417345294,0.401281403918656,0.38894489867046794,0.37808396473563893,0.375652688411229,0.352891330426509,0.352690720892884,0.301626018385437,0.130994598924245
0.8317381313691609,1.0,0.9489798039173779,0.919663256860184,0.9010251054005849,0.8867385964575921,0.8739865545750171,0.8633836734409079,0.847998737622153,0.8310860616115491,0.816456786025241,0.801791890885663,0.7866237946425501,0.7633262807447689,0.743584645225504,0.717163861220672,0.693290460309391,0.6723554998004991,0.658989878894013,0.6424263385517571,0.623801792005634,0.6027147144033299,0.584554243368969,0.579251758465765,0.5552125249138089,0.539312408303933,0.520520435081067,0.51640465638458,0.48517711646743894,0.478013078037741,0.39090664575296796,0.206243114904688
0.783963637595021,0.9489798039173779,1.0,0.9752685461916051,0.9611339012377359,0.9488692667014742,0.9356573550101359,0.9255135236413349,0.910816446248192,0.893767792160326,0.878450286049965,0.866808969184599,0.8503449366274141,0.827633184744374,0.80773336940953,0.7828116430316091,0.7604594974043191,0.7369316057868691,0.723669083458915,0.7081782627234051,0.690706036080451,0.670015831187821,0.6508865988928629,0.64483191797301,0.6208265798533791,0.604317963965529,0.584287772343226,0.5783869325577571,0.546551789887597,0.5338635361488061,0.42719860750871097,0.222314159184002
0.752034116292372,0.919663256860184,0.9752685461916051,1.0,0.9860127062609549,0.9734350260183591,0.9616656380879681,0.9523564710414191,0.9409495521931508,0.925296104512884,0.9122838610701519,0.901167567354244,0.886494747310767,0.8657324826779591,0.846577495454645,0.823800851187276,0.8025545096498871,0.7802168037304861,0.766947172979807,0.7512529877974179,0.7333487635501841,0.7136313376750558,0.695469197061097,0.69006250574088,0.665310563768428,0.647270339811411,0.628892084397191,0.622948506251679,0.5887337409013671,0.56926700469351,0.455435225169627,0.24793328762386102
0.7304237460772629,0.9010251054005849,0.9611339012377359,0.9860127062609549,1.0,0.9901094719283059,0.9775661006459608,0.967815884022392,0.95712315936114,0.9422927473998891,0.9298167196777349,0.9198745852167609,0.906430847962985,0.886560094744691,0.868809044009884,0.846286605405371,0.8260273736478899,0.804015653205872,0.7912014789635471,0.7757782225664219,0.7580101546503459,0.7393530962035121,0.7221668664326372,0.71702786572922,0.693469733508893,0.675648509579865,0.6575385609108879,0.6516049970985339,0.617074401517656,0.5937953125522061,0.47444964547904794,0.250155485301869
0.715575681270223,0.8867385964575921,0.9488692667014742,0.9734350260183591,0.9901094719283059,1.0,0.9894524774206831,0.9798696968104091,0.97034101038525,0.956508301212908,0.9441041206152659,0.93379177728882,0.9206084976565501,0.9011829126120869,0.8844632619394341,0.862071533349512,0.842499908165948,0.8202743383432071,0.8075671141287399,0.793120017788051,0.775736088566346,0.7576593500950709,0.740985653364884,0.7356260016064659,0.713293910890605,0.696523511477654,0.6779243546827951,0.670320057092844,0.6358918377235689,0.608424780040833,0.48303123261558706,0.257814734487368
0.7031621941527351,0.8739865545750171,0.9356573550101359,0.9616656380879681,0.9775661006459608,0.9894524774206831,1.0,0.991160355959872,0.9825704139635341,0.969617201072723,0.9588409842229879,0.949699971845565,0.9375256555100309,0.918764358748881,0.902618399890047,0.8817869238637019,0.8640914557501899,0.84302143671616,0.8314334792665959,0.8178860773727429,0.8007825930039241,0.783931214846931,0.7673641713468091,0.7628465363598879,0.7425899417110251,0.7262156340498349,0.706776350095442,0.697710547786421,0.6648485455247231,0.6299402978473111,0.4930067286041,0.262068882222167
0.6904776966700539,0.8633836734409079,0.9255135236413349,0.9523564710414191,0.967815884022392,0.9798696968104091,0.991160355959872,1.0,0.992010407067077,0.9802471009585451,0.971109829415944,0.9630584246385879,0.95166686695334,0.9348019855218319,0.920528140127323,0.9013135615262242,0.8849446018734409,0.864796985502506,0.8540651643954972,0.8409791917727779,0.8254319166510551,0.8094522274535569,0.7936747990444221,0.7891949655260592,0.7697927020923572,0.7541294214874581,0.7354206902243521,0.726363465316127,0.6936555075433609,0.653711274689896,0.509751123110337,0.27568896872085497
0.673635143600819,0.847998737622153,0.910816446248192,0.9409495521931508,0.95712315936114,0.97034101038525,0.9825704139635341,0.992010407067077,1.0,0.991026017707318,0.9819452925715999,0.9743222866498579,0.96355475868424,0.9476873182507909,0.9343814096942571,0.9168829065335848,0.901932561212201,0.8827141935263949,0.872708977040402,0.8608661871562908,0.846188373803005,0.83033811466335,0.815363059334984,0.8107010473780121,0.791990214264001,0.7774446840757578,0.759454522495079,0.7505035281151691,0.7197733840688672,0.6771323266799921,0.522339056198975,0.300906809257195
0.65190284369213,0.8310860616115491,0.893767792160326,0.925296104512884,0.9422927473998891,0.956508301212908,0.969617201072723,0.9802471009585451,0.991026017707318,1.0,0.9928870596002959,0.985265140954206,0.975062944918918,0.96033064336799,0.9481409518171809,0.932729318573723,0.918157998202212,0.9006112576122679,0.890537357948009,0.8800629501187529,0.8673732016099879,0.8518719054347941,0.838322408512309,0.8329422741368991,0.814209050646304,0.800469801678672,0.78347771800139,0.7738209651315842,0.741902526913127,0.694631487403211,0.536447594251794,0.318935999638515
0.636734801934849,0.816456786025241,0.878450286049965,0.9122838610701519,0.9298167196777349,0.9441041206152659,0.9588409842229879,0.971109829415944,0.9819452925715999,0.9928870596002959,1.0,0.9928118460208921,0.9837291059405501,0.971007388249068,0.9601021246298019,0.945218106608186,0.931057570906733,0.912448238931425,0.902759137457889,0.8924504948268059,0.880430401928002,0.8653660279802309,0.852675040818851,0.847536513859629,0.8298031518830171,0.816100779866597,0.7997280135606251,0.79017562182266,0.757895417760268,0.7080829515527621,0.549518732590952,0.323376347147085
0.623857309741992,0.801791890885663,0.866808969184599,0.901167567354244,0.9198745852167609,0.93379177728882,0.949699971845565,0.9630584246385879,0.9743222866498579,0.985265140954206,0.9928118460208921,1.0,0.993404822483461,0.983160532730226,0.974154519378511,0.960527223150221,0.9471086746173208,0.93023700454534,0.9200425764410849,0.91036293641289,0.898661584432393,0.8843777797762901,0.8723205415407359,0.8671578182175501,0.8510196308514979,0.83877165845889,0.823829281965788,0.812996956143146,0.781923284291104,0.730838667910314,0.5675492521721249,0.335260330109826
0.6064042277279978,0.7866237946425501,0.8503449366274141,0.886494747310767,0.906430847962985,0.9206084976565501,0.9375256555100309,0.95166686695334,0.96355475868424,0.975062944918918,0.9837291059405501,0.993404822483461,1.0,0.993696333610059,0.9859962668775749,0.974036878099542,0.962192808729371,0.9468339324712389,0.9367250962921558,0.927329180064805,0.9164191698953101,0.9025271149052191,0.8906906761832629,0.885344815351208,0.8703862036488241,0.8585556186020309,0.845359528505535,0.8344952120039959,0.8050853588846801,0.753377059899584,0.590754206738234,0.35592017514046004
0.581293990325183,0.7633262807447689,0.827633184744374,0.8657324826779591,0.886560094744691,0.9011829126120869,0.918764358748881,0.9348019855218319,0.9476873182507909,0.96033064336799,0.971007388249068,0.983160532730226,0.993696333610059,1.0,0.994508775403311,0.985079445915766,0.9743776186075609,0.960195381592902,0.9502673214219051,0.9408752855053321,0.9303698737098008,0.917556550290937,0.9066905321311759,0.9008729513485259,0.888097368770967,0.877555846490217,0.865678649161683,0.855654060565971,0.826812562448221,0.775708077093734,0.608102336323697,0.37201012244223497
0.5656004443628779,0.743584645225504,0.80773336940953,0.846577495454645,0.868809044009884,0.8844632619394341,0.902618399890047,0.920528140127323,0.9343814096942571,0.9481409518171809,0.9601021246298019,0.974154519378511,0.9859962668775749,0.994508775403311,1.0,0.993990963808731,0.9850814444906619,0.9720688667106031,0.962866606749817,0.9547161181831991,0.945135398856221,0.9334307607063149,0.9241932100439209,0.919168370602598,0.9070191248108159,0.897278564358824,0.8861399987837769,0.8760625386922769,0.849139815311145,0.79401807282519,0.62016550729588,0.378976352550688
0.541626426697075,0.717163861220672,0.7828116430316091,0.823800851187276,0.846286605405371,0.862071533349512,0.8817869238637019,0.9013135615262242,0.9168829065335848,0.932729318573723,0.945218106608186,0.960527223150221,0.974036878099542,0.985079445915766,0.993990963808731,1.0,0.9934948342689459,0.983546943554817,0.9751551885966658,0.9682148953097479,0.9597640851793492,0.9497810078174642,0.9415470080901159,0.9372417981620941,0.92527393550698,0.916025056038754,0.906341323481017,0.8966414465014351,0.870596524876849,0.813303330012982,0.63217411871208,0.39901340604534297
0.520305334392516,0.693290460309391,0.7604594974043191,0.8025545096498871,0.8260273736478899,0.842499908165948,0.8640914557501899,0.8849446018734409,0.901932561212201,0.918157998202212,0.931057570906733,0.9471086746173208,0.962192808729371,0.9743776186075609,0.9850814444906619,0.9934948342689459,1.0,0.993316947944256,0.9863030197290699,0.9806540694418341,0.9735679911856591,0.9651937475271579,0.957351389275514,0.953102772743147,0.942423312813963,0.933484936618949,0.9246307316677791,0.914480015360351,0.889528369785159,0.8299826593689621,0.640493999601893,0.410852907133
0.49659721589426703,0.6723554998004991,0.7369316057868691,0.7802168037304861,0.804015653205872,0.8202743383432071,0.84302143671616,0.864796985502506,0.8827141935263949,0.9006112576122679,0.912448238931425,0.93023700454534,0.9468339324712389,0.960195381592902,0.9720688667106031,0.983546943554817,0.993316947944256,1.0,0.994898975393029,0.9901524587580051,0.9838724383923809,0.977368651100598,0.9697682119302801,0.9655793421316999,0.955287878007757,0.9462155199488149,0.937504806808943,0.926513245408828,0.902856980754458,0.842503850816862,0.652900490122292,0.41825094955171505
0.486450659477415,0.658989878894013,0.723669083458915,0.766947172979807,0.7912014789635471,0.8075671141287399,0.8314334792665959,0.8540651643954972,0.872708977040402,0.890537357948009,0.902759137457889,0.9200425764410849,0.9367250962921558,0.9502673214219051,0.962866606749817,0.9751551885966658,0.9863030197290699,0.994898975393029,1.0,0.995670934565848,0.989801584059695,0.984581542396663,0.9777579009836429,0.972849655014795,0.963384752377692,0.9540954735944509,0.9452340865800491,0.9342369180916851,0.9098059367394771,0.8498665071375491,0.657132343215,0.42935274060857304
0.47142694939901003,0.6424263385517571,0.7081782627234051,0.7512529877974179,0.7757782225664219,0.793120017788051,0.8178860773727429,0.8409791917727779,0.8608661871562908,0.8800629501187529,0.8924504948268059,0.91036293641289,0.927329180064805,0.9408752855053321,0.9547161181831991,0.9682148953097479,0.9806540694418341,0.9901524587580051,0.995670934565848,1.0,0.9955082193026079,0.9902348045272499,0.9837098697729642,0.978900718255335,0.970226949780494,0.9608538106279481,0.9522792163842221,0.9414480794360239,0.91895279703108,0.8596205082300808,0.663714717265033,0.43418482623482396
0.4569918865237311,0.623801792005634,0.690706036080451,0.7333487635501841,0.7580101546503459,0.775736088566346,0.8007825930039241,0.8254319166510551,0.846188373803005,0.8673732016099879,0.880430401928002,0.898661584432393,0.9164191698953101,0.9303698737098008,0.945135398856221,0.9597640851793492,0.9735679911856591,0.9838724383923809,0.989801584059695,0.9955082193026079,1.0,0.9952874666074091,0.9889898332895569,0.983941557985946,0.975381275709583,0.96657592376003,0.958356211191117,0.947460084052106,0.9249222497869459,0.863623455625266,0.6643725004887641,0.435848853652041
0.43621979734110494,0.6027147144033299,0.670015831187821,0.7136313376750558,0.7393530962035121,0.7576593500950709,0.783931214846931,0.8094522274535569,0.83033811466335,0.8518719054347941,0.8653660279802309,0.8843777797762901,0.9025271149052191,0.917556550290937,0.9334307607063149,0.9497810078174642,0.9651937475271579,0.977368651100598,0.984581542396663,0.9902348045272499,0.9952874666074091,1.0,0.995202546848062,0.9903556666654549,0.9828476454597809,0.9735496668508449,0.965485587969288,0.955319745157865,0.933464069904183,0.871443067424934,0.6688394611317651,0.445937427968925
0.4243296215248761,0.584554243368969,0.6508865988928629,0.695469197061097,0.7221668664326372,0.740985653364884,0.7673641713468091,0.7936747990444221,0.815363059334984,0.838322408512309,0.852675040818851,0.8723205415407359,0.8906906761832629,0.9066905321311759,0.9241932100439209,0.9415470080901159,0.957351389275514,0.9697682119302801,0.9777579009836429,0.9837098697729642,0.9889898332895569,0.995202546848062,1.0,0.99569807994449,0.989395185788529,0.98118131471852,0.9743377462179209,0.965066722726641,0.9429025341080479,0.881096342727402,0.67536721997641,0.4527423854252461
0.42035060417345294,0.579251758465765,0.64483191797301,0.69006250574088,0.71702786572922,0.7356260016064659,0.7628465363598879,0.7891949655260592,0.8107010473780121,0.8329422741368991,0.847536513859629,0.8671578182175501,0.885344815351208,0.9008729513485259,0.919168370602598,0.9372417981620941,0.953102772743147,0.9655793421316999,0.972849655014795,0.978900718255335,0.983941557985946,0.9903556666654549,0.99569807994449,1.0,0.99365479971369,0.985923696775239,0.9785427525108841,0.969275987331889,0.947647772612778,0.88737761648593,0.683975441036496,0.45556636881270707
0.401281403918656,0.5552125249138089,0.6208265798533791,0.665310563768428,0.693469733508893,0.713293910890605,0.7425899417110251,0.7697927020923572,0.791990214264001,0.814209050646304,0.8298031518830171,0.8510196308514979,0.8703862036488241,0.888097368770967,0.9070191248108159,0.92527393550698,0.942423312813963,0.955287878007757,0.963384752377692,0.970226949780494,0.975381275709583,0.9828476454597809,0.989395185788529,0.99365479971369,1.0,0.9943222685861559,0.9879979651274009,0.9794202157826121,0.959743136817082,0.89762907893481,0.6933771968452591,0.458599656354315
0.38894489867046794,0.539312408303933,0.604317963965529,0.647270339811411,0.675648509579865,0.696523511477654,0.7262156340498349,0.7541294214874581,0.7774446840757578,0.800469801678672,0.816100779866597,0.83877165845889,0.8585556186020309,0.877555846490217,0.897278564358824,0.916025056038754,0.933484936618949,0.9462155199488149,0.9540954735944509,0.9608538106279481,0.96657592376003,0.9735496668508449,0.98118131471852,0.985923696775239,0.9943222685861559,1.0,0.994385384743398,0.9849021249457209,0.966604861103448,0.9045216995393259,0.7025311071688091,0.46700957566661105
0.37808396473563893,0.520520435081067,0.584287772343226,0.628892084397191,0.6575385609108879,0.6779243546827951,0.706776350095442,0.7354206902243521,0.759454522495079,0.78347771800139,0.7997280135606251,0.823829281965788,0.845359528505535,0.865678649161683,0.8861399987837769,0.906341323481017,0.9246307316677791,0.937504806808943,0.9452340865800491,0.9522792163842221,0.958356211191117,0.965485587969288,0.9743377462179209,0.9785427525108841,0.9879979651274009,0.994385384743398,1.0,0.9918710209589009,0.9754404413888392,0.9155039231637041,0.71365120298784,0.48951506138886297
0.375652688411229,0.51640465638458,0.5783869325577571,0.622948506251679,0.6516049970985339,0.670320057092844,0.697710547786421,0.726363465316127,0.7505035281151691,0.7738209651315842,0.79017562182266,0.812996956143146,0.8344952120039959,0.855654060565971,0.8760625386922769,0.8966414465014351,0.914480015360351,0.926513245408828,0.9342369180916851,0.9414480794360239,0.947460084052106,0.955319745157865,0.965066722726641,0.969275987331889,0.9794202157826121,0.9849021249457209,0.9918710209589009,1.0,0.984974756220422,0.9293768166825791,0.723961533609506,0.4985193187836479
0.352891330426509,0.48517711646743894,0.546551789887597,0.5887337409013671,0.617074401517656,0.6358918377235689,0.6648485455247231,0.6936555075433609,0.7197733840688672,0.741902526913127,0.757895417760268,0.781923284291104,0.8050853588846801,0.826812562448221,0.849139815311145,0.870596524876849,0.889528369785159,0.902856980754458,0.9098059367394771,0.91895279703108,0.9249222497869459,0.933464069904183,0.9429025341080479,0.947647772612778,0.959743136817082,0.966604861103448,0.9754404413888392,0.984974756220422,1.0,0.9514565671339871,0.749330016772014,0.505928732415112
0.352690720892884,0.478013078037741,0.5338635361488061,0.56926700469351,0.5937953125522061,0.608424780040833,0.6299402978473111,0.653711274689896,0.6771323266799921,0.694631487403211,0.7080829515527621,0.730838667910314,0.753377059899584,0.775708077093734,0.79401807282519,0.813303330012982,0.8299826593689621,0.842503850816862,0.8498665071375491,0.8596205082300808,0.863623455625266,0.871443067424934,0.881096342727402,0.88737761648593,0.89762907893481,0.9045216995393259,0.9155039231637041,0.9293768166825791,0.9514565671339871,1.0,0.834903425410287,0.545610380160796
0.301626018385437,0.39090664575296796,0.42719860750871097,0.455435225169627,0.47444964547904794,0.48303123261558706,0.4930067286041,0.509751123110337,0.522339056198975,0.536447594251794,0.549518732590952,0.5675492521721249,0.590754206738234,0.608102336323697,0.62016550729588,0.63217411871208,0.640493999601893,0.652900490122292,0.657132343215,0.663714717265033,0.6643725004887641,0.6688394611317651,0.67536721997641,0.683975441036496,0.6933771968452591,0.7025311071688091,0.71365120298784,0.723961533609506,0.749330016772014,0.834903425410287,1.0,0.599684568569099
0.130994598924245,0.206243114904688,0.222314159184002,0.24793328762386102,0.250155485301869,0.257814734487368,0.262068882222167,0.27568896872085497,0.300906809257195,0.318935999638515,0.323376347147085,0.335260330109826,0.35592017514046004,0.37201012244223497,0.378976352550688,0.39901340604534297,0.410852907133,0.41825094955171505,0.42935274060857304,0.43418482623482396,0.435848853652041,0.445937427968925,0.4527423854252461,0.45556636881270707,0.458599656354315,0.46700957566661105,0.48951506138886297,0.4985193187836479,0.505928732415112,0.545610380160796,0.599684568569099,1.0
