1.0,0.878041986966104,0.856087503106744,0.8441889589793621,0.833154224687133,0.825614982192112,0.818361475075021,0.8117396005236199,0.808979544915407,0.804495365125711,0.802540677805189,0.797631494264773,0.795110829590285,0.7920460589775979,0.787474405128702,0.7844445314959191,0.7838434905124809,0.781172421133277,0.775400832124205,0.7726626725160809,0.768762285540661,0.765558141651856,0.7620386861766851,0.7594286848393679,0.752917660755253,0.7467158053508399,0.7392140394931019,0.725692487076496,0.709473507291265,0.63748423625928,0.49571642765755897,0.171362891083202
0.878041986966104,1.0,0.9808381785424269,0.969940606673249,0.9594757092296541,0.951634999290735,0.944439607641915,0.9388932399958001,0.9336122062576551,0.9294650668094091,0.9262534866615609,0.921043755830302,0.9177536275956399,0.913819851404548,0.910896013343682,0.9072281600895541,0.906137110370027,0.9040322025604559,0.90089087106547,0.898457230902114,0.8948167261650241,0.8905867154186422,0.8868823533443401,0.884372133318609,0.8778034254062791,0.871493880032001,0.8637331365754871,0.8475416410826209,0.825389877557443,0.7307370958234909,0.562016137354678,0.17319325194172
0.856087503106744,0.9808381785424269,1.0,0.989926587542183,0.9810374571063609,0.974407964971741,0.9685095353646099,0.9622349487853872,0.9576163116083071,0.953083846604391,0.949744254743205,0.9450096219454209,0.9420612478258801,0.938460849799384,0.936399437468335,0.9329765282111719,0.931854399380968,0.9303928509375698,0.9272616681515309,0.9249071117377908,0.921984349174605,0.9179973373434108,0.9143573813587159,0.9116210141850271,0.9051652890289101,0.898921564101063,0.8906543519065409,0.875355484954104,0.8526985921443929,0.76136155846173,0.590262593586471,0.18091845669945603
0.8441889589793621,0.969940606673249,0.989926587542183,1.0,0.9930696409327741,0.986798859793082,0.981144806151023,0.974949077270924,0.970382882287553,0.965799330537745,0.962800754117411,0.958657828676525,0.9558681331248242,0.952461841292458,0.9503918759761179,0.947425412730348,0.946098532933443,0.944946486443907,0.94247045140018,0.9400955895626159,0.9374258007628101,0.9336388453122308,0.930489319069393,0.9274663288291172,0.921385417178391,0.915549648127147,0.907748883915286,0.893179656918363,0.8712812480597779,0.780275945025097,0.6115059845080749,0.18364425306135895
0.833154224687133,0.9594757092296541,0.9810374571063609,0.9930696409327741,1.0,0.9955403781339979,0.990781772498745,0.9849846663371071,0.980963462013253,0.976765035771744,0.973630533518436,0.970098464129959,0.9676186559471741,0.964757439165972,0.9630412261572919,0.9606923759920849,0.9593077843284922,0.958246152367317,0.956001247044395,0.9537818390750842,0.951340541938909,0.948209282246566,0.945591747841461,0.94260350637835,0.936606885157245,0.93154962460067,0.9238446806054759,0.9102046386712099,0.8884307326385021,0.7974515319660291,0.630748843560095,0.19845001416142802
0.825614982192112,0.951634999290735,0.974407964971741,0.986798859793082,0.9955403781339979,1.0,0.9965052653593292,0.99151046854965,0.987754530416241,0.984121596212984,0.9813956569384951,0.978312246241778,0.975818848256646,0.973183832949938,0.971575326599617,0.9697701110267579,0.968276967307222,0.9672076694235501,0.9650418108692901,0.963175292374187,0.9611136156597591,0.95823510432835,0.956045992490374,0.952989677485203,0.9478030794073079,0.943136553094921,0.935603500996982,0.922490262299182,0.9011997920789151,0.8119221497296,0.646562208370292,0.211841854500566
0.818361475075021,0.944439607641915,0.9685095353646099,0.981144806151023,0.990781772498745,0.9965052653593292,1.0,0.996831262987206,0.993748337534582,0.990564163193753,0.9878168216577521,0.984952492066372,0.9825208085522091,0.9802021774623408,0.978595443861546,0.9768677699862729,0.9754360478760301,0.9744250367242902,0.9724861500903809,0.970560738171636,0.968667001929162,0.966010131111835,0.963939431980668,0.9611814460436771,0.956559677759686,0.9521047540088299,0.945010015658374,0.9326637999410379,0.9122566823044351,0.822734613226422,0.659174597163687,0.21928976634241398
0.8117396005236199,0.9388932399958001,0.9622349487853872,0.974949077270924,0.9849846663371071,0.99151046854965,0.996831262987206,1.0,0.99764556971276,0.994825221398726,0.992268238057652,0.9895621113883071,0.9870961507330192,0.985075268968848,0.9834587312978309,0.9817650486810251,0.980477515490347,0.9793156298244929,0.9773197795698141,0.97539769834418,0.9737497316180229,0.9710603775603158,0.969116253476926,0.9664594712867959,0.9618599270705451,0.957882820788503,0.951356999593535,0.9398499070517671,0.9203121541397199,0.833308824431375,0.669847437371836,0.225198262619903
0.808979544915407,0.9336122062576551,0.9576163116083071,0.970382882287553,0.980963462013253,0.987754530416241,0.993748337534582,0.99764556971276,1.0,0.9980777474853149,0.9958202769002059,0.9932911381555111,0.9907709886845942,0.988738915003844,0.9871764558133092,0.985369160103894,0.9843149245129621,0.983199048594396,0.981321909977426,0.9794558895950891,0.977997104270093,0.975480141589586,0.9737142155117979,0.9710487437195992,0.966771542837592,0.963325543311713,0.9569023679969292,0.9457309483332891,0.926637097720501,0.8389509360677959,0.6755585855510229,0.22875607561222003
0.804495365125711,0.9294650668094091,0.953083846604391,0.965799330537745,0.976765035771744,0.984121596212984,0.990564163193753,0.994825221398726,0.9980777474853149,1.0,0.9982373888271908,0.9959000679723979,0.9935339907579541,0.9915887785568829,0.9902106184040029,0.988438731428583,0.98726156075545,0.986160417471271,0.984005654768285,0.982188321415928,0.98071588405854,0.978548059499184,0.9768912556823359,0.9742738466318029,0.970489587374363,0.967172630660285,0.9609018915684742,0.9501856019880229,0.931803384062415,0.8432154299090608,0.678941792441552,0.235081883474536
0.802540677805189,0.9262534866615609,0.949744254743205,0.962800754117411,0.973630533518436,0.9813956569384951,0.9878168216577521,0.992268238057652,0.9958202769002059,0.9982373888271908,1.0,0.9985088356070849,0.9966151930452349,0.9946881705980479,0.9933137662657728,0.9916687438949878,0.990546864768259,0.989402809524208,0.987399282459023,0.9854911761706379,0.98393291428363,0.981859913826109,0.98018785383471,0.977486083605845,0.9740980106815159,0.9709775764268659,0.964865912228274,0.9544210456869531,0.936497531747432,0.847785506586639,0.6843491089411099,0.23994888629626102
0.797631494264773,0.921043755830302,0.9450096219454209,0.958657828676525,0.970098464129959,0.978312246241778,0.984952492066372,0.9895621113883071,0.9932911381555111,0.9959000679723979,0.9985088356070849,1.0,0.99875043657373,0.9971164475726441,0.99573014187942,0.9942097214299059,0.9930604596923129,0.9920220680181592,0.990153769849083,0.9882207188444191,0.986850550141024,0.9849634624321272,0.9832190055376508,0.9806782075164141,0.9776094042796899,0.974691430790693,0.968616884503865,0.958202940047876,0.940849179557692,0.8533162312807601,0.689624374981868,0.24482293134149105
0.795110829590285,0.9177536275956399,0.9420612478258801,0.9558681331248242,0.9676186559471741,0.975818848256646,0.9825208085522091,0.9870961507330192,0.9907709886845942,0.9935339907579541,0.9966151930452349,0.99875043657373,1.0,0.9989367489053009,0.9976377263374291,0.9962064672135469,0.994964425205192,0.9938162855262042,0.991900680465955,0.9898750768046259,0.988419778803167,0.98654555167724,0.9846019773393409,0.9820916937446341,0.9791394664214399,0.9762176092635051,0.9700913023998629,0.959636211355905,0.9425085476311881,0.8539321275556929,0.6901449430713481,0.24748595791585
0.7920460589775979,0.913819851404548,0.938460849799384,0.952461841292458,0.964757439165972,0.973183832949938,0.9802021774623408,0.985075268968848,0.988738915003844,0.9915887785568829,0.9946881705980479,0.9971164475726441,0.9989367489053009,1.0,0.998939837470657,0.997714943715501,0.996436640093361,0.995238805548131,0.9933277269744921,0.991221997307242,0.989729207625261,0.9879243564316659,0.98605125149913,0.9836506142240691,0.9807711408419109,0.9777746331735391,0.971955097474074,0.9618469939983728,0.9451977440899749,0.8570397249701179,0.6939504421072379,0.250196917555078
0.787474405128702,0.910896013343682,0.936399437468335,0.9503918759761179,0.9630412261572919,0.971575326599617,0.978595443861546,0.9834587312978309,0.9871764558133092,0.9902106184040029,0.9933137662657728,0.99573014187942,0.9976377263374291,0.998939837470657,1.0,0.9988866541041891,0.9976343612992691,0.996413625307138,0.9946856512573929,0.992720526855743,0.991288046644093,0.9895153537325259,0.98765799465324,0.985148606886409,0.9822013749049779,0.9792897150066179,0.973549801302496,0.963686413160353,0.947037868116033,0.8585573842203119,0.6958998491025851,0.253090047651576
0.7844445314959191,0.9072281600895541,0.9329765282111719,0.947425412730348,0.9606923759920849,0.9697701110267579,0.9768677699862729,0.9817650486810251,0.985369160103894,0.988438731428583,0.9916687438949878,0.9942097214299059,0.9962064672135469,0.997714943715501,0.9988866541041891,1.0,0.998858527393582,0.9975693120788629,0.995983705229529,0.99413140661783,0.9927063660444421,0.990869394832249,0.9888902990288371,0.9865135253622329,0.9835822810144879,0.980781857020615,0.975180292405351,0.965638069623761,0.949802910897721,0.8616995451586931,0.699377786265969,0.256989060385599
0.7838434905124809,0.906137110370027,0.931854399380968,0.946098532933443,0.9593077843284922,0.968276967307222,0.9754360478760301,0.980477515490347,0.9843149245129621,0.98726156075545,0.990546864768259,0.9930604596923129,0.994964425205192,0.996436640093361,0.9976343612992691,0.998858527393582,1.0,0.9989237429212031,0.9974653279231779,0.995715101626598,0.9943173552403991,0.99251475218578,0.9906558809422401,0.988253091320035,0.98547022240056,0.982663175667289,0.977158524593332,0.9679844274750409,0.952408415099323,0.8641979628647231,0.701833390100604,0.260104142910211
0.781172421133277,0.9040322025604559,0.9303928509375698,0.944946486443907,0.958246152367317,0.9672076694235501,0.9744250367242902,0.9793156298244929,0.983199048594396,0.986160417471271,0.989402809524208,0.9920220680181592,0.9938162855262042,0.995238805548131,0.996413625307138,0.9975693120788629,0.9989237429212031,1.0,0.9986937069565,0.997084742612278,0.995727149195665,0.9939836088771209,0.9921979341211751,0.989891184128533,0.9872214397440959,0.984359434520528,0.9791010607761022,0.9702479275317181,0.955053232040353,0.8675770179603441,0.7078010767092741,0.26623699037126103
0.775400832124205,0.90089087106547,0.9272616681515309,0.94247045140018,0.956001247044395,0.9650418108692901,0.9724861500903809,0.9773197795698141,0.981321909977426,0.984005654768285,0.987399282459023,0.990153769849083,0.991900680465955,0.9933277269744921,0.9946856512573929,0.995983705229529,0.9974653279231779,0.9986937069565,1.0,0.998741797543356,0.9974601759999371,0.9959213412399459,0.9941611746222221,0.9919516418920259,0.9896024200747741,0.9865473515230301,0.981588985262767,0.973062317028513,0.958192026881527,0.8708424916580608,0.7120593003871891,0.26865577238017896
0.7726626725160809,0.898457230902114,0.9249071117377908,0.9400955895626159,0.9537818390750842,0.963175292374187,0.970560738171636,0.97539769834418,0.9794558895950891,0.982188321415928,0.9854911761706379,0.9882207188444191,0.9898750768046259,0.991221997307242,0.992720526855743,0.99413140661783,0.995715101626598,0.997084742612278,0.998741797543356,1.0,0.9988704430814479,0.9975159881869989,0.9957815937609309,0.99371757554717,0.99141598501203,0.988351790227723,0.9837700195066049,0.975443748010346,0.96026890418099,0.87473969275099,0.7163660364612601,0.27237649576660505
0.768762285540661,0.8948167261650241,0.921984349174605,0.9374258007628101,0.951340541938909,0.9611136156597591,0.968667001929162,0.9737497316180229,0.977997104270093,0.98071588405854,0.98393291428363,0.986850550141024,0.988419778803167,0.989729207625261,0.991288046644093,0.9927063660444421,0.9943173552403991,0.995727149195665,0.9974601759999371,0.9988704430814479,1.0,0.998755651617496,0.9971800725508809,0.995058751239675,0.992647452869019,0.9895083362618029,0.9851694601884119,0.9775145411524521,0.9623343577915541,0.880685461322863,0.722058170859941,0.27634171096024396
0.765558141651856,0.8905867154186422,0.9179973373434108,0.9336388453122308,0.948209282246566,0.95823510432835,0.966010131111835,0.9710603775603158,0.975480141589586,0.978548059499184,0.981859913826109,0.9849634624321272,0.98654555167724,0.9879243564316659,0.9895153537325259,0.990869394832249,0.99251475218578,0.9939836088771209,0.9959213412399459,0.9975159881869989,0.998755651617496,1.0,0.998654372222404,0.9966725593255821,0.994258330853445,0.991081362943957,0.9869661824985542,0.9797187924088671,0.9642823629452559,0.8820238114117329,0.7235417565504859,0.28141927817646506
0.7620386861766851,0.8868823533443401,0.9143573813587159,0.930489319069393,0.945591747841461,0.956045992490374,0.963939431980668,0.969116253476926,0.9737142155117979,0.9768912556823359,0.98018785383471,0.9832190055376508,0.9846019773393409,0.98605125149913,0.98765799465324,0.9888902990288371,0.9906558809422401,0.9921979341211751,0.9941611746222221,0.9957815937609309,0.9971800725508809,0.998654372222404,1.0,0.998100913385976,0.9957265908396591,0.9927792733159229,0.988921699610641,0.98246548411193,0.966865782210445,0.8859508841987049,0.727647113882315,0.28808517658316696
0.7594286848393679,0.884372133318609,0.9116210141850271,0.9274663288291172,0.94260350637835,0.952989677485203,0.9611814460436771,0.9664594712867959,0.9710487437195992,0.9742738466318029,0.977486083605845,0.9806782075164141,0.9820916937446341,0.9836506142240691,0.985148606886409,0.9865135253622329,0.988253091320035,0.989891184128533,0.9919516418920259,0.99371757554717,0.995058751239675,0.9966725593255821,0.998100913385976,1.0,0.998022948997114,0.995201245046477,0.99183409044339,0.9857950182935101,0.9711719070293391,0.891858636825909,0.7344284909507379,0.298626071513341
0.752917660755253,0.8778034254062791,0.9051652890289101,0.921385417178391,0.936606885157245,0.9478030794073079,0.956559677759686,0.9618599270705451,0.966771542837592,0.970489587374363,0.9740980106815159,0.9776094042796899,0.9791394664214399,0.9807711408419109,0.9822013749049779,0.9835822810144879,0.98547022240056,0.9872214397440959,0.9896024200747741,0.99141598501203,0.992647452869019,0.994258330853445,0.9957265908396591,0.998022948997114,1.0,0.99746989284528,0.994602260926554,0.98914038833382,0.976625457319895,0.8994305916227429,0.745927446000278,0.310143829524909
0.7467158053508399,0.871493880032001,0.898921564101063,0.915549648127147,0.93154962460067,0.943136553094921,0.9521047540088299,0.957882820788503,0.963325543311713,0.967172630660285,0.9709775764268659,0.974691430790693,0.9762176092635051,0.9777746331735391,0.9792897150066179,0.980781857020615,0.982663175667289,0.984359434520528,0.9865473515230301,0.988351790227723,0.9895083362618029,0.991081362943957,0.9927792733159229,0.995201245046477,0.99746989284528,1.0,0.997300453568479,0.9917088714239789,0.9797434580037941,0.903473956243843,0.753860224955045,0.322687358479576
0.7392140394931019,0.8637331365754871,0.8906543519065409,0.907748883915286,0.9238446806054759,0.935603500996982,0.945010015658374,0.951356999593535,0.9569023679969292,0.9609018915684742,0.964865912228274,0.968616884503865,0.9700913023998629,0.971955097474074,0.973549801302496,0.975180292405351,0.977158524593332,0.9791010607761022,0.981588985262767,0.9837700195066049,0.9851694601884119,0.9869661824985542,0.988921699610641,0.99183409044339,0.994602260926554,0.997300453568479,1.0,0.9949170462679191,0.983942316520942,0.9105674417939742,0.765760646323249,0.34043163613327804
0.725692487076496,0.8475416410826209,0.875355484954104,0.893179656918363,0.9102046386712099,0.922490262299182,0.9326637999410379,0.9398499070517671,0.9457309483332891,0.9501856019880229,0.9544210456869531,0.958202940047876,0.959636211355905,0.9618469939983728,0.963686413160353,0.965638069623761,0.9679844274750409,0.9702479275317181,0.973062317028513,0.975443748010346,0.9775145411524521,0.9797187924088671,0.98246548411193,0.9857950182935101,0.98914038833382,0.9917088714239789,0.9949170462679191,1.0,0.9912815172289521,0.9289513547241899,0.7910105876110992,0.36790287683653794
0.709473507291265,0.825389877557443,0.8526985921443929,0.8712812480597779,0.8884307326385021,0.9011997920789151,0.9122566823044351,0.9203121541397199,0.926637097720501,0.931803384062415,0.936497531747432,0.940849179557692,0.9425085476311881,0.9451977440899749,0.947037868116033,0.949802910897721,0.952408415099323,0.955053232040353,0.958192026881527,0.96026890418099,0.9623343577915541,0.9642823629452559,0.966865782210445,0.9711719070293391,0.976625457319895,0.9797434580037941,0.983942316520942,0.9912815172289521,1.0,0.942510121478884,0.8155062589953779,0.39521484337459006
0.63748423625928,0.7307370958234909,0.76136155846173,0.780275945025097,0.7974515319660291,0.8119221497296,0.822734613226422,0.833308824431375,0.8389509360677959,0.8432154299090608,0.847785506586639,0.8533162312807601,0.8539321275556929,0.8570397249701179,0.8585573842203119,0.8616995451586931,0.8641979628647231,0.8675770179603441,0.8708424916580608,0.87473969275099,0.880685461322863,0.8820238114117329,0.8859508841987049,0.891858636825909,0.8994305916227429,0.903473956243843,0.9105674417939742,0.9289513547241899,0.942510121478884,1.0,0.8998056213641079,0.504225290153014
0.49571642765755897,0.562016137354678,0.590262593586471,0.6115059845080749,0.630748843560095,0.646562208370292,0.659174597163687,0.669847437371836,0.6755585855510229,0.678941792441552,0.6843491089411099,0.689624374981868,0.6901449430713481,0.6939504421072379,0.6958998491025851,0.699377786265969,0.701833390100604,0.7078010767092741,0.7120593003871891,0.7163660364612601,0.722058170859941,0.7235417565504859,0.727647113882315,0.7344284909507379,0.745927446000278,0.753860224955045,0.765760646323249,0.7910105876110992,0.8155062589953779,0.8998056213641079,1.0,0.658137202537396
0.171362891083202,0.17319325194172,0.18091845669945603,0.18364425306135895,0.19845001416142802,0.211841854500566,0.21928976634241398,0.225198262619903,0.22875607561222003,0.235081883474536,0.23994888629626102,0.24482293134149105,0.24748595791585,0.250196917555078,0.253090047651576,0.256989060385599,0.260104142910211,0.26623699037126103,0.26865577238017896,0.27237649576660505,0.27634171096024396,0.28141927817646506,0.28808517658316696,0.298626071513341,0.310143829524909,0.322687358479576,0.34043163613327804,0.36790287683653794,0.39521484337459006,0.504225290153014,0.658137202537396,1.0
