1.0,0.8057494172151091,0.7420595075426129,0.691691989854571,0.650707742744109,0.624608832611259,0.609279199176038,0.5868678470458111,0.5574351042360141,0.5304373928775661,0.505400552456083,0.4831783845387129,0.461398690410642,0.44324274550789,0.41012113356189506,0.37370457253934397,0.35494720392124196,0.342902841636198,0.324177769558101,0.289302947725747,0.182774229636868,0.135873448456245,0.10592310911856301,0.0831128152875638,0.0587288832551469,0.0242796989919494,0.00969043895738054,0.0282313854462479,0.0598651000771558,0.0754094356588357,0.0749188647073533,0.0777557779562977
0.8057494172151091,1.0,0.9544208264668921,0.8833517342283341,0.8238524808496271,0.796609632863817,0.775755302611485,0.74570348380035,0.7093351910157579,0.6790617061881029,0.6562673941670539,0.636975720810562,0.612618879181455,0.592017071243764,0.555222870920609,0.514511907708908,0.48947242678262204,0.46760044685853003,0.43548473881122796,0.3837953108431121,0.254643547178019,0.20740744919036702,0.17789871642221802,0.148436509182885,0.119793695512386,0.0725883806436645,0.0211427922034529,0.0134621155776678,0.0408858310904284,0.0370570065151015,0.0264253783864914,0.0536878042209275
0.7420595075426129,0.9544208264668921,1.0,0.9753627669466801,0.910398763485058,0.88196399368865,0.858281399687002,0.823303764668071,0.7808954066756999,0.7487891262133509,0.7212961354787241,0.696815668388761,0.6687040834042629,0.641273353224225,0.598819812322541,0.554220150431604,0.5262430033783211,0.5033291605962329,0.4682325680640321,0.410357371044937,0.269312408319728,0.221582097205959,0.19337193557909602,0.163777570135582,0.13609251841322598,0.0871210439010352,0.0320019658992213,0.0068223164433755,0.0351785516483992,0.0280238682594663,0.0139774469876318,0.0346779492871934
0.691691989854571,0.8833517342283341,0.9753627669466801,1.0,0.9700705729366229,0.9376088313802191,0.9098111749686171,0.8708465308116781,0.825256573433902,0.7891457727593308,0.756528280873196,0.7280565947460771,0.699492964237188,0.66873525645963,0.623717640242361,0.577944906865094,0.550554045354854,0.526878895648676,0.49079867517733095,0.431474722820322,0.28333867910448807,0.23403381394268602,0.20567891835862498,0.176218297370633,0.14956988750611097,0.100102989775861,0.045814788088810995,0.0125301720911506,0.0185006798838944,0.0108691667756328,0.00471110104529935,0.008987382195278459
0.650707742744109,0.8238524808496271,0.910398763485058,0.9700705729366229,1.0,0.971826619931934,0.941335481886351,0.89930151926625,0.852765646938086,0.811846920459811,0.77542252178405,0.7453759914911221,0.719164593501923,0.6881391294690471,0.643441104164449,0.599001462503159,0.574568709912177,0.549944490181372,0.5141390893684821,0.45700521994515503,0.306350634441203,0.254723945851517,0.224778693253256,0.19496434987767303,0.16834840407921803,0.11755948359266698,0.0655002518993864,0.0436547046402789,0.0117011278457501,0.0185354143399667,0.0331392811131831,0.0235537173466599
0.624608832611259,0.796609632863817,0.88196399368865,0.9376088313802191,0.971826619931934,1.0,0.98021643231263,0.936060501262598,0.886367617842893,0.8472608474393549,0.8115142827778169,0.781717326232576,0.75570147003039,0.7204450837151529,0.674682346136668,0.6315860691159979,0.607123087273941,0.5835209716533349,0.5497348930417411,0.49550184669103003,0.347498485817282,0.295510975576317,0.264722825421777,0.234502839168087,0.205883545510008,0.149665261524977,0.0929068046091499,0.0723607925104576,0.0534981618517412,0.0595851377645678,0.0671716046225802,0.0617291146214421
0.609279199176038,0.775755302611485,0.858281399687002,0.9098111749686171,0.941335481886351,0.98021643231263,1.0,0.983986639723759,0.93510946740392,0.897903926612766,0.861083486672459,0.830123418964933,0.805540447023783,0.768577461530295,0.7217935998124141,0.67824064470673,0.651928268678299,0.628137429675863,0.593675036166217,0.537607604781667,0.38526201853811504,0.331408896488754,0.298559261365171,0.265180171529941,0.235823989546537,0.17636411912961497,0.116146615076856,0.0951551977255877,0.0836288738831318,0.0982768129754531,0.107371116412211,0.0901077191642536
0.5868678470458111,0.74570348380035,0.823303764668071,0.8708465308116781,0.89930151926625,0.936060501262598,0.983986639723759,1.0,0.974880995260047,0.939415373152592,0.902481784099285,0.870825146376023,0.845863013628846,0.808145745964559,0.761555384725572,0.71859697291822,0.6910178784895159,0.667062918036225,0.63253260168023,0.5763202123114721,0.42404405718751403,0.36902325456086604,0.33436366270181106,0.29873449409143393,0.27051699232722604,0.209764693181094,0.147485142629284,0.126153870027822,0.1179127207112,0.13755791043325902,0.146282746593474,0.115968036927335
0.5574351042360141,0.7093351910157579,0.7808954066756999,0.825256573433902,0.852765646938086,0.886367617842893,0.93510946740392,0.974880995260047,1.0,0.969399452362653,0.9352700529166099,0.9039073847021751,0.8754030190964169,0.837447645564141,0.792537482222784,0.75195101527353,0.7244132912143649,0.700636548595396,0.667467940719547,0.614356738055335,0.46874516738954797,0.413526226544381,0.37763061384968,0.341773030026119,0.316725218461188,0.255887370869137,0.19205987414833603,0.170384430057341,0.16169444012965803,0.17901720027537302,0.18265162672360896,0.143985484376075
0.5304373928775661,0.6790617061881029,0.7487891262133509,0.7891457727593308,0.811846920459811,0.8472608474393549,0.897903926612766,0.939415373152592,0.969399452362653,1.0,0.9875843118581601,0.957857506282935,0.926603242833665,0.894181574452884,0.854442391089478,0.8174878663924621,0.7904649791250621,0.7682401781724849,0.735400209055409,0.6808398531943859,0.531642406965332,0.47484150285468696,0.43799422679243394,0.401575996609386,0.382034358903851,0.31730605253764504,0.244045172432602,0.213258618672353,0.20671406970825895,0.23802318357373398,0.24948014526512802,0.20789381464266798
0.505400552456083,0.6562673941670539,0.7212961354787241,0.756528280873196,0.77542252178405,0.8115142827778169,0.861083486672459,0.902481784099285,0.9352700529166099,0.9875843118581601,1.0,0.9888809556621991,0.958440885696255,0.9312922770753009,0.895874540946984,0.8619977812781279,0.837239219911726,0.815272694459629,0.782942806141759,0.7304055373028431,0.589308411341201,0.538475618507024,0.505576333079001,0.47043383569564395,0.45369157167220503,0.39032761168722396,0.314536961520733,0.27518385425642894,0.27218215490015396,0.304775938731795,0.310891513633624,0.25804102128635803
0.4831783845387129,0.636975720810562,0.696815668388761,0.7280565947460771,0.7453759914911221,0.781717326232576,0.830123418964933,0.870825146376023,0.9039073847021751,0.957857506282935,0.9888809556621991,1.0,0.9820626414049121,0.9597061635465629,0.927531429693495,0.896052513903809,0.8736927595253199,0.851408295933525,0.819909824152683,0.771053802608676,0.6411575290096739,0.596518428325157,0.567518840289999,0.534237752389015,0.518399203688684,0.45803037574339206,0.38309279949180997,0.33783317718795597,0.33754183449496394,0.365780945290261,0.362354006349763,0.29907526992567496
0.461398690410642,0.612618879181455,0.6687040834042629,0.699492964237188,0.719164593501923,0.75570147003039,0.805540447023783,0.845863013628846,0.8754030190964169,0.926603242833665,0.958440885696255,0.9820626414049121,1.0,0.981817557620021,0.951585756695896,0.921795141333396,0.900462271533225,0.878089370948507,0.8482214226379972,0.8035589204661371,0.6805888507705999,0.634967338192199,0.604760823398539,0.5729978199771539,0.5567233908498941,0.49797278773715997,0.42488191885289794,0.379574729913707,0.3785991594781789,0.40283890331194805,0.394244461046163,0.33182319264667703
0.44324274550789,0.592017071243764,0.641273353224225,0.66873525645963,0.6881391294690471,0.7204450837151529,0.768577461530295,0.808145745964559,0.837447645564141,0.894181574452884,0.9312922770753009,0.9597061635465629,0.981817557620021,1.0,0.9896786637075029,0.9641927369056079,0.9441775853035408,0.9239005654549499,0.895513570843659,0.8510852524856379,0.724537931451522,0.678277104730698,0.647875216426033,0.615588365867999,0.597426104426324,0.535546139654009,0.46093263585518396,0.41928332463698903,0.419947109207088,0.44401422122291206,0.432192571602531,0.365895774884668
0.41012113356189506,0.555222870920609,0.598819812322541,0.623717640242361,0.643441104164449,0.674682346136668,0.7217935998124141,0.761555384725572,0.792537482222784,0.854442391089478,0.895874540946984,0.927531429693495,0.951585756695896,0.9896786637075029,1.0,0.990177667079382,0.972077885275447,0.955121182002657,0.930850508635221,0.891425273842188,0.7729601334031341,0.729910290993578,0.700678938950443,0.668043311089783,0.6461333467392989,0.580302294859016,0.5041944758033879,0.46679175763439795,0.47235436606505893,0.497229248557393,0.48072845518791296,0.40601109493887894
0.37370457253934397,0.514511907708908,0.554220150431604,0.577944906865094,0.599001462503159,0.6315860691159979,0.67824064470673,0.71859697291822,0.75195101527353,0.8174878663924621,0.8619977812781279,0.896052513903809,0.921795141333396,0.9641927369056079,0.990177667079382,1.0,0.988237611296896,0.975214717930265,0.95561768166592,0.9229506596174599,0.817435232948862,0.7792233372719151,0.751860280348865,0.7192325345532758,0.6943963829223029,0.626332731244511,0.549884836742859,0.5155726955358629,0.525343616127368,0.550378314147154,0.528884334848542,0.44622758431065396
0.35494720392124196,0.48947242678262204,0.5262430033783211,0.550554045354854,0.574568709912177,0.607123087273941,0.651928268678299,0.6910178784895159,0.7244132912143649,0.7904649791250621,0.837239219911726,0.8736927595253199,0.900462271533225,0.9441775853035408,0.972077885275447,0.988237611296896,1.0,0.991293886331846,0.9720853820227958,0.940023646250075,0.833868247708212,0.7970721284810999,0.7712634656004391,0.7395665694429341,0.7198755790200441,0.658129445168535,0.5860788899524471,0.550766961903439,0.553699929747052,0.5738778269607271,0.549932951211214,0.47306478816029496
0.342902841636198,0.46760044685853003,0.5033291605962329,0.526878895648676,0.549944490181372,0.5835209716533349,0.628137429675863,0.667062918036225,0.700636548595396,0.7682401781724849,0.815272694459629,0.851408295933525,0.878089370948507,0.9239005654549499,0.955121182002657,0.975214717930265,0.991293886331846,1.0,0.9924253058219069,0.9608871366221609,0.8451715438790721,0.806305318069929,0.7818932666676779,0.7543643406648399,0.73233054071778,0.670988981335699,0.59998772917927,0.563534958830545,0.563681283939248,0.5918974100556579,0.574920199262176,0.49648717714819396
0.324177769558101,0.43548473881122796,0.4682325680640321,0.49079867517733095,0.5141390893684821,0.5497348930417411,0.593675036166217,0.63253260168023,0.667467940719547,0.735400209055409,0.782942806141759,0.819909824152683,0.8482214226379972,0.895513570843659,0.930850508635221,0.95561768166592,0.9720853820227958,0.9924253058219069,1.0,0.983722947400027,0.8750010967283121,0.833232534684447,0.8074100698196779,0.7847540067941842,0.7591305443671569,0.6974799848019971,0.6297872891583791,0.600060891651802,0.596971770759615,0.620307840614285,0.598902481830178,0.520193883671814
0.289302947725747,0.3837953108431121,0.410357371044937,0.431474722820322,0.45700521994515503,0.49550184669103003,0.537607604781667,0.5763202123114721,0.614356738055335,0.6808398531943859,0.7304055373028431,0.771053802608676,0.8035589204661371,0.8510852524856379,0.891425273842188,0.9229506596174599,0.940023646250075,0.9608871366221609,0.983722947400027,1.0,0.929976318101583,0.8880587542879599,0.8582426942750029,0.8402486203977092,0.8126708484653009,0.7513786838659819,0.689358282382932,0.673611836729603,0.667429860060881,0.66562839431835,0.621455526539713,0.545148760854621
0.182774229636868,0.254643547178019,0.269312408319728,0.28333867910448807,0.306350634441203,0.347498485817282,0.38526201853811504,0.42404405718751403,0.46874516738954797,0.531642406965332,0.589308411341201,0.6411575290096739,0.6805888507705999,0.724537931451522,0.7729601334031341,0.817435232948862,0.833868247708212,0.8451715438790721,0.8750010967283121,0.929976318101583,1.0,0.984751731591032,0.956691584262589,0.942461207283261,0.923936848619342,0.8639355956560999,0.7991481919826691,0.7820231296307572,0.7880536116694109,0.7391114095147892,0.6444019546430539,0.565666770733479
0.135873448456245,0.20740744919036702,0.221582097205959,0.23403381394268602,0.254723945851517,0.295510975576317,0.331408896488754,0.36902325456086604,0.413526226544381,0.47484150285468696,0.538475618507024,0.596518428325157,0.634967338192199,0.678277104730698,0.729910290993578,0.7792233372719151,0.7970721284810999,0.806305318069929,0.833232534684447,0.8880587542879599,0.984751731591032,1.0,0.9913843799861871,0.9759388558090181,0.9537579596347009,0.897937290142683,0.834280857585535,0.802629064248378,0.825581102827602,0.7920791600729258,0.698662152700953,0.595029213480571
0.10592310911856301,0.17789871642221802,0.19337193557909602,0.20567891835862498,0.224778693253256,0.264722825421777,0.298559261365171,0.33436366270181106,0.37763061384968,0.43799422679243394,0.505576333079001,0.567518840289999,0.604760823398539,0.647875216426033,0.700678938950443,0.751860280348865,0.7712634656004391,0.7818932666676779,0.8074100698196779,0.8582426942750029,0.956691584262589,0.9913843799861871,1.0,0.9904629893008001,0.966837218353006,0.9184438133771651,0.858834212903174,0.813019947020268,0.8433195888370121,0.82728313768463,0.742167967124287,0.6204356404568051
0.0831128152875638,0.148436509182885,0.163777570135582,0.176218297370633,0.19496434987767303,0.234502839168087,0.265180171529941,0.29873449409143393,0.341773030026119,0.401575996609386,0.47043383569564395,0.534237752389015,0.5729978199771539,0.615588365867999,0.668043311089783,0.7192325345532758,0.7395665694429341,0.7543643406648399,0.7847540067941842,0.8402486203977092,0.942461207283261,0.9759388558090181,0.9904629893008001,1.0,0.9834057809116079,0.946165905135899,0.893600639395007,0.8399882747531341,0.8597853424141949,0.8398518653387049,0.754369750471524,0.635106686262822
0.0587288832551469,0.119793695512386,0.13609251841322598,0.14956988750611097,0.16834840407921803,0.205883545510008,0.235823989546537,0.27051699232722604,0.316725218461188,0.382034358903851,0.45369157167220503,0.518399203688684,0.5567233908498941,0.597426104426324,0.6461333467392989,0.6943963829223029,0.7198755790200441,0.73233054071778,0.7591305443671569,0.8126708484653009,0.923936848619342,0.9537579596347009,0.966837218353006,0.9834057809116079,1.0,0.9809407880373392,0.930216172181347,0.8620200826544719,0.856446043836997,0.805438381945443,0.707702492071532,0.630843846782018
0.0242796989919494,0.0725883806436645,0.0871210439010352,0.100102989775861,0.11755948359266698,0.149665261524977,0.17636411912961497,0.209764693181094,0.255887370869137,0.31730605253764504,0.39032761168722396,0.45803037574339206,0.49797278773715997,0.535546139654009,0.580302294859016,0.626332731244511,0.658129445168535,0.670988981335699,0.6974799848019971,0.7513786838659819,0.8639355956560999,0.897937290142683,0.9184438133771651,0.946165905135899,0.9809407880373392,1.0,0.9795668348374781,0.899883775706009,0.874987170726815,0.7966586240535609,0.6845218164457421,0.6324556870406489
0.00969043895738054,0.0211427922034529,0.0320019658992213,0.045814788088810995,0.0655002518993864,0.0929068046091499,0.116146615076856,0.147485142629284,0.19205987414833603,0.244045172432602,0.314536961520733,0.38309279949180997,0.42488191885289794,0.46093263585518396,0.5041944758033879,0.549884836742859,0.5860788899524471,0.59998772917927,0.6297872891583791,0.689358282382932,0.7991481919826691,0.834280857585535,0.858834212903174,0.893600639395007,0.930216172181347,0.9795668348374781,1.0,0.9476294725884971,0.907364416010154,0.8012292502305309,0.672038234510921,0.630489865778704
0.0282313854462479,0.0134621155776678,0.0068223164433755,0.0125301720911506,0.0436547046402789,0.0723607925104576,0.0951551977255877,0.126153870027822,0.170384430057341,0.213258618672353,0.27518385425642894,0.33783317718795597,0.379574729913707,0.41928332463698903,0.46679175763439795,0.5155726955358629,0.550766961903439,0.563534958830545,0.600060891651802,0.673611836729603,0.7820231296307572,0.802629064248378,0.813019947020268,0.8399882747531341,0.8620200826544719,0.899883775706009,0.9476294725884971,1.0,0.9461238921639599,0.806822587716208,0.6572056239724859,0.616874417617433
0.0598651000771558,0.0408858310904284,0.0351785516483992,0.0185006798838944,0.0117011278457501,0.0534981618517412,0.0836288738831318,0.1179127207112,0.16169444012965803,0.20671406970825895,0.27218215490015396,0.33754183449496394,0.3785991594781789,0.419947109207088,0.47235436606505893,0.525343616127368,0.553699929747052,0.563681283939248,0.596971770759615,0.667429860060881,0.7880536116694109,0.825581102827602,0.8433195888370121,0.8597853424141949,0.856446043836997,0.874987170726815,0.907364416010154,0.9461238921639599,1.0,0.9214931232057672,0.775071291446335,0.689387116019425
0.0754094356588357,0.0370570065151015,0.0280238682594663,0.0108691667756328,0.0185354143399667,0.0595851377645678,0.0982768129754531,0.13755791043325902,0.17901720027537302,0.23802318357373398,0.304775938731795,0.365780945290261,0.40283890331194805,0.44401422122291206,0.497229248557393,0.550378314147154,0.5738778269607271,0.5918974100556579,0.620307840614285,0.66562839431835,0.7391114095147892,0.7920791600729258,0.82728313768463,0.8398518653387049,0.805438381945443,0.7966586240535609,0.8012292502305309,0.806822587716208,0.9214931232057672,1.0,0.9552236915623931,0.780551063944614
0.0749188647073533,0.0264253783864914,0.0139774469876318,0.00471110104529935,0.0331392811131831,0.0671716046225802,0.107371116412211,0.146282746593474,0.18265162672360896,0.24948014526512802,0.310891513633624,0.362354006349763,0.394244461046163,0.432192571602531,0.48072845518791296,0.528884334848542,0.549932951211214,0.574920199262176,0.598902481830178,0.621455526539713,0.6444019546430539,0.698662152700953,0.742167967124287,0.754369750471524,0.707702492071532,0.6845218164457421,0.672038234510921,0.6572056239724859,0.775071291446335,0.9552236915623931,1.0,0.815340942645269
0.0777557779562977,0.0536878042209275,0.0346779492871934,0.008987382195278459,0.0235537173466599,0.0617291146214421,0.0901077191642536,0.115968036927335,0.143985484376075,0.20789381464266798,0.25804102128635803,0.29907526992567496,0.33182319264667703,0.365895774884668,0.40601109493887894,0.44622758431065396,0.47306478816029496,0.49648717714819396,0.520193883671814,0.545148760854621,0.565666770733479,0.595029213480571,0.6204356404568051,0.635106686262822,0.630843846782018,0.6324556870406489,0.630489865778704,0.616874417617433,0.689387116019425,0.780551063944614,0.815340942645269,1.0
