1.0,0.9241192779262859,0.661484362084093,0.602959133447724,0.526206641114079,0.49027189487216205,0.444611879371017,0.413908166556515,0.386641072092428,0.371701536931181,0.35247632763776293,0.33053511499862703,0.3053005172526789,0.280329592346259,0.266028948598267,0.25878025417720196,0.25308674186646696,0.248288684571415,0.243669462834458,0.239698256578617,0.237176094318144,0.23421672653779,0.227477223341924,0.217547249153776,0.21014492937169899,0.20443454292054103,0.20194088290831,0.20067315580406603,0.18633924673128302,0.167083405648484,0.16038821298965697,0.155731103434363
0.9241192779262859,1.0,0.89598831692791,0.8272847675875601,0.7303899235365541,0.681289823858804,0.620704808964231,0.58400272610411,0.550623657854453,0.532788429494172,0.509135878602919,0.48164666293087,0.446685178782892,0.409650240341649,0.387932200064808,0.37618798312903495,0.368127330759428,0.362623564613159,0.3576011465955479,0.35366758327601,0.352945815113988,0.3522137557405379,0.346899862401212,0.33713235867471797,0.330186509838214,0.324480979164638,0.320202365107511,0.31658622125071195,0.30655965583385697,0.289079899839611,0.281212295417712,0.272977291001302
0.661484362084093,0.89598831692791,1.0,0.957081004682692,0.871373756073546,0.8148313136897231,0.7462365136158531,0.7087851107844101,0.67349303327527,0.654741121644328,0.6296357731802521,0.6004253313101721,0.559782300179033,0.514305956406639,0.487250845412759,0.47217093853374803,0.462610875366791,0.45707924388100296,0.4524377321812171,0.44936506171675605,0.45129454932712304,0.45374213541421293,0.451090563717359,0.44290434656431,0.43759482772386105,0.432793666934609,0.427135107563936,0.42134439044147604,0.41685848328046,0.402626643536829,0.39511062184327506,0.38424609963630996
0.602959133447724,0.8272847675875601,0.957081004682692,1.0,0.9736697728271579,0.914880562367438,0.8423630553607472,0.80453811604368,0.7673211599982621,0.746473573286295,0.720049759395023,0.690740649617521,0.648575860944384,0.6001638157939311,0.5714125216121769,0.555774787559226,0.545710008352075,0.539661016798396,0.534977948519358,0.532391973977568,0.535841547791331,0.539927082851485,0.537657844399584,0.5285622247350621,0.52300419109331,0.517952645952108,0.512106314936243,0.5060173468554829,0.49777611931224397,0.47761609242872105,0.471291450100141,0.46069950349844896
0.526206641114079,0.7303899235365541,0.871373756073546,0.9736697728271579,1.0,0.9661580502263231,0.90852960221156,0.8735181507896229,0.8374126904763148,0.816873420646653,0.7917683199704759,0.76500856346918,0.7256441717495541,0.679172551121234,0.6511448862970219,0.6359557278553969,0.6259383346990699,0.6195661435019411,0.614791319091298,0.612433817611161,0.6163799609893399,0.6205926276532671,0.6171656038922221,0.6057419418364189,0.600805969407852,0.597317400968984,0.5922199933176079,0.586290233151561,0.575701116959383,0.550991241038908,0.545076050105705,0.534030963441833
0.49027189487216205,0.681289823858804,0.8148313136897231,0.914880562367438,0.9661580502263231,1.0,0.9841806141257429,0.9539361088710749,0.9210349802575379,0.903446177773886,0.881986210280144,0.8595626950765891,0.8267829946333041,0.786708477486054,0.7611988372413969,0.746805340464062,0.7369220210754059,0.7300829344438441,0.7246706261045072,0.7217192107413491,0.724357073619838,0.726067372927302,0.718448066872225,0.7014845917881259,0.698212181651165,0.6990461228067459,0.695813843563656,0.6903124616466589,0.6798796573039959,0.652369734597929,0.6445864839353989,0.6306898187779261
0.444611879371017,0.620704808964231,0.7462365136158531,0.8423630553607472,0.90852960221156,0.9841806141257429,1.0,0.9851327979233371,0.961737289361231,0.9466911488033509,0.928143214396389,0.9089111527577479,0.8807615484823671,0.845188088797667,0.821456177206118,0.807529107258292,0.7977295784179421,0.7906281380647578,0.7850441243748411,0.78209504416446,0.7845443562250671,0.7855286150135091,0.7761940583662221,0.756687341487514,0.755679625869236,0.7603681987800529,0.758432734674373,0.7529379616370809,0.7439574159908521,0.716175684485916,0.707374569959943,0.691537433968052
0.413908166556515,0.58400272610411,0.7087851107844101,0.80453811604368,0.8735181507896229,0.9539361088710749,0.9851327979233371,1.0,0.993725094147825,0.979539607069139,0.96149251955363,0.9423575367427329,0.9138871168678699,0.877506142139247,0.8528763894251551,0.8380377784914759,0.8276418119898441,0.82016942439832,0.814789863191966,0.8125689289533872,0.816691864291969,0.819750732867397,0.811991081983932,0.7934453752398771,0.795427654187356,0.8033306364645552,0.801637298213124,0.7951717831641991,0.788982882195376,0.7630887353024879,0.7540808656984979,0.7368284241211159
0.386641072092428,0.550623657854453,0.67349303327527,0.7673211599982621,0.8374126904763148,0.9210349802575379,0.961737289361231,0.993725094147825,1.0,0.992547414167105,0.978718663944718,0.9604833535247791,0.9329180659640649,0.897144210160409,0.872544696134307,0.85744650480748,0.8467835029195792,0.839013804096144,0.8337171746140408,0.8319254793814441,0.8367571274817971,0.8405627998738271,0.83317324146047,0.81462053724362,0.818477150691126,0.8286889297863521,0.827536411247222,0.8208182814557679,0.8156687324266111,0.7901759712681791,0.781202151872792,0.7633520291279471
0.371701536931181,0.532788429494172,0.654741121644328,0.746473573286295,0.816873420646653,0.903446177773886,0.9466911488033509,0.979539607069139,0.992547414167105,1.0,0.995364185308616,0.9787714265310659,0.9532381947289731,0.919272675194055,0.8954559132376659,0.8806656852071599,0.8699524949974109,0.861809998434877,0.8563156162557629,0.8545132505683141,0.8588434772856441,0.861662170380611,0.8528250966005648,0.832522255076347,0.836848140049552,0.8484054166245881,0.84819857826612,0.8420689892328559,0.8354517079962741,0.8077613176201709,0.798961382421186,0.7812406940493871
0.35247632763776293,0.509135878602919,0.6296357731802521,0.720049759395023,0.7917683199704759,0.881986210280144,0.928143214396389,0.96149251955363,0.978718663944718,0.995364185308616,1.0,0.991978091461716,0.9730322356043559,0.9426922324688859,0.92056037584589,0.9064772792026469,0.895933820899795,0.887496180487522,0.881827751895358,0.8799970304281691,0.883700473456693,0.885314953188985,0.875265969200708,0.8536984457016629,0.8582823283769129,0.870673681602293,0.871383289809646,0.865989200616936,0.857928329089805,0.8279491975218961,0.8178810453203291,0.7992824713315
0.33053511499862703,0.48164666293087,0.6004253313101721,0.690740649617521,0.76500856346918,0.8595626950765891,0.9089111527577479,0.9423575367427329,0.9604833535247791,0.9787714265310659,0.991978091461716,1.0,0.992444905273026,0.967514202413878,0.9479485578690809,0.9349572232071608,0.9248088570434359,0.9161769297904,0.9103662930293509,0.908484973894548,0.911474465267337,0.9117342464981211,0.9008380980221758,0.87864888232384,0.883226601987388,0.89579703559405,0.897310352035442,0.892751763968769,0.883384877784202,0.851146756794428,0.838186574823032,0.817551887210656
0.3053005172526789,0.446685178782892,0.559782300179033,0.648575860944384,0.7256441717495541,0.8267829946333041,0.8807615484823671,0.9138871168678699,0.9329180659640649,0.9532381947289731,0.9730322356043559,0.992444905273026,1.0,0.990119802426067,0.9777384809236959,0.9675848546074829,0.95868818831945,0.949999542327033,0.944132585823865,0.942249027514536,0.9425970076105741,0.9381933984672759,0.922972338076345,0.896823666595847,0.901828994037731,0.916727174780981,0.9208743350894399,0.9185396039106409,0.9059962639530699,0.869278390066846,0.852470835282752,0.829636357411511
0.280329592346259,0.409650240341649,0.514305956406639,0.6001638157939311,0.679172551121234,0.786708477486054,0.845188088797667,0.877506142139247,0.897144210160409,0.919272675194055,0.9426922324688859,0.967514202413878,0.990119802426067,1.0,0.9971149163188091,0.990686074678908,0.9835296838580241,0.974961155205187,0.9691552848386359,0.9673204048732249,0.964024963106333,0.9532965700844771,0.9319634321804251,0.900180111006978,0.9058368489279671,0.9241968960511949,0.931874910044063,0.93243741652321,0.915950121278519,0.8741241148801351,0.85357728733339,0.8289930034406758
0.266028948598267,0.387932200064808,0.487250845412759,0.5714125216121769,0.6511448862970219,0.7611988372413969,0.821456177206118,0.8528763894251551,0.872544696134307,0.8954559132376659,0.92056037584589,0.9479485578690809,0.9777384809236959,0.9971149163188091,1.0,0.997583941417076,0.992824632520187,0.985403670820838,0.9801604973974242,0.9783997180669541,0.9735874992352951,0.960182475876486,0.936696861688239,0.9031989849090409,0.908365626071582,0.9268913899589251,0.935867703180326,0.93789949500228,0.918420207955918,0.873067076220427,0.850334139995895,0.824897616049115
0.25878025417720196,0.37618798312903495,0.47217093853374803,0.555774787559226,0.6359557278553969,0.746805340464062,0.807529107258292,0.8380377784914759,0.85744650480748,0.8806656852071599,0.9064772792026469,0.9349572232071608,0.9675848546074829,0.990686074678908,0.997583941417076,1.0,0.998455254722085,0.9930540985739191,0.9887899638136121,0.9871223972633321,0.982054785255826,0.9680939118976278,0.9448208215637579,0.9119524232167959,0.915763806617151,0.9322261635598851,0.9411545420640649,0.943871803795352,0.9214980582064789,0.8729258923197449,0.848642402007736,0.8227102060599829
0.25308674186646696,0.368127330759428,0.462610875366791,0.545710008352075,0.6259383346990699,0.7369220210754059,0.7977295784179421,0.8276418119898441,0.8467835029195792,0.8699524949974109,0.895933820899795,0.9248088570434359,0.95868818831945,0.9835296838580241,0.992824632520187,0.998455254722085,1.0,0.9977877228469271,0.995023635890562,0.993408992971981,0.988554734296822,0.9748712090837081,0.952596166025568,0.9210642462564641,0.9235976271742651,0.937762037045111,0.946012653533863,0.948755868366094,0.924399674059702,0.8737288340089681,0.8490009602549909,0.823108243231278
0.248288684571415,0.362623564613159,0.45707924388100296,0.539661016798396,0.6195661435019411,0.7300829344438441,0.7906281380647578,0.82016942439832,0.839013804096144,0.861809998434877,0.887496180487522,0.9161769297904,0.949999542327033,0.974961155205187,0.985403670820838,0.9930540985739191,0.9977877228469271,1.0,0.999292517637102,0.997699728861183,0.993483428687734,0.980826609075505,0.960308700109908,0.9308295265600641,0.9320650942344091,0.9435674305799692,0.9505428063025642,0.95273783738892,0.927067655489857,0.875148277981751,0.8509178960283721,0.825541693215465
0.243669462834458,0.3576011465955479,0.4524377321812171,0.534977948519358,0.614791319091298,0.7246706261045072,0.7850441243748411,0.814789863191966,0.8337171746140408,0.8563156162557629,0.881827751895358,0.9103662930293509,0.944132585823865,0.9691552848386359,0.9801604973974242,0.9887899638136121,0.995023635890562,0.999292517637102,1.0,0.9992477208112129,0.9959959581927259,0.9843360264456851,0.9650104843642808,0.9367411029350029,0.9373302513791659,0.947414347988256,0.9536095091623671,0.95539180323678,0.9291245814789381,0.876662025235029,0.8527582194037321,0.827662493290112
0.239698256578617,0.35366758327601,0.44936506171675605,0.532391973977568,0.612433817611161,0.7217192107413491,0.78209504416446,0.8125689289533872,0.8319254793814441,0.8545132505683141,0.8799970304281691,0.908484973894548,0.942249027514536,0.9673204048732249,0.9783997180669541,0.9871223972633321,0.993408992971981,0.997699728861183,0.9992477208112129,1.0,0.997956670291051,0.9872245039986801,0.9685562013498779,0.9407136760222758,0.9412209777553772,0.9509835573431329,0.9568439970459351,0.958340788248663,0.9320532573278159,0.879572564693148,0.8558063326384829,0.8307467773505179
0.237176094318144,0.352945815113988,0.45129454932712304,0.535841547791331,0.6163799609893399,0.724357073619838,0.7845443562250671,0.816691864291969,0.8367571274817971,0.8588434772856441,0.883700473456693,0.911474465267337,0.9425970076105741,0.964024963106333,0.9735874992352951,0.982054785255826,0.988554734296822,0.993483428687734,0.9959959581927259,0.997956670291051,1.0,0.9952650774432181,0.9818115718913589,0.958285763417878,0.958554136710374,0.965912301302502,0.96980161319103,0.969815509004636,0.944748102306787,0.893587227998503,0.8706431163235601,0.8456273031448058
0.23421672653779,0.3522137557405379,0.45374213541421293,0.539927082851485,0.6205926276532671,0.726067372927302,0.7855286150135091,0.819750732867397,0.8405627998738271,0.861662170380611,0.885314953188985,0.9117342464981211,0.9381933984672759,0.9532965700844771,0.960182475876486,0.9680939118976278,0.9748712090837081,0.980826609075505,0.9843360264456851,0.9872245039986801,0.9952650774432181,1.0,0.9949528557878929,0.9785547793667841,0.978478065261056,0.9819659388091629,0.9827487448039259,0.980469815343615,0.9576441930459542,0.909067819767595,0.8875648077751379,0.8627652837062428
0.227477223341924,0.346899862401212,0.451090563717359,0.537657844399584,0.6171656038922221,0.718448066872225,0.7761940583662221,0.811991081983932,0.83317324146047,0.8528250966005648,0.875265969200708,0.9008380980221758,0.922972338076345,0.9319634321804251,0.936696861688239,0.9448208215637579,0.952596166025568,0.960308700109908,0.9650104843642808,0.9685562013498779,0.9818115718913589,0.9949528557878929,1.0,0.994060246371499,0.993292417002711,0.9909252312809479,0.9877387237972142,0.9828847536645341,0.963137762006078,0.9182780200154,0.8963355579273491,0.870424558375087
0.217547249153776,0.33713235867471797,0.44290434656431,0.5285622247350621,0.6057419418364189,0.7014845917881259,0.756687341487514,0.7934453752398771,0.81462053724362,0.832522255076347,0.8536984457016629,0.87864888232384,0.896823666595847,0.900180111006978,0.9031989849090409,0.9119524232167959,0.9210642462564641,0.9308295265600641,0.9367411029350029,0.9407136760222758,0.958285763417878,0.9785547793667841,0.994060246371499,1.0,0.998375579378236,0.989315277099843,0.9818996204972191,0.9744898799793801,0.958252329715489,0.9178234362189721,0.8944274368187719,0.866799659081338
0.21014492937169899,0.330186509838214,0.43759482772386105,0.52300419109331,0.600805969407852,0.698212181651165,0.755679625869236,0.795427654187356,0.818477150691126,0.836848140049552,0.8582823283769129,0.883226601987388,0.901828994037731,0.9058368489279671,0.908365626071582,0.915763806617151,0.9235976271742651,0.9320650942344091,0.9373302513791659,0.9412209777553772,0.958554136710374,0.978478065261056,0.993292417002711,0.998375579378236,1.0,0.9954987389158609,0.9894371322575359,0.9819532313964591,0.9688731920130059,0.9313815283279592,0.9097011781939329,0.882453909517583
0.20443454292054103,0.324480979164638,0.432793666934609,0.517952645952108,0.597317400968984,0.6990461228067459,0.7603681987800529,0.8033306364645552,0.8286889297863521,0.8484054166245881,0.870673681602293,0.89579703559405,0.916727174780981,0.9241968960511949,0.9268913899589251,0.9322261635598851,0.937762037045111,0.9435674305799692,0.947414347988256,0.9509835573431329,0.965912301302502,0.9819659388091629,0.9909252312809479,0.989315277099843,0.9954987389158609,1.0,0.99768361976633,0.9913352654813758,0.980710385473505,0.945061710511463,0.9263532813892309,0.9005136080584151
0.20194088290831,0.320202365107511,0.427135107563936,0.512106314936243,0.5922199933176079,0.695813843563656,0.758432734674373,0.801637298213124,0.827536411247222,0.84819857826612,0.871383289809646,0.897310352035442,0.9208743350894399,0.931874910044063,0.935867703180326,0.9411545420640649,0.946012653533863,0.9505428063025642,0.9536095091623671,0.9568439970459351,0.96980161319103,0.9827487448039259,0.9877387237972142,0.9818996204972191,0.9894371322575359,0.99768361976633,1.0,0.9977676129155959,0.9864372450771159,0.9487317699390792,0.9301868233567521,0.904729749846388
0.20067315580406603,0.31658622125071195,0.42134439044147604,0.5060173468554829,0.586290233151561,0.6903124616466589,0.7529379616370809,0.7951717831641991,0.8208182814557679,0.8420689892328559,0.865989200616936,0.892751763968769,0.9185396039106409,0.93243741652321,0.93789949500228,0.943871803795352,0.948755868366094,0.95273783738892,0.95539180323678,0.958340788248663,0.969815509004636,0.980469815343615,0.9828847536645341,0.9744898799793801,0.9819532313964591,0.9913352654813758,0.9977676129155959,1.0,0.986960874087784,0.9462214612739621,0.926822590563985,0.901355295945259
0.18633924673128302,0.30655965583385697,0.41685848328046,0.49777611931224397,0.575701116959383,0.6798796573039959,0.7439574159908521,0.788982882195376,0.8156687324266111,0.8354517079962741,0.857928329089805,0.883384877784202,0.9059962639530699,0.915950121278519,0.918420207955918,0.9214980582064789,0.924399674059702,0.927067655489857,0.9291245814789381,0.9320532573278159,0.944748102306787,0.9576441930459542,0.963137762006078,0.958252329715489,0.9688731920130059,0.980710385473505,0.9864372450771159,0.986960874087784,1.0,0.9858676226223159,0.9661688471858839,0.935194637785271
0.167083405648484,0.289079899839611,0.402626643536829,0.47761609242872105,0.550991241038908,0.652369734597929,0.716175684485916,0.7630887353024879,0.7901759712681791,0.8077613176201709,0.8279491975218961,0.851146756794428,0.869278390066846,0.8741241148801351,0.873067076220427,0.8729258923197449,0.8737288340089681,0.875148277981751,0.876662025235029,0.879572564693148,0.893587227998503,0.909067819767595,0.9182780200154,0.9178234362189721,0.9313815283279592,0.945061710511463,0.9487317699390792,0.9462214612739621,0.9858676226223159,1.0,0.9807787650552992,0.94506086762676
0.16038821298965697,0.281212295417712,0.39511062184327506,0.471291450100141,0.545076050105705,0.6445864839353989,0.707374569959943,0.7540808656984979,0.781202151872792,0.798961382421186,0.8178810453203291,0.838186574823032,0.852470835282752,0.85357728733339,0.850334139995895,0.848642402007736,0.8490009602549909,0.8509178960283721,0.8527582194037321,0.8558063326384829,0.8706431163235601,0.8875648077751379,0.8963355579273491,0.8944274368187719,0.9097011781939329,0.9263532813892309,0.9301868233567521,0.926822590563985,0.9661688471858839,0.9807787650552992,1.0,0.990440758690787
0.155731103434363,0.272977291001302,0.38424609963630996,0.46069950349844896,0.534030963441833,0.6306898187779261,0.691537433968052,0.7368284241211159,0.7633520291279471,0.7812406940493871,0.7992824713315,0.817551887210656,0.829636357411511,0.8289930034406758,0.824897616049115,0.8227102060599829,0.823108243231278,0.825541693215465,0.827662493290112,0.8307467773505179,0.8456273031448058,0.8627652837062428,0.870424558375087,0.866799659081338,0.882453909517583,0.9005136080584151,0.904729749846388,0.901355295945259,0.935194637785271,0.94506086762676,0.990440758690787,1.0
