1.0,0.822853082665955,0.7681720335275771,0.747195753637912,0.732042714120272,0.7212391624683009,0.7066778342001121,0.699793529622529,0.691979868254576,0.682666908869817,0.675125764479357,0.667690900784792,0.657690541755824,0.6502195946280601,0.644540630929792,0.637259890255326,0.6287389105134,0.614398689817514,0.6049607673960179,0.5932615609423759,0.582878661196408,0.5746511640644639,0.5668704826382479,0.557226525356974,0.551874316875114,0.541653254896257,0.5323031684101429,0.512980466255933,0.49475167150753996,0.46260613697796293,0.31450674329184997,0.0885769257450515
0.822853082665955,1.0,0.95718183739351,0.939817158055051,0.9266684641604631,0.91535418951824,0.9035110231011129,0.898490892153647,0.8929580067439051,0.887753391019568,0.8832845326195631,0.879676900055415,0.871860589461932,0.8667156435046509,0.8605173911861129,0.8541694151378709,0.8466899369851121,0.835154680027182,0.824773096773596,0.81445225306908,0.804454637318874,0.7994345615301949,0.791083269155782,0.783357128137168,0.778245296560763,0.7695116043317759,0.759735019171073,0.745172373682795,0.726418691720359,0.6931119730782099,0.535341690808558,0.0416371938741346
0.7681720335275771,0.95718183739351,1.0,0.9812695671833779,0.9682525858787701,0.959485470269696,0.9497825454806371,0.9445983198695691,0.938730406546012,0.935066729809279,0.9306724408791109,0.925679628879192,0.9194919271625501,0.914906470352996,0.9090988574117289,0.9034010919349691,0.897220307597097,0.8882207266908481,0.8786549935687341,0.8690046866860229,0.861040815064923,0.8563813302941852,0.8486810491322471,0.8414281587525959,0.837778403233854,0.8294808936376609,0.821205853660558,0.809694884216929,0.791278662751433,0.755811964843754,0.5922073665116651,0.0466211772831331
0.747195753637912,0.939817158055051,0.9812695671833779,1.0,0.988199846283992,0.978923853626932,0.971129144716305,0.966073985709758,0.960001747715155,0.955587151283546,0.951449562331408,0.947196223079917,0.9413111147443549,0.9367261920711,0.930775512732519,0.925618827966727,0.920022486379828,0.9120932757110619,0.9030653580346469,0.895850587495365,0.889079325445519,0.885001717393912,0.877737057229521,0.8702536787271621,0.866159311477388,0.8585764366564691,0.850303289366529,0.839331562868045,0.8212925631468729,0.7863817346595471,0.618943936958135,0.0438417275846771
0.732042714120272,0.9266684641604631,0.9682525858787701,0.988199846283992,1.0,0.9916868763001371,0.984149771675055,0.9788134520571479,0.973266865121041,0.9687449281754391,0.9648467864000391,0.9609796957873801,0.955868666175639,0.9517253286883791,0.9458917003688451,0.940485389003798,0.935136222211822,0.9272177608339691,0.919345220919396,0.9137099415635671,0.907173153705309,0.9027704728584699,0.896133956694117,0.8889842562881329,0.883921559812343,0.8766535204985579,0.8681429074350991,0.857848594643326,0.840299618523518,0.804699647334743,0.635878820436724,0.0391460606006196
0.7212391624683009,0.91535418951824,0.959485470269696,0.978923853626932,0.9916868763001371,1.0,0.9934850366663679,0.987695169861152,0.98263835007731,0.9765736496056999,0.9718770258521551,0.967974337207617,0.9633208598473771,0.9588848552630541,0.9530930253443649,0.947758806131813,0.9426946759266519,0.93545437934486,0.927949354747203,0.9218873193156841,0.9154051978980919,0.911027473514236,0.905174246095187,0.8981881077559208,0.893392538982441,0.8872092885908539,0.878718326027556,0.86851971993203,0.8511511494443159,0.815756070308592,0.6485216957643011,0.0288003927185241
0.7066778342001121,0.9035110231011129,0.9497825454806371,0.971129144716305,0.984149771675055,0.9934850366663679,1.0,0.995171654747208,0.9902668239740129,0.9847945202601119,0.979650230846667,0.9754543772046421,0.9707677365375541,0.966711054124323,0.9607564793350601,0.955726600813785,0.9512942811358359,0.944275103923574,0.93714932917626,0.931386945849956,0.9249289708851228,0.9209706712090509,0.915308283197886,0.9086134288830309,0.905471752218288,0.899579276297885,0.892091928856134,0.8836381469728001,0.8673776445507378,0.833055567882269,0.663027575398645,0.0248255733108076
0.699793529622529,0.898490892153647,0.9445983198695691,0.966073985709758,0.9788134520571479,0.987695169861152,0.995171654747208,1.0,0.995554729475933,0.990591064422278,0.985984170981984,0.981670936393879,0.976952310657826,0.9724527553214709,0.966273760260758,0.9610096341423451,0.9567148073145759,0.9494520697471991,0.9424132711528629,0.9367021287578391,0.9302370552452079,0.92635833631613,0.920533538514196,0.914282120120349,0.9114561563865071,0.9056895906260529,0.898435232712543,0.890053058496949,0.874053755108705,0.8393950173040541,0.6690580054608879,0.0247428929142156
0.691979868254576,0.8929580067439051,0.938730406546012,0.960001747715155,0.973266865121041,0.98263835007731,0.9902668239740129,0.995554729475933,1.0,0.9958015044352869,0.990912205152008,0.986675006878279,0.981833876814582,0.9771825000398129,0.970577120942644,0.965163469648319,0.9603799600994509,0.9530188897536491,0.9457659024358921,0.9399906789975859,0.9340111563394781,0.929867580014702,0.92424598810974,0.918048593715206,0.9152460510461559,0.9096239678696642,0.9028425769338541,0.89468119164003,0.878428786762266,0.843498222777142,0.673432490669187,0.0250563580376051
0.682666908869817,0.887753391019568,0.935066729809279,0.955587151283546,0.9687449281754391,0.9765736496056999,0.9847945202601119,0.990591064422278,0.9958015044352869,1.0,0.996206534787816,0.9921174051229329,0.9876257945337621,0.982755256617583,0.97548174753266,0.969838029489981,0.96532542650584,0.958067836867595,0.951003499052417,0.94467036538214,0.939225437241033,0.9355386196657991,0.9299346468015791,0.924423844458841,0.921369863568573,0.9155261887413679,0.909363579068055,0.901565855176504,0.8852151742947421,0.8512463797624549,0.6805752270702929,0.0233386532770396
0.675125764479357,0.8832845326195631,0.9306724408791109,0.951449562331408,0.9648467864000391,0.9718770258521551,0.979650230846667,0.985984170981984,0.990912205152008,0.996206534787816,1.0,0.9963199495108349,0.9921443448366779,0.987417002249047,0.980087883160745,0.9744785801738459,0.969674309904338,0.9624895919375621,0.955757412246261,0.949235726154485,0.9435474543667379,0.9396226708452471,0.93384906691203,0.928668568535521,0.9256053225848501,0.919466403403922,0.9131717248631128,0.9049964672077379,0.8874038002222641,0.8539423006259901,0.6841118860565271,0.0243565001018924
0.667690900784792,0.879676900055415,0.925679628879192,0.947196223079917,0.9609796957873801,0.967974337207617,0.9754543772046421,0.981670936393879,0.986675006878279,0.9921174051229329,0.9963199495108349,1.0,0.9965162498825791,0.9918850249838158,0.985193249063448,0.979518626831961,0.974655906875085,0.9679268493842471,0.9618130246436941,0.955577395420109,0.9501331471318041,0.9465748448699101,0.941122273555546,0.936481155903584,0.933133300000002,0.9272098219258341,0.921001158786937,0.9126640537673549,0.895161895647596,0.861681487926123,0.6930448129757271,0.0268750628917278
0.657690541755824,0.871860589461932,0.9194919271625501,0.9413111147443549,0.955868666175639,0.9633208598473771,0.9707677365375541,0.976952310657826,0.981833876814582,0.9876257945337621,0.9921443448366779,0.9965162498825791,1.0,0.99654396808615,0.9908004382665229,0.985167493174662,0.9800786127922909,0.9734240079386379,0.9676324604749329,0.961128721327634,0.9558240106299121,0.9517249356383821,0.9468121211461259,0.9425448550461041,0.9391082135416691,0.9335227747399929,0.927739800069456,0.919607073928715,0.903145631405248,0.871867272325083,0.7048754861395159,0.0286122088701338
0.6502195946280601,0.8667156435046509,0.914906470352996,0.9367261920711,0.9517253286883791,0.9588848552630541,0.966711054124323,0.9724527553214709,0.9771825000398129,0.982755256617583,0.987417002249047,0.9918850249838158,0.99654396808615,1.0,0.9963043674669041,0.9916618887386021,0.9868938492237241,0.980526382057766,0.975628077858511,0.969532472873404,0.964129419870284,0.959674816080235,0.955282969677147,0.950794091635749,0.947055946961693,0.9416534516917808,0.9356671000384019,0.9278747392444129,0.911285482040573,0.8808848398156741,0.7151529399437819,0.0264260043097961
0.644540630929792,0.8605173911861129,0.9090988574117289,0.930775512732519,0.9458917003688451,0.9530930253443649,0.9607564793350601,0.966273760260758,0.970577120942644,0.97548174753266,0.980087883160745,0.985193249063448,0.9908004382665229,0.9963043674669041,1.0,0.9970830564327141,0.9923609646155781,0.9864066873075039,0.9811177022276829,0.9748957726044201,0.969655024448422,0.96489687082611,0.9606742875696,0.9564411695236509,0.9525767745372379,0.9475138558343901,0.941624189941024,0.933755812861294,0.9170786539035469,0.8860489816453241,0.7197949388290871,0.0276555209932363
0.637259890255326,0.8541694151378709,0.9034010919349691,0.925618827966727,0.940485389003798,0.947758806131813,0.955726600813785,0.9610096341423451,0.965163469648319,0.969838029489981,0.9744785801738459,0.979518626831961,0.985167493174662,0.9916618887386021,0.9970830564327141,1.0,0.9965864291609471,0.9913795196859391,0.98633343488786,0.98044804784983,0.9753141749725149,0.9704740287500421,0.966236423506223,0.961882299236802,0.957942853681356,0.9524980232191421,0.9465738334081272,0.9388074449277091,0.9221837927228861,0.890946445475409,0.7251401156023951,0.0185588433413024
0.6287389105134,0.8466899369851121,0.897220307597097,0.920022486379828,0.935136222211822,0.9426946759266519,0.9512942811358359,0.9567148073145759,0.9603799600994509,0.96532542650584,0.969674309904338,0.974655906875085,0.9800786127922909,0.9868938492237241,0.9923609646155781,0.9965864291609471,1.0,0.996524570898067,0.992398323286359,0.987200822650125,0.982297257117519,0.977552317438083,0.973252838684496,0.9688088226630941,0.9646748966378179,0.9587727747563991,0.95258557551195,0.9456496860883051,0.929164836403057,0.8967928381322199,0.731116082501402,0.0166490676756595
0.614398689817514,0.835154680027182,0.8882207266908481,0.9120932757110619,0.9272177608339691,0.93545437934486,0.944275103923574,0.9494520697471991,0.9530188897536491,0.958067836867595,0.9624895919375621,0.9679268493842471,0.9734240079386379,0.980526382057766,0.9864066873075039,0.9913795196859391,0.996524570898067,1.0,0.9968039431871651,0.991938252623961,0.987664208838576,0.9831508003533491,0.9789400533853209,0.974663762267958,0.9705343143222049,0.9647677098786078,0.959047558899904,0.952728421159621,0.9364662287163629,0.9035354586555899,0.7372734923500441,0.00796973187887416
0.6049607673960179,0.824773096773596,0.8786549935687341,0.9030653580346469,0.919345220919396,0.927949354747203,0.93714932917626,0.9424132711528629,0.9457659024358921,0.951003499052417,0.955757412246261,0.9618130246436941,0.9676324604749329,0.975628077858511,0.9811177022276829,0.98633343488786,0.992398323286359,0.9968039431871651,1.0,0.9961985282607908,0.9919826900151371,0.987688798127479,0.983373134873058,0.9794180954969351,0.975323165021468,0.969423268748037,0.963574623040341,0.9570944710592629,0.9409387306311691,0.9073446985914392,0.743677703106891,0.00569741716519522
0.5932615609423759,0.81445225306908,0.8690046866860229,0.895850587495365,0.9137099415635671,0.9218873193156841,0.931386945849956,0.9367021287578391,0.9399906789975859,0.94467036538214,0.949235726154485,0.955577395420109,0.961128721327634,0.969532472873404,0.9748957726044201,0.98044804784983,0.987200822650125,0.991938252623961,0.9961985282607908,1.0,0.996738796531771,0.992493963235085,0.9886950246365219,0.9846090938526121,0.9811074620842859,0.975304763668906,0.9697258550478319,0.9634946197050759,0.947815315502197,0.9143922092070269,0.7520023448148181,0.0011350374888311901
0.582878661196408,0.804454637318874,0.861040815064923,0.889079325445519,0.907173153705309,0.9154051978980919,0.9249289708851228,0.9302370552452079,0.9340111563394781,0.939225437241033,0.9435474543667379,0.9501331471318041,0.9558240106299121,0.964129419870284,0.969655024448422,0.9753141749725149,0.982297257117519,0.987664208838576,0.9919826900151371,0.996738796531771,1.0,0.9968269122319642,0.993093295079959,0.9892781948611981,0.9854809251894421,0.980006142098241,0.9748474805034241,0.9683989704436741,0.9525146014045051,0.919031231317891,0.754974480068754,0.00037900389569951097
0.5746511640644639,0.7994345615301949,0.8563813302941852,0.885001717393912,0.9027704728584699,0.911027473514236,0.9209706712090509,0.92635833631613,0.929867580014702,0.9355386196657991,0.9396226708452471,0.9465748448699101,0.9517249356383821,0.959674816080235,0.96489687082611,0.9704740287500421,0.977552317438083,0.9831508003533491,0.987688798127479,0.992493963235085,0.9968269122319642,1.0,0.9965519050651941,0.9925515591822541,0.9884027504498241,0.9828912583131121,0.977565311686563,0.9709494813649291,0.955211310891068,0.9229022771133449,0.761278052283909,0.000411103930327339
0.5668704826382479,0.791083269155782,0.8486810491322471,0.877737057229521,0.896133956694117,0.905174246095187,0.915308283197886,0.920533538514196,0.92424598810974,0.9299346468015791,0.93384906691203,0.941122273555546,0.9468121211461259,0.955282969677147,0.9606742875696,0.966236423506223,0.973252838684496,0.9789400533853209,0.983373134873058,0.9886950246365219,0.993093295079959,0.9965519050651941,1.0,0.9964233306898721,0.9919918715206899,0.986960774018882,0.9810203719984351,0.9744861866931971,0.958955224118961,0.92817176207168,0.76987583246579,0.0034236875628593103
0.557226525356974,0.783357128137168,0.8414281587525959,0.8702536787271621,0.8889842562881329,0.8981881077559208,0.9086134288830309,0.914282120120349,0.918048593715206,0.924423844458841,0.928668568535521,0.936481155903584,0.9425448550461041,0.950794091635749,0.9564411695236509,0.961882299236802,0.9688088226630941,0.974663762267958,0.9794180954969351,0.9846090938526121,0.9892781948611981,0.9925515591822541,0.9964233306898721,1.0,0.996140205484751,0.991023520172582,0.984323103903774,0.976912843292055,0.961979516854274,0.9311561035748771,0.772600367984325,0.00143343586532938
0.551874316875114,0.778245296560763,0.837778403233854,0.866159311477388,0.883921559812343,0.893392538982441,0.905471752218288,0.9114561563865071,0.9152460510461559,0.921369863568573,0.9256053225848501,0.933133300000002,0.9391082135416691,0.947055946961693,0.9525767745372379,0.957942853681356,0.9646748966378179,0.9705343143222049,0.975323165021468,0.9811074620842859,0.9854809251894421,0.9884027504498241,0.9919918715206899,0.996140205484751,1.0,0.995692866889593,0.989177537258118,0.9815903445965101,0.9669372362883041,0.9363542910750892,0.7802468794380691,0.00524663413120904
0.541653254896257,0.7695116043317759,0.8294808936376609,0.8585764366564691,0.8766535204985579,0.8872092885908539,0.899579276297885,0.9056895906260529,0.9096239678696642,0.9155261887413679,0.919466403403922,0.9272098219258341,0.9335227747399929,0.9416534516917808,0.9475138558343901,0.9524980232191421,0.9587727747563991,0.9647677098786078,0.969423268748037,0.975304763668906,0.980006142098241,0.9828912583131121,0.986960774018882,0.991023520172582,0.995692866889593,1.0,0.994379298038927,0.9868371566438829,0.9738024779434921,0.9459892101535341,0.7974160256399859,0.0193673355122682
0.5323031684101429,0.759735019171073,0.821205853660558,0.850303289366529,0.8681429074350991,0.878718326027556,0.892091928856134,0.898435232712543,0.9028425769338541,0.909363579068055,0.9131717248631128,0.921001158786937,0.927739800069456,0.9356671000384019,0.941624189941024,0.9465738334081272,0.95258557551195,0.959047558899904,0.963574623040341,0.9697258550478319,0.9748474805034241,0.977565311686563,0.9810203719984351,0.984323103903774,0.989177537258118,0.994379298038927,1.0,0.9930589894649279,0.98164293352215,0.9549092087251371,0.810282505706188,0.029034109162613998
0.512980466255933,0.745172373682795,0.809694884216929,0.839331562868045,0.857848594643326,0.86851971993203,0.8836381469728001,0.890053058496949,0.89468119164003,0.901565855176504,0.9049964672077379,0.9126640537673549,0.919607073928715,0.9278747392444129,0.933755812861294,0.9388074449277091,0.9456496860883051,0.952728421159621,0.9570944710592629,0.9634946197050759,0.9683989704436741,0.9709494813649291,0.9744861866931971,0.976912843292055,0.9815903445965101,0.9868371566438829,0.9930589894649279,1.0,0.9900590913571629,0.9625654816173179,0.821836289442883,0.0417956243449715
0.49475167150753996,0.726418691720359,0.791278662751433,0.8212925631468729,0.840299618523518,0.8511511494443159,0.8673776445507378,0.874053755108705,0.878428786762266,0.8852151742947421,0.8874038002222641,0.895161895647596,0.903145631405248,0.911285482040573,0.9170786539035469,0.9221837927228861,0.929164836403057,0.9364662287163629,0.9409387306311691,0.947815315502197,0.9525146014045051,0.955211310891068,0.958955224118961,0.961979516854274,0.9669372362883041,0.9738024779434921,0.98164293352215,0.9900590913571629,1.0,0.9754431585427851,0.8435448718954849,0.0655690625354258
0.46260613697796293,0.6931119730782099,0.755811964843754,0.7863817346595471,0.804699647334743,0.815756070308592,0.833055567882269,0.8393950173040541,0.843498222777142,0.8512463797624549,0.8539423006259901,0.861681487926123,0.871867272325083,0.8808848398156741,0.8860489816453241,0.890946445475409,0.8967928381322199,0.9035354586555899,0.9073446985914392,0.9143922092070269,0.919031231317891,0.9229022771133449,0.92817176207168,0.9311561035748771,0.9363542910750892,0.9459892101535341,0.9549092087251371,0.9625654816173179,0.9754431585427851,1.0,0.893865236831923,0.11999547643319901
0.31450674329184997,0.535341690808558,0.5922073665116651,0.618943936958135,0.635878820436724,0.6485216957643011,0.663027575398645,0.6690580054608879,0.673432490669187,0.6805752270702929,0.6841118860565271,0.6930448129757271,0.7048754861395159,0.7151529399437819,0.7197949388290871,0.7251401156023951,0.731116082501402,0.7372734923500441,0.743677703106891,0.7520023448148181,0.754974480068754,0.761278052283909,0.76987583246579,0.772600367984325,0.7802468794380691,0.7974160256399859,0.810282505706188,0.821836289442883,0.8435448718954849,0.893865236831923,1.0,0.274648012742038
0.0885769257450515,0.0416371938741346,0.0466211772831331,0.0438417275846771,0.0391460606006196,0.0288003927185241,0.0248255733108076,0.0247428929142156,0.0250563580376051,0.0233386532770396,0.0243565001018924,0.0268750628917278,0.0286122088701338,0.0264260043097961,0.0276555209932363,0.0185588433413024,0.0166490676756595,0.00796973187887416,0.00569741716519522,0.0011350374888311901,0.00037900389569951097,0.000411103930327339,0.0034236875628593103,0.00143343586532938,0.00524663413120904,0.0193673355122682,0.029034109162613998,0.0417956243449715,0.0655690625354258,0.11999547643319901,0.274648012742038,1.0
