1.0,0.9909467338908491,0.954277836083332,0.873720373021872,0.792002908615797,0.7765051676637629,0.744321020988815,0.6942686050287521,0.6497485891673449,0.624732015629088,0.590044566696859,0.547693464652827,0.507882574986007,0.47348430499785105,0.43753389173251295,0.40195713542137196,0.36876876495266103,0.33847403594024705,0.311253133624611,0.28736644148857804,0.265348888083208,0.24516742428160102,0.227661316820352,0.21250590694636104,0.19841060111852898,0.16770120838025301,0.14204602412575001,0.124268861219115,0.12200161638949901,0.114186366436126,0.10729520570442098,0.102498272702258
0.9909467338908491,1.0,0.985770338689891,0.9311161115169241,0.866581572345573,0.8507293713068621,0.816693520541648,0.7631104905245949,0.715772257833979,0.6901017182194351,0.653746758742469,0.608836860207728,0.56657260335064,0.5300765147854021,0.49164158536506,0.45340655092585996,0.417854772721845,0.38541860838932,0.356101135944473,0.330269953869644,0.30722159984308095,0.286555409064891,0.268506902167361,0.25280154936402305,0.23682275862121102,0.200149455727923,0.169517870343468,0.148293798223804,0.144089415701482,0.133678573582513,0.12499003840842599,0.119022808940697
0.954277836083332,0.985770338689891,1.0,0.9791757264801451,0.937805273757357,0.9219145247105051,0.8864303335973531,0.8297965706504159,0.7801399294394019,0.7543068445869922,0.7167934563769379,0.669827881912134,0.6255723183701241,0.5873826323686271,0.546819498747411,0.506233587278292,0.468631533573791,0.434343368524313,0.4031503404476529,0.37554489107622296,0.351795131620885,0.33105035896194895,0.312784139011565,0.296791725417075,0.278863173650672,0.235660178521783,0.19958087684480302,0.17458361943850498,0.168061285967285,0.154666728602526,0.14394987351741598,0.136669900770645
0.873720373021872,0.9311161115169241,0.9791757264801451,1.0,0.9881776948701179,0.972844393054619,0.9369597589790949,0.878794204214994,0.828225013920264,0.8031775277200219,0.7656909569816609,0.718027853555489,0.673049494252668,0.6342659990430749,0.592674388061626,0.5507919391652409,0.5121429742380179,0.476921398011385,0.44464886590292796,0.41594987745396295,0.392255739295052,0.37220456416152903,0.354369701599572,0.33863846626632305,0.31903661278964696,0.269589726999438,0.228302486484392,0.19969842545250602,0.190624574159515,0.17413565491064803,0.16137650687819502,0.152787820712098
0.792002908615797,0.866581572345573,0.937805273757357,0.9881776948701179,1.0,0.991291359552813,0.9622416490475642,0.9106669396263191,0.8645474597454991,0.84124031635228,0.804902183524539,0.757771993082826,0.713258137876015,0.6749640968906551,0.6333842124292189,0.591171785133529,0.5521442518675279,0.516390443039393,0.483388594409225,0.45389711338312105,0.430289040326098,0.410796805890258,0.393290912881589,0.377741720931354,0.35657432192985705,0.301315858556809,0.255174034748686,0.22320622160776998,0.21116988942531797,0.19136558849606897,0.176515025238993,0.166607419979702
0.7765051676637629,0.8507293713068621,0.9219145247105051,0.972844393054619,0.991291359552813,1.0,0.989706564606178,0.957141565679799,0.922880114776239,0.901459798044592,0.866072748264496,0.8189592613244119,0.774484248819707,0.736424179343818,0.6944073012906429,0.651296655296475,0.6109052659319871,0.573311704250183,0.538384385818921,0.50703783524999,0.482058871996695,0.461475614116766,0.44289478557277395,0.42633026335673796,0.402828604973672,0.34045692327028804,0.28835788631854903,0.252258775012671,0.23628792705756502,0.21218253873820997,0.19465969081549397,0.183076266538838
0.744321020988815,0.816693520541648,0.8864303335973531,0.9369597589790949,0.9622416490475642,0.989706564606178,1.0,0.98873732705083,0.968039586139524,0.949093004003285,0.9154387128784358,0.869274228183873,0.825720147904025,0.788666324179475,0.7470046934896959,0.703769665875293,0.662694134591062,0.623843968897025,0.587514214456484,0.554770988398284,0.5287957262662879,0.5074334678138309,0.48805155912533904,0.47071089577578706,0.44513680313094706,0.376267102702077,0.31872337991525607,0.278847786898079,0.258916625450895,0.23061326870920001,0.210532508502502,0.19735673832520198
0.6942686050287521,0.7631104905245949,0.8297965706504159,0.878794204214994,0.9106669396263191,0.957141565679799,0.98873732705083,1.0,0.9939426471339491,0.978000354204548,0.946899434109835,0.902744258763266,0.8611126332318578,0.825927299815573,0.7855548641753471,0.743142109180456,0.702255904232822,0.662947384566178,0.625951252311198,0.592468671406515,0.566023675588814,0.544317315186508,0.524524592901851,0.5067542334135421,0.479576184015562,0.40542807965237,0.34345801365468703,0.300511450063495,0.27687775285093896,0.244807744810333,0.22249432840392197,0.20794356146478898
0.6497485891673449,0.715772257833979,0.7801399294394019,0.828225013920264,0.8645474597454991,0.922880114776239,0.968039586139524,0.9939426471339491,1.0,0.992233846913912,0.9690815208025301,0.932302202749133,0.8961892551706171,0.8644452355574821,0.826764428752908,0.78639685328923,0.747360450197675,0.7094579307457951,0.673259112698109,0.6401931237779731,0.614101497464172,0.5926055514923709,0.572820714347126,0.554942061721896,0.526164997144412,0.44532059185334494,0.3775914274172071,0.33061625468576195,0.30269919033086495,0.26596853050784397,0.24079665425716396,0.224462009725376
0.624732015629088,0.6901017182194351,0.7543068445869922,0.8031775277200219,0.84124031635228,0.901459798044592,0.949093004003285,0.978000354204548,0.992233846913912,1.0,0.992246697482555,0.970049929321556,0.944090619793205,0.9175392829137758,0.8839729048552559,0.846779961201349,0.8113975545655,0.777036074900073,0.7432165136245319,0.7117509240832179,0.686814125747101,0.666007427978094,0.646539595552205,0.628750229609895,0.597965831763899,0.507206242753308,0.430809895930979,0.37774059278591404,0.34434004622060904,0.30115406825570395,0.271866387640418,0.252926133216233
0.590044566696859,0.653746758742469,0.7167934563769379,0.7656909569816609,0.804902183524539,0.866072748264496,0.9154387128784358,0.946899434109835,0.9690815208025301,0.992246697482555,1.0,0.992718098569484,0.9773067639127779,0.956355720871955,0.9274210963500109,0.893977143228828,0.862794609596318,0.832504301699871,0.8015866802194069,0.7722082979326509,0.7488122213258491,0.729016978897609,0.7101678953420051,0.692743709840012,0.6604311936863531,0.561172553960026,0.477301311089601,0.418966168821242,0.3806048054209629,0.331638777846763,0.298693027534196,0.277443132615432
0.547693464652827,0.608836860207728,0.669827881912134,0.718027853555489,0.757771993082826,0.8189592613244119,0.869274228183873,0.902744258763266,0.932302202749133,0.970049929321556,0.992718098569484,1.0,0.9950401996696759,0.979827180142725,0.95580996375448,0.926494534533814,0.8998440756632958,0.873947898415602,0.846300425757232,0.8193797469443901,0.7978231809430981,0.7793011836034749,0.761330719098538,0.744518300719351,0.711202792810169,0.605175250595598,0.515300072162016,0.45272424619559004,0.410122292330657,0.356278556797841,0.32027475479606604,0.297100696915444
0.507882574986007,0.56657260335064,0.6255723183701241,0.673049494252668,0.713258137876015,0.774484248819707,0.825720147904025,0.8611126332318578,0.8961892551706171,0.944090619793205,0.9773067639127779,0.9950401996696759,1.0,0.993837331174402,0.9778185969296129,0.9554205535902679,0.9343296724668381,0.912418864515266,0.887730726059216,0.863029307631785,0.8432713085366179,0.8261125544430071,0.809106949508183,0.7929863461095351,0.759916443451231,0.648694507526112,0.553728306584265,0.48745168632717495,0.44251662016167603,0.38498455454957997,0.34639982840230504,0.32153966499008696
0.47348430499785105,0.5300765147854021,0.5873826323686271,0.6342659990430749,0.6749640968906551,0.736424179343818,0.788666324179475,0.825927299815573,0.8644452355574821,0.9175392829137758,0.956355720871955,0.979827180142725,0.993837331174402,1.0,0.9950102079949631,0.9822604046467142,0.9676052186290399,0.9490527350914109,0.9268267423007099,0.903948524825328,0.8858331978631079,0.8700439859137571,0.8540183333657192,0.83860895849129,0.8070312641081608,0.692162681977685,0.592981819612434,0.5235156972924171,0.47825210143645597,0.418268123857845,0.37758912770687997,0.35128228939740697
0.43753389173251295,0.49164158536506,0.546819498747411,0.592674388061626,0.6333842124292189,0.6944073012906429,0.7470046934896959,0.7855548641753471,0.826764428752908,0.8839729048552559,0.9274210963500109,0.95580996375448,0.9778185969296129,0.9950102079949631,1.0,0.996068793615673,0.987360711065298,0.9720264943069641,0.9522508361994051,0.9312547198703879,0.914808817112198,0.900418678958677,0.8854439268277049,0.8708370839540641,0.8409352325422909,0.7239946907134609,0.622065308244111,0.550460302266723,0.505377931398439,0.44381905464327903,0.40168365682656604,0.374351873259223
0.40195713542137196,0.45340655092585996,0.506233587278292,0.5507919391652409,0.591171785133529,0.651296655296475,0.703769665875293,0.743142109180456,0.78639685328923,0.846779961201349,0.893977143228828,0.926494534533814,0.9554205535902679,0.9822604046467142,0.996068793615673,1.0,0.9966448318153979,0.9842961504006541,0.966861359889562,0.947711812853222,0.932885609342108,0.9198579523223309,0.905941445688663,0.892169259564523,0.8640053163731172,0.746202979215888,0.6426856072142499,0.569780320851686,0.525235799770986,0.46279337377168606,0.41971722726136296,0.39170398275358903
0.36876876495266103,0.417854772721845,0.468631533573791,0.5121429742380179,0.5521442518675279,0.6109052659319871,0.662694134591062,0.702255904232822,0.747360450197675,0.8113975545655,0.862794609596318,0.8998440756632958,0.9343296724668381,0.9676052186290399,0.987360711065298,0.9966448318153979,1.0,0.994933210209798,0.9833524082589741,0.9689212862771881,0.957159722748123,0.945968223395568,0.9334781685817879,0.920831270496881,0.8906783241560849,0.767372250315308,0.659697671417013,0.5840132482947901,0.540447062611613,0.478166726017255,0.434760576472743,0.40643978757449895
0.33847403594024705,0.38541860838932,0.434343368524313,0.476921398011385,0.516390443039393,0.573311704250183,0.623843968897025,0.662947384566178,0.7094579307457951,0.777036074900073,0.832504301699871,0.873947898415602,0.912418864515266,0.9490527350914109,0.9720264943069641,0.9842961504006541,0.994933210209798,1.0,0.9966386107620699,0.9888819963384872,0.9811364655485358,0.9720603621237099,0.961227391123083,0.9498978046340659,0.9150992849112719,0.783500234761395,0.670343725917401,0.591193801764167,0.5490353497108761,0.487942545105375,0.444860417108073,0.41664617987424396
0.311253133624611,0.356101135944473,0.4031503404476529,0.44464886590292796,0.483388594409225,0.538384385818921,0.587514214456484,0.625951252311198,0.673259112698109,0.7432165136245319,0.8015866802194069,0.846300425757232,0.887730726059216,0.9268267423007099,0.9522508361994051,0.966861359889562,0.9833524082589741,0.9966386107620699,1.0,0.997740216194977,0.993325170600838,0.986040781547275,0.976639227630126,0.966467913981881,0.9281445848308149,0.79077367605246,0.6739977582074269,0.592616803608891,0.551921215322496,0.492253662471974,0.44975825213752596,0.42184216533307106
0.28736644148857804,0.330269953869644,0.37554489107622296,0.41594987745396295,0.45389711338312105,0.50703783524999,0.554770988398284,0.592468671406515,0.6401931237779731,0.7117509240832179,0.7722082979326509,0.8193797469443901,0.863029307631785,0.903948524825328,0.9312547198703879,0.947711812853222,0.9689212862771881,0.9888819963384872,0.997740216194977,1.0,0.998338603810708,0.992560234172823,0.984379822525634,0.97520949322467,0.934187542091754,0.792771976803437,0.6736134186949261,0.590810940435446,0.5515192760562371,0.49331997492064705,0.4515189454352929,0.4239874316961779
0.265348888083208,0.30722159984308095,0.351795131620885,0.392255739295052,0.430289040326098,0.482058871996695,0.5287957262662879,0.566023675588814,0.614101497464172,0.686814125747101,0.7488122213258491,0.7978231809430981,0.8432713085366179,0.8858331978631079,0.914808817112198,0.932885609342108,0.957159722748123,0.9811364655485358,0.993325170600838,0.998338603810708,1.0,0.9977212203238259,0.9924127272337591,0.985620736531782,0.942789454559441,0.7974913899711309,0.6759067867124889,0.591611511101501,0.555689656725177,0.500189951842423,0.459534776479759,0.432597723579086
0.24516742428160102,0.286555409064891,0.33105035896194895,0.37220456416152903,0.410796805890258,0.461475614116766,0.5074334678138309,0.544317315186508,0.5926055514923709,0.666007427978094,0.729016978897609,0.7793011836034749,0.8261125544430071,0.8700439859137571,0.900418678958677,0.9198579523223309,0.945968223395568,0.9720603621237099,0.986040781547275,0.992560234172823,0.9977212203238259,1.0,0.9984469004979609,0.9947755175588749,0.950856758459087,0.80223702394972,0.6785417082680739,0.592936854893423,0.561492083071587,0.5094133863054989,0.47019647387816704,0.44400086443712705
0.227661316820352,0.268506902167361,0.312784139011565,0.354369701599572,0.393290912881589,0.44289478557277395,0.48805155912533904,0.524524592901851,0.572820714347126,0.646539595552205,0.7101678953420051,0.761330719098538,0.809106949508183,0.8540183333657192,0.8854439268277049,0.905941445688663,0.9334781685817879,0.961227391123083,0.976639227630126,0.984379822525634,0.9924127272337591,0.9984469004979609,1.0,0.9989179430005608,0.9542520917818279,0.8034000881664171,0.678386794471868,0.591994637984819,0.5643546398977889,0.515279577602668,0.477384951408507,0.451891533269681
0.21250590694636104,0.25280154936402305,0.296791725417075,0.33863846626632305,0.377741720931354,0.42633026335673796,0.47071089577578706,0.5067542334135421,0.554942061721896,0.628750229609895,0.692743709840012,0.744518300719351,0.7929863461095351,0.83860895849129,0.8708370839540641,0.892169259564523,0.920831270496881,0.9498978046340659,0.966467913981881,0.97520949322467,0.985620736531782,0.9947755175588749,0.9989179430005608,1.0,0.954816725381145,0.8024600601565459,0.6766438856992039,0.5897999869403051,0.5654019148831129,0.518950981282908,0.482250319715105,0.457403720804167
0.19841060111852898,0.23682275862121102,0.278863173650672,0.31903661278964696,0.35657432192985705,0.402828604973672,0.44513680313094706,0.479576184015562,0.526164997144412,0.597965831763899,0.6604311936863531,0.711202792810169,0.759916443451231,0.8070312641081608,0.8409352325422909,0.8640053163731172,0.8906783241560849,0.9150992849112719,0.9281445848308149,0.934187542091754,0.942789454559441,0.950856758459087,0.9542520917818279,0.954816725381145,1.0,0.943453547978397,0.8647372445729521,0.8029431463856591,0.7652628921762541,0.686675111889053,0.629682900187092,0.592035391492213
0.16770120838025301,0.200149455727923,0.235660178521783,0.269589726999438,0.301315858556809,0.34045692327028804,0.376267102702077,0.40542807965237,0.44532059185334494,0.507206242753308,0.561172553960026,0.605175250595598,0.648694507526112,0.692162681977685,0.7239946907134609,0.746202979215888,0.767372250315308,0.783500234761395,0.79077367605246,0.792771976803437,0.7974913899711309,0.80223702394972,0.8034000881664171,0.8024600601565459,0.943453547978397,1.0,0.982329247774761,0.9551348331820608,0.905406738809328,0.798425766244518,0.7244770164519191,0.676355695618847
0.14204602412575001,0.169517870343468,0.19958087684480302,0.228302486484392,0.255174034748686,0.28835788631854903,0.31872337991525607,0.34345801365468703,0.3775914274172071,0.430809895930979,0.477301311089601,0.515300072162016,0.553728306584265,0.592981819612434,0.622065308244111,0.6426856072142499,0.659697671417013,0.670343725917401,0.6739977582074269,0.6736134186949261,0.6759067867124889,0.6785417082680739,0.678386794471868,0.6766438856992039,0.8647372445729521,0.982329247774761,1.0,0.993688609672491,0.9396248458092159,0.8219194414383221,0.742064910263682,0.690416895857258
0.124268861219115,0.148293798223804,0.17458361943850498,0.19969842545250602,0.22320622160776998,0.252258775012671,0.278847786898079,0.300511450063495,0.33061625468576195,0.37774059278591404,0.418966168821242,0.45272424619559004,0.48745168632717495,0.5235156972924171,0.550460302266723,0.569780320851686,0.5840132482947901,0.591193801764167,0.592616803608891,0.590810940435446,0.591611511101501,0.592936854893423,0.591994637984819,0.5897999869403051,0.8029431463856591,0.9551348331820608,0.993688609672491,1.0,0.9442514797004399,0.822107942270128,0.7400635401071021,0.687174792112371
0.12200161638949901,0.144089415701482,0.168061285967285,0.190624574159515,0.21116988942531797,0.23628792705756502,0.258916625450895,0.27687775285093896,0.30269919033086495,0.34434004622060904,0.3806048054209629,0.410122292330657,0.44251662016167603,0.47825210143645597,0.505377931398439,0.525235799770986,0.540447062611613,0.5490353497108761,0.551921215322496,0.5515192760562371,0.555689656725177,0.561492083071587,0.5643546398977889,0.5654019148831129,0.7652628921762541,0.905406738809328,0.9396248458092159,0.9442514797004399,1.0,0.963547435127114,0.9199175326210179,0.8876562777350842
0.114186366436126,0.133678573582513,0.154666728602526,0.17413565491064803,0.19136558849606897,0.21218253873820997,0.23061326870920001,0.244807744810333,0.26596853050784397,0.30115406825570395,0.331638777846763,0.356278556797841,0.38498455454957997,0.418268123857845,0.44381905464327903,0.46279337377168606,0.478166726017255,0.487942545105375,0.492253662471974,0.49331997492064705,0.500189951842423,0.5094133863054989,0.515279577602668,0.518950981282908,0.686675111889053,0.798425766244518,0.8219194414383221,0.822107942270128,0.963547435127114,1.0,0.9912888327924979,0.978501738013205
0.10729520570442098,0.12499003840842599,0.14394987351741598,0.16137650687819502,0.176515025238993,0.19465969081549397,0.210532508502502,0.22249432840392197,0.24079665425716396,0.271866387640418,0.298693027534196,0.32027475479606604,0.34639982840230504,0.37758912770687997,0.40168365682656604,0.41971722726136296,0.434760576472743,0.444860417108073,0.44975825213752596,0.4515189454352929,0.459534776479759,0.47019647387816704,0.477384951408507,0.482250319715105,0.629682900187092,0.7244770164519191,0.742064910263682,0.7400635401071021,0.9199175326210179,0.9912888327924979,1.0,0.997140687148791
0.102498272702258,0.119022808940697,0.136669900770645,0.152787820712098,0.166607419979702,0.183076266538838,0.19735673832520198,0.20794356146478898,0.224462009725376,0.252926133216233,0.277443132615432,0.297100696915444,0.32153966499008696,0.35128228939740697,0.374351873259223,0.39170398275358903,0.40643978757449895,0.41664617987424396,0.42184216533307106,0.4239874316961779,0.432597723579086,0.44400086443712705,0.451891533269681,0.457403720804167,0.592035391492213,0.676355695618847,0.690416895857258,0.687174792112371,0.8876562777350842,0.978501738013205,0.997140687148791,1.0
