1.0,0.990576129798103,0.9536509743950731,0.8758313750702991,0.751053804450462,0.696398787908776,0.646892880836398,0.583022992709033,0.51361114939245,0.460157213658295,0.44379047608479105,0.42450174009787,0.402656435683679,0.378755116719054,0.339575666556631,0.30150840965079306,0.269688891032377,0.243246312251235,0.223401447366502,0.21252947527913899,0.20253352976195999,0.19337578022176002,0.18499902671675303,0.175972201106367,0.165167794900173,0.153297464216233,0.14091163651139801,0.11453595182079801,0.054045989872788,0.0254896384539465,0.0105452385753351,0.0015750264854089
0.990576129798103,1.0,0.985878182775802,0.9336784784990971,0.8344047226462941,0.7862116959056601,0.736203955250328,0.669385728308303,0.595447707806583,0.538089983052694,0.520833048618431,0.5001591865308039,0.47646009361464897,0.45028811815392605,0.409215723532397,0.369141967000807,0.33530111213003,0.30697656935232204,0.285678414442303,0.27414810974513004,0.26345644341934804,0.253593169908563,0.24451889593092102,0.236197627978325,0.22603803737614397,0.21417968728112302,0.201279797386746,0.17356209623459498,0.103809360606223,0.0685581071403944,0.0496471293322275,0.0381502288433834
0.9536509743950731,0.985878182775802,1.0,0.9804641970833979,0.914919594077273,0.8758634767522671,0.8265245620485421,0.757814928872215,0.680238871916306,0.61957891016037,0.601676080301494,0.579838800885415,0.554480840227072,0.526203710691266,0.48387009911933293,0.442370673094347,0.40692616955641797,0.377026925566107,0.3544980193154129,0.342458462542836,0.33119032352813205,0.32071734749642,0.311022923464551,0.30377772943486303,0.294667086385688,0.28312748420978495,0.269929862806043,0.241282088662574,0.161992582737564,0.11945951148218302,0.0961835843811265,0.0818921489825188
0.8758313750702991,0.9336784784990971,0.9804641970833979,1.0,0.976440178625247,0.949526784000614,0.9027557101314699,0.8343064802018809,0.7552595736754342,0.6929121241162729,0.674897347844,0.652482381615789,0.6260919716993161,0.596363648612799,0.554077863272446,0.5124029699356509,0.47635522991119505,0.445686439762512,0.42252574194542797,0.41032293751206705,0.398784729989688,0.387973931285448,0.377901289771875,0.37218173269775606,0.3646322501512921,0.35388388143549504,0.34081328985164394,0.312107921520806,0.22448100665608,0.174931371843474,0.14736931438787101,0.130311759323569
0.751053804450462,0.8344047226462941,0.914919594077273,0.976440178625247,1.0,0.9876187283084621,0.9457690285207879,0.880685121771418,0.8035810648882371,0.742187464017223,0.724860391454305,0.7028201577141739,0.6764844424398829,0.6465016064991911,0.6061707980014189,0.56617843097703,0.531090755508577,0.500957570905154,0.47814580136557794,0.46631292989725204,0.454997565578307,0.444302552630934,0.43426817057907297,0.430479654838544,0.42498251637104995,0.41558576211881504,0.40324259729053796,0.37576554785880106,0.28293451315450896,0.227916638492532,0.19689252047984002,0.17756782606565805
0.696398787908776,0.7862116959056601,0.8758634767522671,0.949526784000614,0.9876187283084621,1.0,0.984422416117591,0.942613555265701,0.884702336405133,0.835277321036722,0.820100749163139,0.799619732566904,0.7742224844839309,0.744562905588118,0.7091159072615659,0.673315318980169,0.6407980139863271,0.612252431675786,0.590508646640908,0.5795933466365699,0.568878198609708,0.5585496556666779,0.548710077701709,0.544596064529567,0.5375602283704249,0.525596049686022,0.5099109504543929,0.4759619890877321,0.360858286165886,0.29207818130427504,0.253204418616168,0.22896415574620602
0.646892880836398,0.736203955250328,0.8265245620485421,0.9027557101314699,0.9457690285207879,0.984422416117591,1.0,0.98663354644822,0.952880207552917,0.9188649581405759,0.906457469484241,0.888214583287083,0.8644821879634291,0.8359044693938441,0.806666303335173,0.776306368091003,0.7473651207755941,0.7212204307972059,0.7011479367606489,0.691487743412729,0.6816734802360059,0.6719795780270129,0.662574527108805,0.657656417182581,0.6483652011012171,0.6331715493104949,0.613548480582218,0.572094341972811,0.43353302727422105,0.350784350603544,0.30402334297516603,0.274867108969751
0.583022992709033,0.669385728308303,0.757814928872215,0.8343064802018809,0.880685121771418,0.942613555265701,0.98663354644822,1.0,0.989575383118322,0.9707881274432759,0.9612920874400699,0.9456307958072829,0.924101295907229,0.897320858578067,0.8746501660385569,0.85017692302515,0.8253547603704581,0.802162221002874,0.784196828845039,0.775968499550005,0.7672620809831471,0.7584259139294051,0.7496850956050821,0.744158469256057,0.733035235437956,0.715270860183582,0.6925435690835041,0.645286010420101,0.48883607722667605,0.39544167783952794,0.34267069187396804,0.30976885689667893
0.51361114939245,0.595447707806583,0.680238871916306,0.7552595736754342,0.8035810648882371,0.884702336405133,0.952880207552917,0.989575383118322,1.0,0.9950886962360409,0.9883769001150801,0.9753454349002328,0.9562415702324321,0.9316450634028001,0.915282702335677,0.896556215541525,0.8759263952502729,0.8558586484970659,0.8401549741364449,0.833375073308212,0.82584135345301,0.8179597291284271,0.810000319866374,0.80405879887289,0.791563821753847,0.7719225342257721,0.74695719948275,0.695621599377566,0.52684116613269,0.42611517636133,0.36920620262498705,0.33372574500119107
0.460157213658295,0.538089983052694,0.61957891016037,0.6929121241162729,0.742187464017223,0.835277321036722,0.9188649581405759,0.9707881274432759,0.9950886962360409,1.0,0.996854390236672,0.9873578129986941,0.9716906188251421,0.95037234212558,0.9386374097372959,0.9237630868975429,0.9059692975241591,0.8880327893946449,0.8738591207048291,0.867992645155509,0.8612014066222851,0.853926656256215,0.8464662145990899,0.8402212893535408,0.826817613052011,0.8059676226902079,0.779582052169053,0.72599513573223,0.5505006264219979,0.445616542613323,0.386334447933539,0.34936748808149504
0.44379047608479105,0.520833048618431,0.601676080301494,0.674897347844,0.724860391454305,0.820100749163139,0.906457469484241,0.9612920874400699,0.9883769001150801,0.996854390236672,1.0,0.9968144325643109,0.987358557788492,0.9720401845443509,0.9620182375246971,0.9472552556443771,0.929392412568977,0.9113032690441899,0.896932342642333,0.8908137310092329,0.883757480932274,0.876214931398012,0.8684903831437321,0.8618907073556009,0.84790612805888,0.8262977114111469,0.799029888727983,0.7448494990197609,0.56742319194133,0.46077656859393,0.400402514045109,0.36272671400219103
0.42450174009787,0.5001591865308039,0.579838800885415,0.652482381615789,0.7028201577141739,0.799619732566904,0.888214583287083,0.9456307958072829,0.9753454349002328,0.9873578129986941,0.9968144325643109,1.0,0.996854762631571,0.9876715075312741,0.9794370240522049,0.964879847546109,0.947060962276133,0.928933103772563,0.914454943382356,0.9081214615333371,0.9008433393910308,0.893079201063422,0.885137935813451,0.8782231819691031,0.8637428445772339,0.841508443836818,0.8135259716879859,0.759092460205433,0.5808489893792271,0.473106004322092,0.41201652669879707,0.373866687040436
0.402656435683679,0.47646009361464897,0.554480840227072,0.6260919716993161,0.6764844424398829,0.7742224844839309,0.8644821879634291,0.924101295907229,0.9562415702324321,0.9716906188251421,0.987358557788492,0.996854762631571,1.0,0.996970916769322,0.9905645284554649,0.9763037170930451,0.9586409589160619,0.940589028696338,0.9260956801958671,0.9195886585802541,0.9121360004695359,0.90420067470689,0.8960941807095949,0.888909982780695,0.8740284102505659,0.85131230689031,0.822796302731996,0.7684547828569379,0.5905241538914521,0.48237168202380604,0.42095682900431397,0.38257670392541604
0.378755116719054,0.45028811815392605,0.526203710691266,0.596363648612799,0.6465016064991911,0.744562905588118,0.8359044693938441,0.897320858578067,0.9316450634028001,0.95037234212558,0.9720401845443509,0.9876715075312741,0.996970916769322,1.0,0.9954268656616451,0.981544120099722,0.964142605118788,0.9462755918986271,0.9318559761741779,0.925218439967241,0.917640072914293,0.909585276318302,0.90136620611121,0.893961515541792,0.8787771874842791,0.8557272729560079,0.826862063755299,0.772943164660519,0.5964077413141391,0.48851484076299295,0.42715626782023897,0.38878486765723896
0.339575666556631,0.409215723532397,0.48387009911933293,0.554077863272446,0.6061707980014189,0.7091159072615659,0.806666303335173,0.8746501660385569,0.915282702335677,0.9386374097372959,0.9620182375246971,0.9794370240522049,0.9905645284554649,0.9954268656616451,1.0,0.995235475773138,0.9848842364574302,0.972540395417403,0.961863112273296,0.95640155542539,0.949803918018299,0.9425718921867929,0.9350474571239771,0.9282822558418471,0.913404318204162,0.890303929020098,0.8610933853294441,0.8057150963785601,0.6221755911976801,0.5098841833365879,0.446006038894201,0.40605373249090204
0.30150840965079306,0.369141967000807,0.442370673094347,0.5124029699356509,0.56617843097703,0.673315318980169,0.776306368091003,0.85017692302515,0.896556215541525,0.9237630868975429,0.9472552556443771,0.964879847546109,0.9763037170930451,0.981544120099722,0.995235475773138,1.0,0.997080169696245,0.9905983983379408,0.983925251341227,0.9797778088439979,0.9742973787365959,0.968020295120905,0.9613168591221979,0.955335213963267,0.9409790473095171,0.9181018358515699,0.888859486021619,0.832305157363009,0.642591490795795,0.526551419413933,0.460545231609295,0.419263231295618
0.269688891032377,0.33530111213003,0.40692616955641797,0.47635522991119505,0.531090755508577,0.6407980139863271,0.7473651207755941,0.8253547603704581,0.8759263952502729,0.9059692975241591,0.929392412568977,0.947060962276133,0.9586409589160619,0.964142605118788,0.9848842364574302,0.997080169696245,1.0,0.9981524829213381,0.9946597395307191,0.9915690905660189,0.9870001036515409,0.981512676930141,0.97549683009901,0.9701686480917678,0.95631661799775,0.933766363168641,0.904693604925797,0.8475943726101122,0.654306993652504,0.5361028157201141,0.46886898800708204,0.4268201608269361
0.243246312251235,0.30697656935232204,0.377026925566107,0.445686439762512,0.500957570905154,0.612252431675786,0.7212204307972059,0.802162221002874,0.8558586484970659,0.8880327893946449,0.9113032690441899,0.928933103772563,0.940589028696338,0.9462755918986271,0.972540395417403,0.9905983983379408,0.9981524829213381,1.0,0.999052369850862,0.9968154681422009,0.992990743597025,0.9881545083299871,0.9827108448103841,0.9779248250633392,0.9645316935079001,0.942335638758789,0.913519073861102,0.856224424705895,0.660899706599802,0.541466616034093,0.47353640866559005,0.431052816186971
0.223401447366502,0.285678414442303,0.3544980193154129,0.42252574194542797,0.47814580136557794,0.590508646640908,0.7011479367606489,0.784196828845039,0.8401549741364449,0.8738591207048291,0.896932342642333,0.914454943382356,0.9260956801958671,0.9318559761741779,0.961863112273296,0.983925251341227,0.9946597395307191,0.999052369850862,1.0,0.9988845138160409,0.996046339618086,0.992080394372838,0.9874071282892092,0.9830713056138102,0.9699682262290681,0.9479936441466109,0.9193346839334159,0.8619310927328471,0.665339945569936,0.54512380107775,0.47674687782894,0.4339835216407629
0.21252947527913899,0.27414810974513004,0.342458462542836,0.41032293751206705,0.46631292989725204,0.5795933466365699,0.691487743412729,0.775968499550005,0.833375073308212,0.867992645155509,0.8908137310092329,0.9081214615333371,0.9195886585802541,0.925218439967241,0.95640155542539,0.9797778088439979,0.9915690905660189,0.9968154681422009,0.9988845138160409,1.0,0.999130060599979,0.996904786563302,0.99377588121653,0.9898305660262621,0.976653488378859,0.95454291728575,0.9257007128555441,0.8680146817727779,0.670337688292259,0.549383505336659,0.480575402929343,0.43753908262254904
0.20253352976195999,0.26345644341934804,0.33119032352813205,0.398784729989688,0.454997565578307,0.568878198609708,0.6816734802360059,0.7672620809831471,0.82584135345301,0.8612014066222851,0.883757480932274,0.9008433393910308,0.9121360004695359,0.917640072914293,0.949803918018299,0.9742973787365959,0.9870001036515409,0.992990743597025,0.996046339618086,0.999130060599979,1.0,0.999316144119323,0.9975569598168791,0.9939638438874692,0.9807458586660899,0.958556204737162,0.9296056713889099,0.8717772137445929,0.673507953829155,0.5521263463694129,0.483065089376164,0.439867534563709
0.19337578022176002,0.253593169908563,0.32071734749642,0.387973931285448,0.444302552630934,0.5585496556666779,0.6719795780270129,0.7584259139294051,0.8179597291284271,0.853926656256215,0.876214931398012,0.893079201063422,0.90420067470689,0.909585276318302,0.9425718921867929,0.968020295120905,0.981512676930141,0.9881545083299871,0.992080394372838,0.996904786563302,0.999316144119323,1.0,0.9994578550023979,0.9961822494027559,0.9829472277823751,0.960719744461288,0.931715288754312,0.873844698768422,0.675338819838196,0.553754865656385,0.484569643957106,0.44129198965781397
0.18499902671675303,0.24451889593092102,0.311022923464551,0.377901289771875,0.43426817057907297,0.548710077701709,0.662574527108805,0.7496850956050821,0.810000319866374,0.8464662145990899,0.8684903831437321,0.885137935813451,0.8960941807095949,0.90136620611121,0.9350474571239771,0.9613168591221979,0.97549683009901,0.9827108448103841,0.9874071282892092,0.99377588121653,0.9975569598168791,0.9994578550023979,1.0,0.9970108797043341,0.9837759229566451,0.9615403410322991,0.9325212580472622,0.874679765353133,0.6761916899250171,0.554567514078969,0.485351548982131,0.44205238826808296
0.175972201106367,0.236197627978325,0.30377772943486303,0.37218173269775606,0.430479654838544,0.544596064529567,0.657656417182581,0.744158469256057,0.80405879887289,0.8402212893535408,0.8618907073556009,0.8782231819691031,0.888909982780695,0.893961515541792,0.9282822558418471,0.955335213963267,0.9701686480917678,0.9779248250633392,0.9830713056138102,0.9898305660262621,0.9939638438874692,0.9961822494027559,0.9970108797043341,1.0,0.994668177589699,0.979818503838525,0.957525519926062,0.9076906680670491,0.71385636068051,0.592088293241005,0.522330349923068,0.47855890085445396
0.165167794900173,0.22603803737614397,0.294667086385688,0.3646322501512921,0.42498251637104995,0.5375602283704249,0.6483652011012171,0.733035235437956,0.791563821753847,0.826817613052011,0.84790612805888,0.8637428445772339,0.8740284102505659,0.8787771874842791,0.913404318204162,0.9409790473095171,0.95631661799775,0.9645316935079001,0.9699682262290681,0.976653488378859,0.9807458586660899,0.9829472277823751,0.9837759229566451,0.994668177589699,1.0,0.995208298160225,0.982156737088036,0.943517587497216,0.7576837998658331,0.636839486073507,0.56699616246077,0.5229943277895921
0.153297464216233,0.21417968728112302,0.28312748420978495,0.35388388143549504,0.41558576211881504,0.525596049686022,0.6331715493104949,0.715270860183582,0.7719225342257721,0.8059676226902079,0.8262977114111469,0.841508443836818,0.85131230689031,0.8557272729560079,0.890303929020098,0.9181018358515699,0.933766363168641,0.942335638758789,0.9479936441466109,0.95454291728575,0.958556204737162,0.960719744461288,0.9615403410322991,0.979818503838525,0.995208298160225,1.0,0.995838985904399,0.9681952449545379,0.7917768484088421,0.6729983156147661,0.603761783701024,0.559974797930954
0.14091163651139801,0.201279797386746,0.269929862806043,0.34081328985164394,0.40324259729053796,0.5099109504543929,0.613548480582218,0.6925435690835041,0.74695719948275,0.779582052169053,0.799029888727983,0.8135259716879859,0.822796302731996,0.826862063755299,0.8610933853294441,0.888859486021619,0.904693604925797,0.913519073861102,0.9193346839334159,0.9257007128555441,0.9296056713889099,0.931715288754312,0.9325212580472622,0.957525519926062,0.982156737088036,0.995838985904399,1.0,0.98284263628087,0.8167214879333341,0.700892993146967,0.6328193013037471,0.589610306550387
0.11453595182079801,0.17356209623459498,0.241282088662574,0.312107921520806,0.37576554785880106,0.4759619890877321,0.572094341972811,0.645286010420101,0.695621599377566,0.72599513573223,0.7448494990197609,0.759092460205433,0.7684547828569379,0.772943164660519,0.8057150963785601,0.832305157363009,0.8475943726101122,0.856224424705895,0.8619310927328471,0.8680146817727779,0.8717772137445929,0.873844698768422,0.874679765353133,0.9076906680670491,0.943517587497216,0.9681952449545379,0.98284263628087,1.0,0.9056455269850171,0.815130817559557,0.758596846094998,0.7217766146465521
0.054045989872788,0.103809360606223,0.161992582737564,0.22448100665608,0.28293451315450896,0.360858286165886,0.43353302727422105,0.48883607722667605,0.52684116613269,0.5505006264219979,0.56742319194133,0.5808489893792271,0.5905241538914521,0.5964077413141391,0.6221755911976801,0.642591490795795,0.654306993652504,0.660899706599802,0.665339945569936,0.670337688292259,0.673507953829155,0.675338819838196,0.6761916899250171,0.71385636068051,0.7576837998658331,0.7917768484088421,0.8167214879333341,0.9056455269850171,1.0,0.9838536079985021,0.9633045952237379,0.947159853912288
0.0254896384539465,0.0685581071403944,0.11945951148218302,0.174931371843474,0.227916638492532,0.29207818130427504,0.350784350603544,0.39544167783952794,0.42611517636133,0.445616542613323,0.46077656859393,0.473106004322092,0.48237168202380604,0.48851484076299295,0.5098841833365879,0.526551419413933,0.5361028157201141,0.541466616034093,0.54512380107775,0.549383505336659,0.5521263463694129,0.553754865656385,0.554567514078969,0.592088293241005,0.636839486073507,0.6729983156147661,0.700892993146967,0.815130817559557,0.9838536079985021,1.0,0.995789511505849,0.989275029317573
0.0105452385753351,0.0496471293322275,0.0961835843811265,0.14736931438787101,0.19689252047984002,0.253204418616168,0.30402334297516603,0.34267069187396804,0.36920620262498705,0.386334447933539,0.400402514045109,0.41201652669879707,0.42095682900431397,0.42715626782023897,0.446006038894201,0.460545231609295,0.46886898800708204,0.47353640866559005,0.47674687782894,0.480575402929343,0.483065089376164,0.484569643957106,0.485351548982131,0.522330349923068,0.56699616246077,0.603761783701024,0.6328193013037471,0.758596846094998,0.9633045952237379,0.995789511505849,1.0,0.9984993438094429
0.0015750264854089,0.0381502288433834,0.0818921489825188,0.130311759323569,0.17756782606565805,0.22896415574620602,0.274867108969751,0.30976885689667893,0.33372574500119107,0.34936748808149504,0.36272671400219103,0.373866687040436,0.38257670392541604,0.38878486765723896,0.40605373249090204,0.419263231295618,0.4268201608269361,0.431052816186971,0.4339835216407629,0.43753908262254904,0.439867534563709,0.44129198965781397,0.44205238826808296,0.47855890085445396,0.5229943277895921,0.559974797930954,0.589610306550387,0.7217766146465521,0.947159853912288,0.989275029317573,0.9984993438094429,1.0
