1.0,0.9511646242166599,0.901080180805619,0.865443271997244,0.831630160631243,0.799120243552543,0.7624937440431608,0.732286795703808,0.6970325308870329,0.670203102400233,0.658349368863926,0.650313862358019,0.631299290420193,0.613950950360447,0.596771763792734,0.564041892299939,0.528847589985876,0.48809185193696997,0.43907747735032904,0.40422330658929706,0.365676935102562,0.307760488820457,0.244677074266055,0.189459856159679,0.10619237318567801,0.0063200142933255606,0.11558624607400698,0.303641461609959,0.5034479411233761,0.48700188715766707,0.27218794977683897,0.14346584234075
0.9511646242166599,1.0,0.973101031623788,0.9359167428856858,0.8992904149428791,0.866745229588072,0.83379347859243,0.807496449665639,0.776211133175558,0.751693848530533,0.740338080747444,0.73227178787167,0.7132953586590091,0.694151469377164,0.673236806362848,0.641087296408139,0.6055741389249489,0.563774820634905,0.5135528443471421,0.47521160070151097,0.43415012565725297,0.374280377876114,0.305123713339584,0.24274533361871103,0.14919332866432902,0.0411268407645006,0.0892963434871266,0.28973290201499796,0.49304685275883203,0.4977559722747079,0.280844777402448,0.143638234955835
0.901080180805619,0.973101031623788,1.0,0.980106549960855,0.9434532004300842,0.913799989437249,0.8844549032301091,0.8618906051460459,0.835900542209705,0.812560839369786,0.8006426092119642,0.79174536988684,0.774413533277429,0.755864289351809,0.7354882573390441,0.7046619473520171,0.670586999955291,0.629610991148,0.582996040782818,0.545806669307887,0.50540614768463,0.44651132293285206,0.375754856243658,0.30715249944943396,0.212204207549803,0.10036221524382198,0.0380344659854447,0.252057660563892,0.46084057973683,0.48167069321739003,0.27171203162459695,0.105577876767496
0.865443271997244,0.9359167428856858,0.980106549960855,1.0,0.9809140969855541,0.952829112454636,0.923566153779148,0.9023208679546291,0.8758577418778729,0.8499313405673591,0.836048536432891,0.8267893300085319,0.808499972689507,0.788887948927636,0.769161739918217,0.7392402672904709,0.707101089452692,0.6699895590913729,0.624660380467859,0.587324033393414,0.552018773372282,0.49431097886128406,0.42607186336030395,0.355443453513614,0.255793487092265,0.14338789682181,0.00325393516389303,0.218396038282892,0.42485570896268005,0.45281101855835,0.246127265125204,0.0785385528395535
0.831630160631243,0.8992904149428791,0.9434532004300842,0.9809140969855541,1.0,0.9847746918064121,0.9551345437693121,0.935670137429708,0.9096650299694592,0.8829475956309519,0.8654771168443341,0.8548175899653009,0.8358032549423521,0.814822919821277,0.796737196521646,0.769343697369408,0.737339287934922,0.703522694538759,0.6593251889909789,0.6211777637075551,0.5890110389191321,0.532653639287281,0.46436522592263296,0.39364225222215793,0.29161637183895,0.187713263560137,0.0507546811620989,0.17728353331521698,0.38309102992756394,0.41860948772633394,0.214889978220821,0.0757292294955971
0.799120243552543,0.866745229588072,0.913799989437249,0.952829112454636,0.9847746918064121,1.0,0.98405495901144,0.96556848677262,0.94158097646528,0.917683867999933,0.8998770685164091,0.888872586544823,0.8719955446517751,0.8523635694961071,0.8335396312778391,0.807596908748266,0.7771501501301651,0.744456664602004,0.704445987918068,0.667451517159384,0.6351903819866689,0.578211101623704,0.511533060222504,0.44183059285119103,0.34166898095140597,0.24108530858836,0.10680352703553399,0.12228424398378199,0.3307927226631,0.3779767632624771,0.18880475062440302,0.0593215921020172
0.7624937440431608,0.83379347859243,0.8844549032301091,0.923566153779148,0.9551345437693121,0.98405495901144,1.0,0.989200665211832,0.9659013117774391,0.9450054690540959,0.927377604515667,0.916089599759739,0.901423453652388,0.883697289125886,0.8644763538767231,0.841128162593486,0.813245441779557,0.7823079745361731,0.7446559281989751,0.7078588687814058,0.675637227819982,0.623072056435874,0.55894947476486,0.49158779028674,0.39168395431598296,0.287734175244819,0.15481409548515898,0.0688141564653417,0.27797448395368296,0.335171993026377,0.16506025247582198,0.0436061408219842
0.732286795703808,0.807496449665639,0.8618906051460459,0.9023208679546291,0.935670137429708,0.96556848677262,0.989200665211832,1.0,0.98225623804958,0.9622887130943499,0.945302638160854,0.935938151386693,0.9229966061629209,0.906027143407917,0.885609408929978,0.8638857701713059,0.8373174643683371,0.806992273206596,0.7694980664021001,0.7325233788131541,0.700514540993651,0.64943458511801,0.587705199189739,0.521347702648908,0.42421480166458503,0.319664320051068,0.18638458945783998,0.0358361192726075,0.24495859163935002,0.308117423906276,0.151138877211505,0.0421085334749294
0.6970325308870329,0.776211133175558,0.835900542209705,0.8758577418778729,0.9096650299694592,0.94158097646528,0.9659013117774391,0.98225623804958,1.0,0.9842685547461751,0.969487720029298,0.9599718100350341,0.946060683659054,0.929245410373913,0.909350425730447,0.888044361708315,0.861287463843104,0.8317900233982649,0.7982556232656122,0.76473960589973,0.735349031029105,0.685352966534663,0.6260658825996049,0.562356326682011,0.46354929564155795,0.360916298075631,0.228438694616672,0.00539656969496595,0.21221494166920798,0.289283491174559,0.13980815231776098,0.0340732485882971
0.670203102400233,0.751693848530533,0.812560839369786,0.8499313405673591,0.8829475956309519,0.917683867999933,0.9450054690540959,0.9622887130943499,0.9842685547461751,1.0,0.9868305683041521,0.977274509845511,0.9621767939906051,0.947113698502302,0.9284480458295129,0.9085814811066851,0.8843142782026391,0.8576124283224841,0.8270409823080009,0.7931975706374941,0.764122951060757,0.7154979266545699,0.655261626566859,0.594381272860926,0.49719320138963596,0.39337924638734795,0.25994140700619,0.0369664626471275,0.1807959895476,0.259827386188764,0.125465533500735,0.0136964858182331
0.658349368863926,0.740338080747444,0.8006426092119642,0.836048536432891,0.8654771168443341,0.8998770685164091,0.927377604515667,0.945302638160854,0.969487720029298,0.9868305683041521,1.0,0.9913864492463159,0.9759002873549191,0.961772724538716,0.9430850066846479,0.9233549578718809,0.899941750773759,0.8736055759247949,0.8427397021813672,0.8087968063367741,0.777240744686958,0.7317665751024219,0.6746147883904511,0.615221526457911,0.523803029166418,0.422427071931488,0.290769872464036,0.066648666409587,0.15255909590551,0.24149033325355998,0.11724926551804402,0.00987858672338458
0.650313862358019,0.73227178787167,0.79174536988684,0.8267893300085319,0.8548175899653009,0.888872586544823,0.916089599759739,0.935938151386693,0.9599718100350341,0.977274509845511,0.9913864492463159,1.0,0.989181112326338,0.9750628425685841,0.9563994973979771,0.93704082516549,0.914667432764553,0.8888319036190251,0.85793308976877,0.8252294462730649,0.7934781996095741,0.7488023842069058,0.6934462397751849,0.633633194316251,0.545065068286267,0.445310028879814,0.311356040588925,0.0847010221040867,0.13590484376194098,0.226362876309774,0.107597664699073,0.00525943704367606
0.631299290420193,0.7132953586590091,0.774413533277429,0.808499972689507,0.8358032549423521,0.8719955446517751,0.901423453652388,0.9229966061629209,0.946060683659054,0.9621767939906051,0.9759002873549191,0.989181112326338,1.0,0.991331075858621,0.974030519686575,0.9555985193446809,0.9353022996582671,0.911412898591011,0.882003240933665,0.8513833679863531,0.819537155341855,0.776691310622673,0.724328112353967,0.6648485105303211,0.578255305481616,0.47859499774197295,0.34597925769436305,0.12052388342318801,0.10286619937689999,0.207225640584663,0.0983057983269489,0.006238108286740211
0.613950950360447,0.694151469377164,0.755864289351809,0.788887948927636,0.814822919821277,0.8523635694961071,0.883697289125886,0.906027143407917,0.929245410373913,0.947113698502302,0.961772724538716,0.9750628425685841,0.991331075858621,1.0,0.9893627201638149,0.9714983353052671,0.9517252774674991,0.9293914172893349,0.902170898308254,0.87207032236129,0.841371124437985,0.800628830127773,0.7499829847633409,0.691900482548185,0.6075252480103199,0.5097626055786579,0.3802789742497829,0.158930309056754,0.0664378246914337,0.17511232239114902,0.0815399124234219,0.0174535096138955
0.596771763792734,0.673236806362848,0.7354882573390441,0.769161739918217,0.796737196521646,0.8335396312778391,0.8644763538767231,0.885609408929978,0.909350425730447,0.9284480458295129,0.9430850066846479,0.9563994973979771,0.974030519686575,0.9893627201638149,1.0,0.9905357403681601,0.97218498492277,0.951584815064197,0.925402854908721,0.8971020051591321,0.8687583115566311,0.828601833687683,0.7797851395661121,0.7252680008747969,0.6444506369066639,0.5499242349026551,0.42022757684489703,0.197970086786798,0.026949735406568,0.142728695031299,0.0611076767337568,0.0301607076998681
0.564041892299939,0.641087296408139,0.7046619473520171,0.7392402672904709,0.769343697369408,0.807596908748266,0.841128162593486,0.8638857701713059,0.888044361708315,0.9085814811066851,0.9233549578718809,0.93704082516549,0.9555985193446809,0.9714983353052671,0.9905357403681601,1.0,0.991060248364198,0.9719945648872629,0.947398617931785,0.920249709965371,0.8927169494656729,0.8540074794620072,0.8064931354648341,0.75470437597648,0.6763640219140721,0.584806723486398,0.45736861823091707,0.238955865684135,0.0195066226091853,0.10770115019374801,0.044433759764719,0.0338774815913848
0.528847589985876,0.6055741389249489,0.670586999955291,0.707101089452692,0.737339287934922,0.7771501501301651,0.813245441779557,0.8373174643683371,0.861287463843104,0.8843142782026391,0.899941750773759,0.914667432764553,0.9353022996582671,0.9517252774674991,0.97218498492277,0.991060248364198,1.0,0.989654334719917,0.9681701913924939,0.943274385046999,0.9163793858343041,0.880057238478245,0.834419805008128,0.7840048302010891,0.7097317362516229,0.6195780749151589,0.49453167277145604,0.27987990538074503,0.0648172463729307,0.0735533697191202,0.0198366944085779,0.0550339056843051
0.48809185193696997,0.563774820634905,0.629610991148,0.6699895590913729,0.703522694538759,0.744456664602004,0.7823079745361731,0.806992273206596,0.8317900233982649,0.8576124283224841,0.8736055759247949,0.8888319036190251,0.911412898591011,0.9293914172893349,0.951584815064197,0.9719945648872629,0.989654334719917,1.0,0.988546711294994,0.965460606083711,0.939615576801208,0.9054425317893571,0.8628025281432359,0.8138631382852242,0.7432806472844871,0.656932377395351,0.53751160941539,0.32871258197225606,0.11531345587239901,0.0347058917292189,0.0134158388523573,0.0823447702771347
0.43907747735032904,0.5135528443471421,0.582996040782818,0.624660380467859,0.6593251889909789,0.704445987918068,0.7446559281989751,0.7694980664021001,0.7982556232656122,0.8270409823080009,0.8427397021813672,0.85793308976877,0.882003240933665,0.902170898308254,0.925402854908721,0.947398617931785,0.9681701913924939,0.988546711294994,1.0,0.9874060836871239,0.964428179759361,0.931966209952116,0.8907286421358621,0.8443496291093979,0.77781459885018,0.6982960979231279,0.5856615335262211,0.38268931701393105,0.16844732654559602,0.0037486345161256702,0.0463212393391254,0.0979278935838158
0.40422330658929706,0.47521160070151097,0.545806669307887,0.587324033393414,0.6211777637075551,0.667451517159384,0.7078588687814058,0.7325233788131541,0.76473960589973,0.7931975706374941,0.8087968063367741,0.8252294462730649,0.8513833679863531,0.87207032236129,0.8971020051591321,0.920249709965371,0.943274385046999,0.965460606083711,0.9874060836871239,1.0,0.984412843936361,0.954584262200896,0.915081667895641,0.872170310024191,0.811605152193397,0.7380870673460621,0.6301501907506379,0.43475358067007,0.21842623314873602,0.0359068558361642,0.0702901310776695,0.11853772129400099
0.365676935102562,0.43415012565725297,0.50540614768463,0.552018773372282,0.5890110389191321,0.6351903819866689,0.675637227819982,0.700514540993651,0.735349031029105,0.764122951060757,0.777240744686958,0.7934781996095741,0.819537155341855,0.841371124437985,0.8687583115566311,0.8927169494656729,0.9163793858343041,0.939615576801208,0.964428179759361,0.984412843936361,1.0,0.9796500422349229,0.943898201812818,0.9034119704377891,0.8466320365139308,0.774501104999167,0.668635604671187,0.477222715243239,0.26213815705428695,0.0651753404155885,0.0959965565013065,0.12799549797266302
0.307760488820457,0.374280377876114,0.44651132293285206,0.49431097886128406,0.532653639287281,0.578211101623704,0.623072056435874,0.64943458511801,0.685352966534663,0.7154979266545699,0.7317665751024219,0.7488023842069058,0.776691310622673,0.800628830127773,0.828601833687683,0.8540074794620072,0.880057238478245,0.9054425317893571,0.931966209952116,0.954584262200896,0.9796500422349229,1.0,0.9729286281327281,0.9370626402943921,0.8843515072820359,0.8164759939316121,0.7206831460895792,0.543756787273126,0.33863478512280504,0.13229500337421402,0.134559187200185,0.149605880152708
0.244677074266055,0.305123713339584,0.375754856243658,0.42607186336030395,0.46436522592263296,0.511533060222504,0.55894947476486,0.587705199189739,0.6260658825996049,0.655261626566859,0.6746147883904511,0.6934462397751849,0.724328112353967,0.7499829847633409,0.7797851395661121,0.8064931354648341,0.834419805008128,0.8628025281432359,0.8907286421358621,0.915081667895641,0.943898201812818,0.9729286281327281,1.0,0.971705588899251,0.9260955887644591,0.8608120121901421,0.77447989219567,0.6114412528251529,0.407083587072636,0.18466758572311603,0.167907013559275,0.197453461667976
0.189459856159679,0.24274533361871103,0.30715249944943396,0.355443453513614,0.39364225222215793,0.44183059285119103,0.49158779028674,0.521347702648908,0.562356326682011,0.594381272860926,0.615221526457911,0.633633194316251,0.6648485105303211,0.691900482548185,0.7252680008747969,0.75470437597648,0.7840048302010891,0.8138631382852242,0.8443496291093979,0.872170310024191,0.9034119704377891,0.9370626402943921,0.971705588899251,1.0,0.9621377269895351,0.899946509184275,0.818325990690079,0.659601330009148,0.467959389172035,0.256610585130286,0.21835099620959803,0.210891391982375
0.10619237318567801,0.14919332866432902,0.212204207549803,0.255793487092265,0.29161637183895,0.34166898095140597,0.39168395431598296,0.42421480166458503,0.46354929564155795,0.49719320138963596,0.523803029166418,0.545065068286267,0.578255305481616,0.6075252480103199,0.6444506369066639,0.6763640219140721,0.7097317362516229,0.7432806472844871,0.77781459885018,0.811605152193397,0.8466320365139308,0.8843515072820359,0.9260955887644591,0.9621377269895351,1.0,0.961134395175523,0.8930160799887871,0.754812529081712,0.57071051506554,0.3255586733997,0.249283855372225,0.23920840393336804
0.0063200142933255606,0.0411268407645006,0.10036221524382198,0.14338789682181,0.187713263560137,0.24108530858836,0.287734175244819,0.319664320051068,0.360916298075631,0.39337924638734795,0.422427071931488,0.445310028879814,0.47859499774197295,0.5097626055786579,0.5499242349026551,0.584806723486398,0.6195780749151589,0.656932377395351,0.6982960979231279,0.7380870673460621,0.774501104999167,0.8164759939316121,0.8608120121901421,0.899946509184275,0.961134395175523,1.0,0.9562184917626501,0.829742026180743,0.6611575998144,0.39513805867887297,0.297072880885362,0.252129957964174
0.11558624607400698,0.0892963434871266,0.0380344659854447,0.00325393516389303,0.0507546811620989,0.10680352703553399,0.15481409548515898,0.18638458945783998,0.228438694616672,0.25994140700619,0.290769872464036,0.311356040588925,0.34597925769436305,0.3802789742497829,0.42022757684489703,0.45736861823091707,0.49453167277145604,0.53751160941539,0.5856615335262211,0.6301501907506379,0.668635604671187,0.7206831460895792,0.77447989219567,0.818325990690079,0.8930160799887871,0.9562184917626501,1.0,0.9298829749484971,0.777058805956172,0.49640158355104497,0.37118989336740293,0.26830876651596197
0.303641461609959,0.28973290201499796,0.252057660563892,0.218396038282892,0.17728353331521698,0.12228424398378199,0.0688141564653417,0.0358361192726075,0.00539656969496595,0.0369664626471275,0.066648666409587,0.0847010221040867,0.12052388342318801,0.158930309056754,0.197970086786798,0.238955865684135,0.27987990538074503,0.32871258197225606,0.38268931701393105,0.43475358067007,0.477222715243239,0.543756787273126,0.6114412528251529,0.659601330009148,0.754812529081712,0.829742026180743,0.9298829749484971,1.0,0.9200021404609259,0.620753494915873,0.42645304107272497,0.276252080710551
0.5034479411233761,0.49304685275883203,0.46084057973683,0.42485570896268005,0.38309102992756394,0.3307927226631,0.27797448395368296,0.24495859163935002,0.21221494166920798,0.1807959895476,0.15255909590551,0.13590484376194098,0.10286619937689999,0.0664378246914337,0.026949735406568,0.0195066226091853,0.0648172463729307,0.11531345587239901,0.16844732654559602,0.21842623314873602,0.26213815705428695,0.33863478512280504,0.407083587072636,0.467959389172035,0.57071051506554,0.6611575998144,0.777058805956172,0.9200021404609259,1.0,0.750736124382977,0.49821203055737706,0.295956736842878
0.48700188715766707,0.4977559722747079,0.48167069321739003,0.45281101855835,0.41860948772633394,0.3779767632624771,0.335171993026377,0.308117423906276,0.289283491174559,0.259827386188764,0.24149033325355998,0.226362876309774,0.207225640584663,0.17511232239114902,0.142728695031299,0.10770115019374801,0.0735533697191202,0.0347058917292189,0.0037486345161256702,0.0359068558361642,0.0651753404155885,0.13229500337421402,0.18466758572311603,0.256610585130286,0.3255586733997,0.39513805867887297,0.49640158355104497,0.620753494915873,0.750736124382977,1.0,0.7748014326204109,0.29690569590733396
0.27218794977683897,0.280844777402448,0.27171203162459695,0.246127265125204,0.214889978220821,0.18880475062440302,0.16506025247582198,0.151138877211505,0.13980815231776098,0.125465533500735,0.11724926551804402,0.107597664699073,0.0983057983269489,0.0815399124234219,0.0611076767337568,0.044433759764719,0.0198366944085779,0.0134158388523573,0.0463212393391254,0.0702901310776695,0.0959965565013065,0.134559187200185,0.167907013559275,0.21835099620959803,0.249283855372225,0.297072880885362,0.37118989336740293,0.42645304107272497,0.49821203055737706,0.7748014326204109,1.0,0.43520586216742896
0.14346584234075,0.143638234955835,0.105577876767496,0.0785385528395535,0.0757292294955971,0.0593215921020172,0.0436061408219842,0.0421085334749294,0.0340732485882971,0.0136964858182331,0.00987858672338458,0.00525943704367606,0.006238108286740211,0.0174535096138955,0.0301607076998681,0.0338774815913848,0.0550339056843051,0.0823447702771347,0.0979278935838158,0.11853772129400099,0.12799549797266302,0.149605880152708,0.197453461667976,0.210891391982375,0.23920840393336804,0.252129957964174,0.26830876651596197,0.276252080710551,0.295956736842878,0.29690569590733396,0.43520586216742896,1.0
