1.0,0.867557109129356,0.8340603206008929,0.813908144936838,0.8123856559392499,0.808784661976024,0.7988652003391249,0.7983566933066429,0.795202093078665,0.7931818991200021,0.789316933754226,0.781908174944214,0.773379047837739,0.7710698239670492,0.768349511798213,0.7652255632776409,0.765365963316771,0.7639148735009101,0.7594104286197092,0.757626066867772,0.755863931530861,0.750877909440158,0.7470630665749302,0.7465514487699241,0.739031139617501,0.7329587815457529,0.725099689232305,0.716561726195185,0.6999614732670141,0.670897165220525,0.5707946259802629,0.11551782855467099
0.867557109129356,1.0,0.965906810903519,0.9415827107416891,0.927331851561351,0.920273915683385,0.912309981794305,0.9081842690481641,0.903771404341698,0.9001561474189369,0.8950241064682,0.887055387620364,0.876975036509206,0.871761121359213,0.868782733886903,0.8658563606352858,0.863824235926182,0.861719678946034,0.8597925521042199,0.858658113253623,0.857762019301307,0.854688592331124,0.8532951138221899,0.8544694359728241,0.847773165058395,0.840765816808433,0.8321635078429659,0.818769851731634,0.802217273453843,0.7712173185588191,0.671763511079096,0.14741145397021602
0.8340603206008929,0.965906810903519,1.0,0.976581462166051,0.9624250137839321,0.9538345949497479,0.946980944156027,0.9414796974299109,0.935929917849842,0.931718558998977,0.926562259081015,0.9188515145527841,0.910361015091981,0.904848565338578,0.9014594232571569,0.897097835645601,0.894851820986816,0.89379478069967,0.892097766739079,0.8904013353430891,0.889294790430555,0.885382570046265,0.8824709732420741,0.8831575259180542,0.8754517139707841,0.8660972541438459,0.8572526248325409,0.8438469278605001,0.826917144332464,0.793355384188149,0.692973317321247,0.14833979789334198
0.813908144936838,0.9415827107416891,0.976581462166051,1.0,0.98832920961769,0.978602405659903,0.9687375156495859,0.962359878662602,0.9565009935960379,0.9519245689580891,0.94610205800963,0.9394925793906771,0.931472664225162,0.926981319991376,0.923494036401287,0.9195254070806891,0.91696764603625,0.9157034724819821,0.914602179982563,0.912433200628528,0.9112189816059301,0.907719066216491,0.9049983945071569,0.906083101990565,0.899512937124757,0.8925753506142591,0.8828038762394549,0.869580084323541,0.8530733012720371,0.8210165719474309,0.718927226075814,0.160184549526943
0.8123856559392499,0.927331851561351,0.9624250137839321,0.98832920961769,1.0,0.9912698099854709,0.9810309793432049,0.973611291661794,0.967397213009532,0.9623504088327621,0.956027760171387,0.949047082409124,0.9408899586343921,0.9358433076551619,0.9325419785050642,0.9282864597831909,0.9259908964114,0.92460463154054,0.923958106631771,0.9214391869725269,0.9201287213467709,0.917141881256279,0.9146924234373809,0.9147012807251999,0.907747256631259,0.9013715191250681,0.8914096823935521,0.8786656454883979,0.8619046642665831,0.830794895912813,0.726334662461458,0.165427568370888
0.808784661976024,0.920273915683385,0.9538345949497479,0.978602405659903,0.9912698099854709,1.0,0.992102302193881,0.984750866624324,0.978756255068136,0.9732422419301691,0.9673557709672891,0.960655511320923,0.952417825026775,0.946867562629043,0.942848966417187,0.9381911336806958,0.936049933292997,0.9341869108545459,0.9334632051067281,0.930518248781771,0.928952168272571,0.925587195425228,0.923528876260352,0.9231832814166949,0.917043328370569,0.9096206265236859,0.8990864334314871,0.8865323341199051,0.8693834840758571,0.83869734762206,0.734807279797813,0.18061618638136398
0.7988652003391249,0.912309981794305,0.946980944156027,0.9687375156495859,0.9810309793432049,0.992102302193881,1.0,0.9935944900559449,0.987202303342244,0.981157410690361,0.9749305631852621,0.967886217371623,0.9600448823599091,0.9541348336774351,0.9494823235948059,0.944791783821871,0.9424022411976599,0.9399805054045799,0.93947298011122,0.936699234191871,0.9350364612246059,0.931583441079542,0.928903085338898,0.928413354780962,0.9224143136049341,0.9158261573939058,0.9056641858074459,0.893667769677216,0.8771408625723491,0.8476158596133292,0.745772156071697,0.18956478612122302
0.7983566933066429,0.9081842690481641,0.9414796974299109,0.962359878662602,0.973611291661794,0.984750866624324,0.9935944900559449,1.0,0.9947207905582671,0.987981499189325,0.9811422231344309,0.9742335610657009,0.9662767101464741,0.9604130493839119,0.955606833589468,0.950716621030547,0.9481480464628871,0.9454188164423509,0.9439443608886958,0.941432813970845,0.9395250049060648,0.936784950991127,0.9337910437683911,0.932658634377636,0.926835463941448,0.919996564338122,0.9107869127194309,0.8994629196762979,0.8831881050298279,0.8523811698349271,0.7508384371019059,0.19001021847246602
0.795202093078665,0.903771404341698,0.935929917849842,0.9565009935960379,0.967397213009532,0.978756255068136,0.987202303342244,0.9947207905582671,1.0,0.994783256921445,0.9891370482831692,0.982721212430451,0.975067211546013,0.9690917987918442,0.96431380421003,0.959871299158992,0.957210935471706,0.9547280760958371,0.9530317869146091,0.9504736539599129,0.948727438200284,0.9462740144871241,0.9435791576923258,0.9425653705738141,0.936915805525189,0.930928400953504,0.9224578368118879,0.9120670599496851,0.89693797879907,0.865952691539958,0.7623906496846341,0.199490617584993
0.7931818991200021,0.9001561474189369,0.931718558998977,0.9519245689580891,0.9623504088327621,0.9732422419301691,0.981157410690361,0.987981499189325,0.994783256921445,1.0,0.9954025330040109,0.989945157642504,0.9829785275406049,0.977021521324114,0.971891661418192,0.967508419489754,0.9646105392901891,0.9616045077319659,0.9594289101536949,0.9566975587281621,0.954496306172991,0.952076481003254,0.9491415091880759,0.9478657840480551,0.942259397122418,0.9365635217508459,0.928771725339538,0.9183692898464191,0.903489896792558,0.873887485159961,0.771181133189736,0.20300937415103598
0.789316933754226,0.8950241064682,0.926562259081015,0.94610205800963,0.956027760171387,0.9673557709672891,0.9749305631852621,0.9811422231344309,0.9891370482831692,0.9954025330040109,1.0,0.9961694302064091,0.9902715025956959,0.984772478677311,0.9798700828977759,0.975242861194756,0.971925592104533,0.968354647670175,0.9656975024568739,0.9626656753872171,0.9600426090078871,0.9574791824902141,0.95463253472136,0.9534222251546809,0.9480354799048579,0.942467267975287,0.935410111270006,0.9246581394307158,0.909693595466402,0.880660394576199,0.780199107591385,0.20857408078756798
0.781908174944214,0.887055387620364,0.9188515145527841,0.9394925793906771,0.949047082409124,0.960655511320923,0.967886217371623,0.9742335610657009,0.982721212430451,0.989945157642504,0.9961694302064091,1.0,0.9962813653830149,0.991775792774609,0.987169083462118,0.9831895744544581,0.979790499134029,0.976092826916008,0.973313541866128,0.9700381672688321,0.967576760168381,0.9651051770879921,0.9623774791163651,0.961338500195395,0.9564069162705701,0.9510156440969599,0.9449102944945441,0.934468707280468,0.9196193160122271,0.892938373335657,0.7920455100103609,0.214353362044017
0.773379047837739,0.876975036509206,0.910361015091981,0.931472664225162,0.9408899586343921,0.952417825026775,0.9600448823599091,0.9662767101464741,0.975067211546013,0.9829785275406049,0.9902715025956959,0.9962813653830149,1.0,0.9962887500961021,0.991606777966185,0.9880302871793929,0.984614739803641,0.981180578615514,0.9786338934800141,0.975086847727001,0.9725714841133649,0.9697922745658449,0.9670200733500309,0.9655499312969391,0.961030851637634,0.9551242791785809,0.948840836148022,0.9382565093561591,0.9237074320971009,0.8983099234184,0.79884840047864,0.22284262003372401
0.7710698239670492,0.871761121359213,0.904848565338578,0.926981319991376,0.9358433076551619,0.946867562629043,0.9541348336774351,0.9604130493839119,0.9690917987918442,0.977021521324114,0.984772478677311,0.991775792774609,0.9962887500961021,1.0,0.9964480462206259,0.992736822391271,0.9888728533994899,0.9848396444046199,0.981889417893058,0.977855361601869,0.9749722933790071,0.972283524883931,0.9695118787491709,0.9679121831047809,0.963792904393398,0.9578886049923149,0.952120695595866,0.9417273981506858,0.9277227885456851,0.903561849525432,0.80381018657447,0.227469603306216
0.768349511798213,0.868782733886903,0.9014594232571569,0.923494036401287,0.9325419785050642,0.942848966417187,0.9494823235948059,0.955606833589468,0.96431380421003,0.971891661418192,0.9798700828977759,0.987169083462118,0.991606777966185,0.9964480462206259,1.0,0.9969327058433579,0.993197757342028,0.989301252096551,0.9861420139383121,0.9824251925082159,0.9800040465600258,0.976986044074422,0.97412860092045,0.9719951253558751,0.9677101351135309,0.96147502946618,0.956454899249422,0.9461758114887309,0.9320991736255378,0.908502969568957,0.8088677690890479,0.23027416419405103
0.7652255632776409,0.8658563606352858,0.897097835645601,0.9195254070806891,0.9282864597831909,0.9381911336806958,0.944791783821871,0.950716621030547,0.959871299158992,0.967508419489754,0.975242861194756,0.9831895744544581,0.9880302871793929,0.992736822391271,0.9969327058433579,1.0,0.9968105713195551,0.993030292666179,0.989890063037595,0.9864355563084809,0.983872151836565,0.9808802017857351,0.9775790736200981,0.975032691791047,0.970543259402425,0.964657313759158,0.959917302562678,0.9498037267134101,0.93616814139954,0.912328021759447,0.8126481612278721,0.234913917381165
0.765365963316771,0.863824235926182,0.894851820986816,0.91696764603625,0.9259908964114,0.936049933292997,0.9424022411976599,0.9481480464628871,0.957210935471706,0.9646105392901891,0.971925592104533,0.979790499134029,0.984614739803641,0.9888728533994899,0.993197757342028,0.9968105713195551,1.0,0.997001737881818,0.993889219968828,0.990386435403945,0.987574320237389,0.984529388969837,0.9810202983975419,0.9781973697585179,0.9739123663562271,0.9674171293477041,0.9624580785310229,0.952558294299747,0.9383783114174621,0.912463457210999,0.812723838430885,0.237584787784885
0.7639148735009101,0.861719678946034,0.89379478069967,0.9157034724819821,0.92460463154054,0.9341869108545459,0.9399805054045799,0.9454188164423509,0.9547280760958371,0.9616045077319659,0.968354647670175,0.976092826916008,0.981180578615514,0.9848396444046199,0.989301252096551,0.993030292666179,0.997001737881818,1.0,0.997247497853788,0.9937703224243849,0.990967545383235,0.987354104387117,0.9835930141133209,0.980417949114593,0.9765900499305951,0.9704633177249159,0.964987508175251,0.9551105310253949,0.9413404581207729,0.91295055499954,0.813226240116887,0.23389785834901
0.7594104286197092,0.8597925521042199,0.892097766739079,0.914602179982563,0.923958106631771,0.9334632051067281,0.93947298011122,0.9439443608886958,0.9530317869146091,0.9594289101536949,0.9656975024568739,0.973313541866128,0.9786338934800141,0.981889417893058,0.9861420139383121,0.989890063037595,0.993889219968828,0.997247497853788,1.0,0.996578837543625,0.993714882322332,0.9900360220346179,0.985993416740557,0.9827352216980221,0.978845167980144,0.97332386565868,0.967576822954486,0.9578548862665319,0.94509897214775,0.9169596123993109,0.8183191038415181,0.239825542214846
0.757626066867772,0.858658113253623,0.8904013353430891,0.912433200628528,0.9214391869725269,0.930518248781771,0.936699234191871,0.941432813970845,0.9504736539599129,0.9566975587281621,0.9626656753872171,0.9700381672688321,0.975086847727001,0.977855361601869,0.9824251925082159,0.9864355563084809,0.990386435403945,0.9937703224243849,0.996578837543625,1.0,0.997548964489004,0.9937912462768291,0.989192349887653,0.985499445701247,0.9813807071006649,0.9755316306110581,0.9695187047764692,0.9600211725954341,0.946922431401035,0.920489998510991,0.8233942842658579,0.240246134802411
0.755863931530861,0.857762019301307,0.889294790430555,0.9112189816059301,0.9201287213467709,0.928952168272571,0.9350364612246059,0.9395250049060648,0.948727438200284,0.954496306172991,0.9600426090078871,0.967576760168381,0.9725714841133649,0.9749722933790071,0.9800040465600258,0.983872151836565,0.987574320237389,0.990967545383235,0.993714882322332,0.997548964489004,1.0,0.996855265150077,0.9919297196532729,0.9879050979520071,0.9839027127946691,0.9779727760765459,0.9716638595480741,0.96242690594049,0.9496290878037691,0.921992177825205,0.8243329826508059,0.23564890984332698
0.750877909440158,0.854688592331124,0.885382570046265,0.907719066216491,0.917141881256279,0.925587195425228,0.931583441079542,0.936784950991127,0.9462740144871241,0.952076481003254,0.9574791824902141,0.9651051770879921,0.9697922745658449,0.972283524883931,0.976986044074422,0.9808802017857351,0.984529388969837,0.987354104387117,0.9900360220346179,0.9937912462768291,0.996855265150077,1.0,0.995970799819139,0.9916757715550141,0.987438152328445,0.9810931665041159,0.975014578843735,0.965817336057317,0.952470605698412,0.925026191569462,0.827710209838853,0.24530231938348898
0.7470630665749302,0.8532951138221899,0.8824709732420741,0.9049983945071569,0.9146924234373809,0.923528876260352,0.928903085338898,0.9337910437683911,0.9435791576923258,0.9491415091880759,0.95463253472136,0.9623774791163651,0.9670200733500309,0.9695118787491709,0.97412860092045,0.9775790736200981,0.9810202983975419,0.9835930141133209,0.985993416740557,0.989192349887653,0.9919297196532729,0.995970799819139,1.0,0.996270043061989,0.991709889185897,0.984680605174636,0.978329159017232,0.96954413347977,0.9556770590260841,0.927944523661058,0.831211388598585,0.243292033672751
0.7465514487699241,0.8544694359728241,0.8831575259180542,0.906083101990565,0.9147012807251999,0.9231832814166949,0.928413354780962,0.932658634377636,0.9425653705738141,0.9478657840480551,0.9534222251546809,0.961338500195395,0.9655499312969391,0.9679121831047809,0.9719951253558751,0.975032691791047,0.9781973697585179,0.980417949114593,0.9827352216980221,0.985499445701247,0.9879050979520071,0.9916757715550141,0.996270043061989,1.0,0.995829563673362,0.9888433489734191,0.981902186542679,0.973094548700573,0.9585321994191159,0.9290386444774291,0.830996844356631,0.240819874661403
0.739031139617501,0.847773165058395,0.8754517139707841,0.899512937124757,0.907747256631259,0.917043328370569,0.9224143136049341,0.926835463941448,0.936915805525189,0.942259397122418,0.9480354799048579,0.9564069162705701,0.961030851637634,0.963792904393398,0.9677101351135309,0.970543259402425,0.9739123663562271,0.9765900499305951,0.978845167980144,0.9813807071006649,0.9839027127946691,0.987438152328445,0.991709889185897,0.995829563673362,1.0,0.994119855938725,0.9867682347283431,0.978267932948184,0.9642909835724741,0.9332292398790291,0.8343980584825671,0.240853610136917
0.7329587815457529,0.840765816808433,0.8660972541438459,0.8925753506142591,0.9013715191250681,0.9096206265236859,0.9158261573939058,0.919996564338122,0.930928400953504,0.9365635217508459,0.942467267975287,0.9510156440969599,0.9551242791785809,0.9578886049923149,0.96147502946618,0.964657313759158,0.9674171293477041,0.9704633177249159,0.97332386565868,0.9755316306110581,0.9779727760765459,0.9810931665041159,0.984680605174636,0.9888433489734191,0.994119855938725,1.0,0.9934914735082572,0.9851480630595699,0.9730299795786329,0.941249831833701,0.8437650802476171,0.24531985273604698
0.725099689232305,0.8321635078429659,0.8572526248325409,0.8828038762394549,0.8914096823935521,0.8990864334314871,0.9056641858074459,0.9107869127194309,0.9224578368118879,0.928771725339538,0.935410111270006,0.9449102944945441,0.948840836148022,0.952120695595866,0.956454899249422,0.959917302562678,0.9624580785310229,0.964987508175251,0.967576822954486,0.9695187047764692,0.9716638595480741,0.975014578843735,0.978329159017232,0.981902186542679,0.9867682347283431,0.9934914735082572,1.0,0.992155102203763,0.9801751581265579,0.946528554293769,0.848597810076726,0.25085404609941797
0.716561726195185,0.818769851731634,0.8438469278605001,0.869580084323541,0.8786656454883979,0.8865323341199051,0.893667769677216,0.8994629196762979,0.9120670599496851,0.9183692898464191,0.9246581394307158,0.934468707280468,0.9382565093561591,0.9417273981506858,0.9461758114887309,0.9498037267134101,0.952558294299747,0.9551105310253949,0.9578548862665319,0.9600211725954341,0.96242690594049,0.965817336057317,0.96954413347977,0.973094548700573,0.978267932948184,0.9851480630595699,0.992155102203763,1.0,0.9896796507574179,0.957118226304857,0.861348366604085,0.25964589149386397
0.6999614732670141,0.802217273453843,0.826917144332464,0.8530733012720371,0.8619046642665831,0.8693834840758571,0.8771408625723491,0.8831881050298279,0.89693797879907,0.903489896792558,0.909693595466402,0.9196193160122271,0.9237074320971009,0.9277227885456851,0.9320991736255378,0.93616814139954,0.9383783114174621,0.9413404581207729,0.94509897214775,0.946922431401035,0.9496290878037691,0.952470605698412,0.9556770590260841,0.9585321994191159,0.9642909835724741,0.9730299795786329,0.9801751581265579,0.9896796507574179,1.0,0.970080033064193,0.8751125360300699,0.26697604356987803
0.670897165220525,0.7712173185588191,0.793355384188149,0.8210165719474309,0.830794895912813,0.83869734762206,0.8476158596133292,0.8523811698349271,0.865952691539958,0.873887485159961,0.880660394576199,0.892938373335657,0.8983099234184,0.903561849525432,0.908502969568957,0.912328021759447,0.912463457210999,0.91295055499954,0.9169596123993109,0.920489998510991,0.921992177825205,0.925026191569462,0.927944523661058,0.9290386444774291,0.9332292398790291,0.941249831833701,0.946528554293769,0.957118226304857,0.970080033064193,1.0,0.924874712869415,0.317073428210518
0.5707946259802629,0.671763511079096,0.692973317321247,0.718927226075814,0.726334662461458,0.734807279797813,0.745772156071697,0.7508384371019059,0.7623906496846341,0.771181133189736,0.780199107591385,0.7920455100103609,0.79884840047864,0.80381018657447,0.8088677690890479,0.8126481612278721,0.812723838430885,0.813226240116887,0.8183191038415181,0.8233942842658579,0.8243329826508059,0.827710209838853,0.831211388598585,0.830996844356631,0.8343980584825671,0.8437650802476171,0.848597810076726,0.861348366604085,0.8751125360300699,0.924874712869415,1.0,0.39289712476746996
0.11551782855467099,0.14741145397021602,0.14833979789334198,0.160184549526943,0.165427568370888,0.18061618638136398,0.18956478612122302,0.19001021847246602,0.199490617584993,0.20300937415103598,0.20857408078756798,0.214353362044017,0.22284262003372401,0.227469603306216,0.23027416419405103,0.234913917381165,0.237584787784885,0.23389785834901,0.239825542214846,0.240246134802411,0.23564890984332698,0.24530231938348898,0.243292033672751,0.240819874661403,0.240853610136917,0.24531985273604698,0.25085404609941797,0.25964589149386397,0.26697604356987803,0.317073428210518,0.39289712476746996,1.0
