1.0,0.8954136830527951,0.865270841578699,0.8552932061799341,0.846193871763193,0.841147879698883,0.8379649163370531,0.8332908995760171,0.830512352536448,0.827157181270645,0.8237516824024609,0.8221389293533058,0.8206151271821309,0.815511272955104,0.808122495119153,0.801626781128824,0.7948714421149381,0.7901327216596529,0.783268497433787,0.78141335699193,0.7774391120015509,0.7736118676512159,0.769441928444248,0.75932136445163,0.749552125835272,0.74402792608663,0.7320448172993721,0.7181465496322109,0.693940091847176,0.627502477493392,0.46067158532803404,0.23514805465429
0.8954136830527951,1.0,0.975535549949888,0.96314749580973,0.95397337775168,0.948482779066305,0.942609617870791,0.937488403346979,0.9348822320189669,0.929778320197285,0.9259902341371891,0.923346205288047,0.920244904227495,0.915918419256475,0.909489822422093,0.903678654011447,0.898396122011145,0.894011675598148,0.888733346740869,0.886382501054388,0.880992085923845,0.8771021702723679,0.871976317133865,0.8641618841709721,0.8557806234644179,0.8487169888401751,0.8383130609042159,0.8232477010608521,0.794862653080136,0.7177120511824391,0.547220930095007,0.290263816987494
0.865270841578699,0.975535549949888,1.0,0.9894661654741139,0.980828686785814,0.9756839155950551,0.969805167982264,0.964657468555038,0.9613600720578621,0.9558032572689229,0.9525392196977149,0.9497271974607908,0.945909803262198,0.9422789842095691,0.936631371729583,0.9320346246102059,0.9269768164931701,0.9237869560532859,0.918408649127693,0.915482571735298,0.910749233520067,0.907275202622275,0.9028594623733309,0.895661619727472,0.88751212867028,0.8808395940341371,0.8706279448600079,0.855642777756035,0.8268810687760658,0.7509036839215179,0.5806982698893189,0.3196959976121
0.8552932061799341,0.96314749580973,0.9894661654741139,1.0,0.9923319456678531,0.986480392740619,0.980591132804732,0.9756758423435269,0.971666155474312,0.9673497525453221,0.9642973606171751,0.9612212680764459,0.9580723215689159,0.954512702346642,0.948903233464555,0.9444068022629909,0.939282248658462,0.9359571282638269,0.930971967696788,0.9276938287399201,0.923281358777484,0.9199510537855309,0.9156717843350141,0.90845647672454,0.900849957640354,0.8944077016872409,0.884341206707582,0.8691910498781399,0.8411945685530829,0.7655424593716941,0.5931956009469229,0.330173196492049
0.846193871763193,0.95397337775168,0.980828686785814,0.9923319456678531,1.0,0.994894841102027,0.9889825362387059,0.9840895630126929,0.979921855379142,0.9760224648479091,0.9724630750153829,0.968985407492038,0.965323127295704,0.961361341103022,0.955789368934682,0.9509908151755742,0.946198272798344,0.9428889928506841,0.9377787338974529,0.9342354592263231,0.9299975259454201,0.926737694114501,0.922686847118189,0.9157121569485991,0.9084118598162529,0.902430215215934,0.892241538938921,0.8773015266582891,0.849639261301352,0.7739763463053531,0.60481965950353,0.34160472545402504
0.841147879698883,0.948482779066305,0.9756839155950551,0.986480392740619,0.994894841102027,1.0,0.9951473887071178,0.990775258752726,0.986121050244706,0.9819776993546641,0.9786832216096459,0.97505579939506,0.9711576878301931,0.9672175383067649,0.9618546459543921,0.957281206897179,0.953023907327,0.9498142409181041,0.9454145562614201,0.9421577357786609,0.938151359597473,0.935025003286799,0.930914653873004,0.924553594412504,0.917603774853062,0.912003131335119,0.9019740555903779,0.8867989550686909,0.8598985739182009,0.784640291995796,0.616128006083332,0.35144030762483996
0.8379649163370531,0.942609617870791,0.969805167982264,0.980591132804732,0.9889825362387059,0.9951473887071178,1.0,0.9966198961231421,0.992780427223088,0.988914095638162,0.9857460571020991,0.9819001302749659,0.978260028749643,0.974413898371996,0.9693524831311271,0.9645140819676,0.9606455779420021,0.957053417479399,0.953299000066127,0.9504623251511469,0.94616383422582,0.9429532786374971,0.938867459305875,0.932681899687427,0.9258145594067501,0.9200847637422759,0.910049702094279,0.895138399787994,0.8692797380923442,0.7939762079162841,0.626904447832803,0.35903752261012895
0.8332908995760171,0.937488403346979,0.964657468555038,0.9756758423435269,0.9840895630126929,0.990775258752726,0.9966198961231421,1.0,0.9969135947335841,0.993284118674255,0.990301470352232,0.986263454247438,0.982663861068457,0.978864936617065,0.9742253555336751,0.969500085342332,0.9657886913240419,0.9620811033360641,0.958192717577604,0.955282645382414,0.9512217212207359,0.947869826256603,0.943719084788478,0.9377951375074529,0.9313759462217879,0.9258938845332501,0.9162145997019442,0.9013267618789691,0.876209949727951,0.801829110665005,0.63445078281277,0.366986958514394
0.830512352536448,0.9348822320189669,0.9613600720578621,0.971666155474312,0.979921855379142,0.986121050244706,0.992780427223088,0.9969135947335841,1.0,0.9969616775677941,0.9937966844352071,0.9895086133139741,0.985648086909626,0.9817454742451089,0.97715335241535,0.9723623651630101,0.9685090478114341,0.9646290083974419,0.960585170312884,0.9577415029299499,0.953673868303557,0.9503885780858391,0.9460636638744059,0.9405133350741959,0.934442269782265,0.9290778970214421,0.919075406273753,0.9049299083839641,0.8798163503112779,0.8071434355195228,0.637836038980515,0.37213903862967296
0.827157181270645,0.929778320197285,0.9558032572689229,0.9673497525453221,0.9760224648479091,0.9819776993546641,0.988914095638162,0.993284118674255,0.9969616775677941,1.0,0.9975476406111351,0.993672095165517,0.990063486228126,0.985992153008175,0.9813269921283101,0.976944619066325,0.9731062416757271,0.9694345569663081,0.965497067731736,0.9627253612611629,0.958737041417785,0.9552358993082759,0.951224052270975,0.9456798059891559,0.9394307219775891,0.934113766977734,0.9243058292186619,0.909507129789454,0.8845933850951629,0.812925227695086,0.64481618855903,0.3863674558053621
0.8237516824024609,0.9259902341371891,0.9525392196977149,0.9642973606171751,0.9724630750153829,0.9786832216096459,0.9857460571020991,0.990301470352232,0.9937966844352071,0.9975476406111351,1.0,0.9973150967559041,0.9942585011693991,0.991031500942754,0.986877831867822,0.983016394650615,0.9794612909283729,0.9759365189261091,0.97214122971506,0.9692964900285359,0.9657254521675709,0.9622316288026391,0.9582268170549341,0.9527737961818901,0.946617632808628,0.9412463361696071,0.932168116111422,0.9176591134037378,0.893788522658958,0.8215708424069491,0.6523255676846109,0.39678072289705296
0.8221389293533058,0.923346205288047,0.9497271974607908,0.9612212680764459,0.968985407492038,0.97505579939506,0.9819001302749659,0.986263454247438,0.9895086133139741,0.993672095165517,0.9973150967559041,1.0,0.997682215125182,0.994720932364235,0.9908569279836491,0.9869931370712851,0.9834426225345491,0.980142884681198,0.976282682259452,0.9735127724297109,0.970061450005277,0.966619352238155,0.962421224841184,0.956852253333499,0.9504468443671059,0.944961736537404,0.936565794931046,0.92199700458097,0.8992880772641758,0.82736592677353,0.655750261615486,0.396913152515287
0.8206151271821309,0.920244904227495,0.945909803262198,0.9580723215689159,0.965323127295704,0.9711576878301931,0.978260028749643,0.982663861068457,0.985648086909626,0.990063486228126,0.9942585011693991,0.997682215125182,1.0,0.997810514996403,0.994107239290066,0.990162246403316,0.986711758258294,0.983336135059324,0.979498001977154,0.976679808833098,0.9734770218097819,0.9703902151202309,0.966078063897962,0.9605293636541159,0.9545383259532919,0.9491427256677679,0.940921469091752,0.9268147497025729,0.9041978499129709,0.832760190966235,0.6606663303026179,0.40237023955556295
0.815511272955104,0.915918419256475,0.9422789842095691,0.954512702346642,0.961361341103022,0.9672175383067649,0.974413898371996,0.978864936617065,0.9817454742451089,0.985992153008175,0.991031500942754,0.994720932364235,0.997810514996403,1.0,0.9976485132152251,0.9942442948787691,0.9908734675883871,0.987585327638331,0.9837803765585309,0.9807856391933291,0.9776968994397309,0.9743641745739201,0.9702691373395309,0.9653267672992891,0.959844126274211,0.9545932927483181,0.946426091187208,0.9324704526212301,0.9098267916072671,0.838960893652556,0.6687824217957901,0.406030339313938
0.808122495119153,0.909489822422093,0.936631371729583,0.948903233464555,0.955789368934682,0.9618546459543921,0.9693524831311271,0.9742253555336751,0.97715335241535,0.9813269921283101,0.986877831867822,0.9908569279836491,0.994107239290066,0.9976485132152251,1.0,0.9976369137428459,0.994757935354997,0.991694806372743,0.9883389448748741,0.9855070425595659,0.9824505794772049,0.979043546202615,0.9753427270748259,0.9707345348165609,0.9653150951340409,0.9603326794408621,0.9523710922769609,0.9387126323875099,0.9168978550481359,0.8461103693888259,0.679253073194945,0.41603262193057894
0.801626781128824,0.903678654011447,0.9320346246102059,0.9444068022629909,0.9509908151755742,0.957281206897179,0.9645140819676,0.969500085342332,0.9723623651630101,0.976944619066325,0.983016394650615,0.9869931370712851,0.990162246403316,0.9942442948787691,0.9976369137428459,1.0,0.997855100147266,0.995187943295705,0.9917450141245409,0.9887710787962,0.9858455139865859,0.9822682315004658,0.978755452019554,0.9745616709157041,0.969129913684473,0.964047552242858,0.9567931223088559,0.9437373058606521,0.923137035468022,0.853262533147873,0.686145867357201,0.424027777308361
0.7948714421149381,0.898396122011145,0.9269768164931701,0.939282248658462,0.946198272798344,0.953023907327,0.9606455779420021,0.9657886913240419,0.9685090478114341,0.9731062416757271,0.9794612909283729,0.9834426225345491,0.986711758258294,0.9908734675883871,0.994757935354997,0.997855100147266,1.0,0.9979691764863299,0.995193203107067,0.99247000481677,0.9896631563815451,0.98629003245591,0.982815823577564,0.9786881285323091,0.973650257374117,0.968717092992704,0.961709283374978,0.9489834975814959,0.9287931082857901,0.859040949270982,0.6944154020480611,0.43222676854093395
0.7901327216596529,0.894011675598148,0.9237869560532859,0.9359571282638269,0.9428889928506841,0.9498142409181041,0.957053417479399,0.9620811033360641,0.9646290083974419,0.9694345569663081,0.9759365189261091,0.980142884681198,0.983336135059324,0.987585327638331,0.991694806372743,0.995187943295705,0.9979691764863299,1.0,0.997868977364347,0.995359373066008,0.9923802943721161,0.9893838839781239,0.985899577611103,0.9820115572235351,0.977311495384962,0.9720426564743921,0.9656224485860441,0.9534781845570451,0.9338303224613559,0.8645586650670171,0.704336057640692,0.4376572828842779
0.783268497433787,0.888733346740869,0.918408649127693,0.930971967696788,0.9377787338974529,0.9454145562614201,0.953299000066127,0.958192717577604,0.960585170312884,0.965497067731736,0.97214122971506,0.976282682259452,0.979498001977154,0.9837803765585309,0.9883389448748741,0.9917450141245409,0.995193203107067,0.997868977364347,1.0,0.99807740266795,0.9952691551464421,0.9924768895907401,0.9888418194853249,0.9851640964756461,0.9805727285055891,0.975205974694864,0.9691308303957951,0.9572502818606949,0.9380236961029351,0.8689576467037758,0.7093852230388391,0.44026986943845703
0.78141335699193,0.886382501054388,0.915482571735298,0.9276938287399201,0.9342354592263231,0.9421577357786609,0.9504623251511469,0.955282645382414,0.9577415029299499,0.9627253612611629,0.9692964900285359,0.9735127724297109,0.976679808833098,0.9807856391933291,0.9855070425595659,0.9887710787962,0.99247000481677,0.995359373066008,0.99807740266795,1.0,0.997818857790494,0.9951194256901931,0.9914894836978609,0.987860257844134,0.983464841394793,0.978503090903891,0.972543609909124,0.961081383245455,0.9424554850141129,0.874362947732433,0.7144138562976959,0.446646581483856
0.7774391120015509,0.880992085923845,0.910749233520067,0.923281358777484,0.9299975259454201,0.938151359597473,0.94616383422582,0.9512217212207359,0.953673868303557,0.958737041417785,0.9657254521675709,0.970061450005277,0.9734770218097819,0.9776968994397309,0.9824505794772049,0.9858455139865859,0.9896631563815451,0.9923802943721161,0.9952691551464421,0.997818857790494,1.0,0.997852656676981,0.99472269205917,0.991441654736455,0.9870864455006109,0.982354973517506,0.9765995632234059,0.965944440975563,0.947931285188773,0.880042062850077,0.72054152664576,0.45273850918239505
0.7736118676512159,0.8771021702723679,0.907275202622275,0.9199510537855309,0.926737694114501,0.935025003286799,0.9429532786374971,0.947869826256603,0.9503885780858391,0.9552358993082759,0.9622316288026391,0.966619352238155,0.9703902151202309,0.9743641745739201,0.979043546202615,0.9822682315004658,0.98629003245591,0.9893838839781239,0.9924768895907401,0.9951194256901931,0.997852656676981,1.0,0.997681211755721,0.9943232380265741,0.9900932336145442,0.9855122099106759,0.9795106330134499,0.969255299160103,0.9515237695496608,0.883666886716368,0.723623869194019,0.45481485657492204
0.769441928444248,0.871976317133865,0.9028594623733309,0.9156717843350141,0.922686847118189,0.930914653873004,0.938867459305875,0.943719084788478,0.9460636638744059,0.951224052270975,0.9582268170549341,0.962421224841184,0.966078063897962,0.9702691373395309,0.9753427270748259,0.978755452019554,0.982815823577564,0.985899577611103,0.9888418194853249,0.9914894836978609,0.99472269205917,0.997681211755721,1.0,0.997519357056819,0.993402589997008,0.9890721896463691,0.9827028234136179,0.9731444015435,0.9554474048075821,0.8897323798528829,0.73288415252978,0.462190020185823
0.75932136445163,0.8641618841709721,0.895661619727472,0.90845647672454,0.9157121569485991,0.924553594412504,0.932681899687427,0.9377951375074529,0.9405133350741959,0.9456798059891559,0.9527737961818901,0.956852253333499,0.9605293636541159,0.9653267672992891,0.9707345348165609,0.9745616709157041,0.9786881285323091,0.9820115572235351,0.9851640964756461,0.987860257844134,0.991441654736455,0.9943232380265741,0.997519357056819,1.0,0.9971523844807091,0.9930888647744119,0.9875512457548359,0.9786110110842141,0.9618634972224879,0.9000937893621391,0.748639703467936,0.46837210018915204
0.749552125835272,0.8557806234644179,0.88751212867028,0.900849957640354,0.9084118598162529,0.917603774853062,0.9258145594067501,0.9313759462217879,0.934442269782265,0.9394307219775891,0.946617632808628,0.9504468443671059,0.9545383259532919,0.959844126274211,0.9653150951340409,0.969129913684473,0.973650257374117,0.977311495384962,0.9805727285055891,0.983464841394793,0.9870864455006109,0.9900932336145442,0.993402589997008,0.9971523844807091,1.0,0.996460026138043,0.991543478200976,0.9832646289635161,0.967215460343533,0.9077464636075792,0.760470045853713,0.47300386685507595
0.74402792608663,0.8487169888401751,0.8808395940341371,0.8944077016872409,0.902430215215934,0.912003131335119,0.9200847637422759,0.9258938845332501,0.9290778970214421,0.934113766977734,0.9412463361696071,0.944961736537404,0.9491427256677679,0.9545932927483181,0.9603326794408621,0.964047552242858,0.968717092992704,0.9720426564743921,0.975205974694864,0.978503090903891,0.982354973517506,0.9855122099106759,0.9890721896463691,0.9930888647744119,0.996460026138043,1.0,0.995446880196148,0.987496731861479,0.9727875367409371,0.9157994871582791,0.7743720671167159,0.484454001748967
0.7320448172993721,0.8383130609042159,0.8706279448600079,0.884341206707582,0.892241538938921,0.9019740555903779,0.910049702094279,0.9162145997019442,0.919075406273753,0.9243058292186619,0.932168116111422,0.936565794931046,0.940921469091752,0.946426091187208,0.9523710922769609,0.9567931223088559,0.961709283374978,0.9656224485860441,0.9691308303957951,0.972543609909124,0.9765995632234059,0.9795106330134499,0.9827028234136179,0.9875512457548359,0.991543478200976,0.995446880196148,1.0,0.994262131871557,0.980897088187162,0.9289430944520451,0.7908659169977121,0.49111209255496596
0.7181465496322109,0.8232477010608521,0.855642777756035,0.8691910498781399,0.8773015266582891,0.8867989550686909,0.895138399787994,0.9013267618789691,0.9049299083839641,0.909507129789454,0.9176591134037378,0.92199700458097,0.9268147497025729,0.9324704526212301,0.9387126323875099,0.9437373058606521,0.9489834975814959,0.9534781845570451,0.9572502818606949,0.961081383245455,0.965944440975563,0.969255299160103,0.9731444015435,0.9786110110842141,0.9832646289635161,0.987496731861479,0.994262131871557,1.0,0.988982332345876,0.94134398420976,0.8043854430466421,0.505007042196869
0.693940091847176,0.794862653080136,0.8268810687760658,0.8411945685530829,0.849639261301352,0.8598985739182009,0.8692797380923442,0.876209949727951,0.8798163503112779,0.8845933850951629,0.893788522658958,0.8992880772641758,0.9041978499129709,0.9098267916072671,0.9168978550481359,0.923137035468022,0.9287931082857901,0.9338303224613559,0.9380236961029351,0.9424554850141129,0.947931285188773,0.9515237695496608,0.9554474048075821,0.9618634972224879,0.967215460343533,0.9727875367409371,0.980897088187162,0.988982332345876,1.0,0.963567910637119,0.8327578130805642,0.527087912052019
0.627502477493392,0.7177120511824391,0.7509036839215179,0.7655424593716941,0.7739763463053531,0.784640291995796,0.7939762079162841,0.801829110665005,0.8071434355195228,0.812925227695086,0.8215708424069491,0.82736592677353,0.832760190966235,0.838960893652556,0.8461103693888259,0.853262533147873,0.859040949270982,0.8645586650670171,0.8689576467037758,0.874362947732433,0.880042062850077,0.883666886716368,0.8897323798528829,0.9000937893621391,0.9077464636075792,0.9157994871582791,0.9289430944520451,0.94134398420976,0.963567910637119,1.0,0.889380740866981,0.541480821099206
0.46067158532803404,0.547220930095007,0.5806982698893189,0.5931956009469229,0.60481965950353,0.616128006083332,0.626904447832803,0.63445078281277,0.637836038980515,0.64481618855903,0.6523255676846109,0.655750261615486,0.6606663303026179,0.6687824217957901,0.679253073194945,0.686145867357201,0.6944154020480611,0.704336057640692,0.7093852230388391,0.7144138562976959,0.72054152664576,0.723623869194019,0.73288415252978,0.748639703467936,0.760470045853713,0.7743720671167159,0.7908659169977121,0.8043854430466421,0.8327578130805642,0.889380740866981,1.0,0.57396002403166
0.23514805465429,0.290263816987494,0.3196959976121,0.330173196492049,0.34160472545402504,0.35144030762483996,0.35903752261012895,0.366986958514394,0.37213903862967296,0.3863674558053621,0.39678072289705296,0.396913152515287,0.40237023955556295,0.406030339313938,0.41603262193057894,0.424027777308361,0.43222676854093395,0.4376572828842779,0.44026986943845703,0.446646581483856,0.45273850918239505,0.45481485657492204,0.462190020185823,0.46837210018915204,0.47300386685507595,0.484454001748967,0.49111209255496596,0.505007042196869,0.527087912052019,0.541480821099206,0.57396002403166,1.0
