1.0,0.945121047070685,0.6664625230252641,0.6374389493637571,0.553191278909971,0.517225131080749,0.4769861136218621,0.44244524609296204,0.41979311819884,0.39503107653237796,0.395288506906235,0.38570029303345293,0.378786054696678,0.361633338961678,0.35469394098496504,0.345466793631401,0.342061865614132,0.34324593000554504,0.34069647701211697,0.342069824715053,0.33620260122343804,0.34472979189883796,0.34508679823811,0.35024545947705205,0.345556386858438,0.339907375074513,0.33204002999281,0.32040412579440997,0.31435061068563896,0.28594636510516996,0.26534982082416697,0.225412353321846
0.945121047070685,1.0,0.873441496372014,0.841242911649593,0.7375799250741891,0.694853678590068,0.645590719314916,0.602946737507957,0.57542120459151,0.543343295376401,0.540644413515026,0.524542122718321,0.515884049950624,0.49325415026313,0.484161735383839,0.4718211886470371,0.46619220334047207,0.4657002514612629,0.46003768616706,0.45902168052988107,0.448458927835372,0.45531116250312104,0.451509399680166,0.452954578198601,0.441525514398139,0.428431730546222,0.41204663258119606,0.39151877022418996,0.37837236987882705,0.33976336665106105,0.307852472240269,0.256809795689856
0.6664625230252641,0.873441496372014,1.0,0.9724481876423621,0.864528882956086,0.821114773235772,0.768192630905952,0.7220068547825359,0.6928024940434531,0.656225111276982,0.649429355113508,0.626605214097962,0.6170803334457641,0.5908126158507521,0.580226647064931,0.565583010685177,0.557650676241199,0.554662327813435,0.545429833681609,0.541063567522524,0.525631930005076,0.528594263762144,0.519342618740501,0.514928594419172,0.495714139064316,0.47414497499339403,0.448373394678585,0.418721105746141,0.39760228091419303,0.35152187877207597,0.308927984474815,0.251493751989407
0.6374389493637571,0.841242911649593,0.9724481876423621,1.0,0.95787128234136,0.9256767894694871,0.8647719175174491,0.812899683829305,0.7815485731131031,0.7403700555535799,0.728547840964813,0.698809733689059,0.688116758593813,0.658756169906624,0.644843253654275,0.6258681668437011,0.61485651445907,0.60984635561475,0.5985811509438821,0.5942393617698221,0.577717828046597,0.581158208997387,0.571158504299451,0.566236345309531,0.544956605275777,0.521652915679992,0.494303269704372,0.46232872522471,0.43881853007791294,0.38780887109367795,0.33678959096512495,0.271412176046866
0.553191278909971,0.7375799250741891,0.864528882956086,0.95787128234136,1.0,0.9840769378632709,0.9179706644484229,0.863038857618172,0.8314279368429058,0.787713448920497,0.7705980823482159,0.7346043503781999,0.7232857431720799,0.6923483201585879,0.6753950575081329,0.6525271870503829,0.638559557777584,0.6314397036468821,0.6185272086357261,0.614545863055235,0.5979384257521341,0.601706034238311,0.591545432989699,0.5863717011043901,0.564166365523412,0.540498534541095,0.513285286322118,0.480882138444562,0.4562142922171721,0.40301229771111496,0.34549425651246,0.27530439659878003
0.517225131080749,0.694853678590068,0.821114773235772,0.9256767894694871,0.9840769378632709,1.0,0.9722997785363879,0.9350831818994941,0.9023438250617859,0.8557707168332009,0.8359869570520758,0.7957866033956189,0.7858589012900999,0.754528799535896,0.7370104021018209,0.7125942603920941,0.696263001770086,0.685916596444345,0.6699880131332271,0.665489260715415,0.647328862182264,0.6499299373594151,0.6375193992824539,0.630001948866053,0.6040971219938921,0.57744080114615,0.547812026772382,0.512786362026044,0.486373036669303,0.429567476202961,0.36870900601279794,0.294122361202669
0.4769861136218621,0.645590719314916,0.768192630905952,0.8647719175174491,0.9179706644484229,0.9722997785363879,1.0,0.9893161994608539,0.956141713084292,0.9078848578250021,0.8866713311705791,0.843864575717073,0.836360626792116,0.805967392327265,0.7891568199714799,0.764573541573178,0.7464079814789879,0.7325889922790301,0.713513869290621,0.7083347985599839,0.688637658037067,0.6894483265023321,0.6743806983556829,0.6639491278368609,0.634052280984507,0.604235972323158,0.572178225600413,0.534782657656221,0.507157364777136,0.447861532876728,0.38632134507629795,0.309517741961232
0.44244524609296204,0.602946737507957,0.7220068547825359,0.812899683829305,0.863038857618172,0.9350831818994941,0.9893161994608539,1.0,0.9834797923108191,0.947443439744193,0.9260702846705658,0.882134282268299,0.874404834237884,0.842740698764655,0.826093823799118,0.8015320461299069,0.7820997817066379,0.7657536756480992,0.744156171098717,0.7375038676739741,0.7158102730615409,0.71470409338321,0.697199020620631,0.685352648196171,0.6537613774628579,0.622946785932425,0.5905248883396129,0.552138826013725,0.522451479309176,0.46044055164078707,0.395242853501334,0.315345294493023
0.41979311819884,0.57542120459151,0.6928024940434531,0.7815485731131031,0.8314279368429058,0.9023438250617859,0.956141713084292,0.9834797923108191,1.0,0.9891724755723199,0.968549858704058,0.9242539276990609,0.913619563822908,0.878070271795114,0.8608141046352329,0.8360912858899621,0.8156451377298909,0.797428826302395,0.773576934013229,0.7645767087436821,0.7401076524052621,0.7369346127080101,0.7169300619558241,0.7049350737884159,0.673392707676311,0.643207312440402,0.6119348264570639,0.573316345595045,0.5402910138875839,0.474409603278949,0.40168451764080504,0.316638479335017
0.39503107653237796,0.543343295376401,0.656225111276982,0.7403700555535799,0.787713448920497,0.8557707168332009,0.9078848578250021,0.947443439744193,0.9891724755723199,1.0,0.9872773736156659,0.950253085610487,0.937235347206861,0.8987354511162651,0.8809258023706842,0.856060028067898,0.8346894358012691,0.814792451533654,0.7890401434719699,0.777949564128152,0.7512340865228591,0.746073109290689,0.72394489836861,0.7120938430634791,0.6812546655197379,0.652024389672144,0.621936644638411,0.583432848906947,0.54778562167446,0.479358327758022,0.40137017998475394,0.31323252235548904
0.395288506906235,0.540644413515026,0.649429355113508,0.728547840964813,0.7705980823482159,0.8359869570520758,0.8866713311705791,0.9260702846705658,0.968549858704058,0.9872773736156659,1.0,0.987688160437343,0.973394619289976,0.9326639704709649,0.9134105310201,0.886860030065972,0.8636138032400219,0.8416188695639159,0.8136731211905379,0.800925258552991,0.772169799852976,0.76531920332303,0.7411184026144041,0.7294273877936651,0.6989652560928281,0.669496948043172,0.638483287664391,0.598530380448865,0.560486996273727,0.48928923042839706,0.40838707527843,0.317811540082155
0.38570029303345293,0.524542122718321,0.626605214097962,0.698809733689059,0.7346043503781999,0.7957866033956189,0.843864575717073,0.882134282268299,0.9242539276990609,0.950253085610487,0.987688160437343,1.0,0.9853590854365691,0.94396236422364,0.923877499493206,0.896299683647505,0.8717663280629909,0.848241233193926,0.818813500548722,0.8047641658871809,0.7747039784778221,0.766349076617731,0.740672628029537,0.7293755430747659,0.699950659143783,0.670923818086395,0.6397443849739499,0.599324636744444,0.5598522589924929,0.487624824084261,0.405817673952754,0.314995207414787
0.378786054696678,0.515884049950624,0.6170803334457641,0.688116758593813,0.7232857431720799,0.7858589012900999,0.836360626792116,0.874404834237884,0.913619563822908,0.937235347206861,0.973394619289976,0.9853590854365691,1.0,0.9864132588656791,0.972471321770377,0.9437902984840492,0.9186417307157441,0.8948459917934699,0.8649377090604329,0.8517748589413979,0.8215647549963421,0.812723387594668,0.785482170727395,0.771516602672273,0.73777333230962,0.706221255169399,0.6741962732252379,0.6326367621936739,0.592920765923239,0.518001869212038,0.4349526713136371,0.34035233019186795
0.361633338961678,0.49325415026313,0.5908126158507521,0.658756169906624,0.6923483201585879,0.754528799535896,0.805967392327265,0.842740698764655,0.878070271795114,0.8987354511162651,0.9326639704709649,0.94396236422364,0.9864132588656791,1.0,0.9923633937971931,0.9634136450048231,0.938368745850984,0.914971229422429,0.8854281910873308,0.873484079909942,0.8439661717808449,0.834900911751977,0.8069063428501371,0.7907562406663179,0.75378635145031,0.720674819474196,0.6887219964541359,0.647215198675328,0.6083643692728139,0.532926866531332,0.45098085668131704,0.35536012851698295
0.35469394098496504,0.484161735383839,0.580226647064931,0.644843253654275,0.6753950575081329,0.7370104021018209,0.7891568199714799,0.826093823799118,0.8608141046352329,0.8809258023706842,0.9134105310201,0.923877499493206,0.972471321770377,0.9923633937971931,1.0,0.98862349138466,0.971902459927277,0.948093995125233,0.9175266219265179,0.9040748291099,0.8724983038792321,0.8636916644790369,0.8353102516381191,0.817757532348729,0.778207759689795,0.74399093511572,0.7123399510668291,0.670239000133073,0.62926983864674,0.550649261715499,0.465837069180276,0.366985146960157
0.345466793631401,0.4718211886470371,0.565583010685177,0.6258681668437011,0.6525271870503829,0.7125942603920941,0.764573541573178,0.8015320461299069,0.8360912858899621,0.856060028067898,0.886860030065972,0.896299683647505,0.9437902984840492,0.9634136450048231,0.98862349138466,1.0,0.994161053463788,0.9700721903343008,0.9385520352192691,0.9230147914672929,0.8890799429540641,0.8808051314346641,0.8525846488590669,0.83415031365305,0.792855761340638,0.75820755789378,0.7274049938546,0.68517060574066,0.6418589244240079,0.560516846106852,0.47300369768013395,0.371826022189521
0.342061865614132,0.46619220334047207,0.557650676241199,0.61485651445907,0.638559557777584,0.696263001770086,0.7464079814789879,0.7820997817066379,0.8156451377298909,0.8346894358012691,0.8636138032400219,0.8717663280629909,0.9186417307157441,0.938368745850984,0.971902459927277,0.994161053463788,1.0,0.9881570934760341,0.9648591281515508,0.9481186814336909,0.912526494938397,0.9035948225440079,0.8742240176027579,0.855480514597135,0.813493593319011,0.778752421237982,0.748391408082736,0.7059270482825799,0.661481337556771,0.577795884410874,0.48834454768727603,0.384423896305845
0.34324593000554504,0.4657002514612629,0.554662327813435,0.60984635561475,0.6314397036468821,0.685916596444345,0.7325889922790301,0.7657536756480992,0.797428826302395,0.814792451533654,0.8416188695639159,0.848241233193926,0.8948459917934699,0.914971229422429,0.948093995125233,0.9700721903343008,0.9881570934760341,1.0,0.99334881670826,0.97627670156416,0.939783168902187,0.929126950955884,0.897481203750143,0.8790070714575849,0.837411363015631,0.802975736467407,0.7727486614419341,0.7300716829324799,0.685731477722819,0.6002866174442171,0.509845126232167,0.40308531871547704
0.34069647701211697,0.46003768616706,0.545429833681609,0.5985811509438821,0.6185272086357261,0.6699880131332271,0.713513869290621,0.744156171098717,0.773576934013229,0.7890401434719699,0.8136731211905379,0.818813500548722,0.8649377090604329,0.8854281910873308,0.9175266219265179,0.9385520352192691,0.9648591281515508,0.99334881670826,1.0,0.988533389311675,0.957056816000728,0.9452110965780319,0.911931636846039,0.89356898541267,0.8522221247636099,0.818012112328638,0.787934719479375,0.745146339270553,0.7007562279190649,0.614134340499401,0.523357391757698,0.41498962478270396
0.342069824715053,0.45902168052988107,0.541063567522524,0.5942393617698221,0.614545863055235,0.665489260715415,0.7083347985599839,0.7375038676739741,0.7645767087436821,0.777949564128152,0.800925258552991,0.8047641658871809,0.8517748589413979,0.873484079909942,0.9040748291099,0.9230147914672929,0.9481186814336909,0.97627670156416,0.988533389311675,1.0,0.989858289469545,0.9776964653905991,0.9429630211089269,0.923460869095871,0.880160874113941,0.8444662926500981,0.8132771427108639,0.7687697759660721,0.721918699744737,0.6318358213773979,0.538570106806307,0.42717053774607705
0.33620260122343804,0.448458927835372,0.525631930005076,0.577717828046597,0.5979384257521341,0.647328862182264,0.688637658037067,0.7158102730615409,0.7401076524052621,0.7512340865228591,0.772169799852976,0.7747039784778221,0.8215647549963421,0.8439661717808449,0.8724983038792321,0.8890799429540641,0.912526494938397,0.939783168902187,0.957056816000728,0.989858289469545,1.0,0.987795331121067,0.952420965127523,0.9322549701979821,0.8880237596785759,0.8516795993624641,0.820097305461856,0.774904271264739,0.726718549664192,0.6352650372514301,0.54160994127203,0.429689645366048
0.34472979189883796,0.45531116250312104,0.528594263762144,0.581158208997387,0.601706034238311,0.6499299373594151,0.6894483265023321,0.71470409338321,0.7369346127080101,0.746073109290689,0.76531920332303,0.766349076617731,0.812723387594668,0.834900911751977,0.8636916644790369,0.8808051314346641,0.9035948225440079,0.929126950955884,0.9452110965780319,0.9776964653905991,0.987795331121067,1.0,0.9882679847743709,0.971748055917521,0.9227217777248292,0.882436458125419,0.8476476855221079,0.7992778349895109,0.7490086292020608,0.6542933258281128,0.559824811681015,0.44556557278151093
0.34508679823811,0.451509399680166,0.519342618740501,0.571158504299451,0.591545432989699,0.6375193992824539,0.6743806983556829,0.697199020620631,0.7169300619558241,0.72394489836861,0.7411184026144041,0.740672628029537,0.785482170727395,0.8069063428501371,0.8353102516381191,0.8525846488590669,0.8742240176027579,0.897481203750143,0.911931636846039,0.9429630211089269,0.952420965127523,0.9882679847743709,1.0,0.9874546457616641,0.934897251654965,0.89170733278824,0.854600343769734,0.804265945023908,0.753160220155485,0.657499149395864,0.564461731424145,0.450605855315239
0.35024545947705205,0.452954578198601,0.514928594419172,0.566236345309531,0.5863717011043901,0.630001948866053,0.6639491278368609,0.685352648196171,0.7049350737884159,0.7120938430634791,0.7294273877936651,0.7293755430747659,0.771516602672273,0.7907562406663179,0.817757532348729,0.83415031365305,0.855480514597135,0.8790070714575849,0.89356898541267,0.923460869095871,0.9322549701979821,0.971748055917521,0.9874546457616641,1.0,0.978586332289007,0.948747655992435,0.9068067012391829,0.850707857412678,0.7928682582119458,0.689117015259472,0.592606498454172,0.473877479841061
0.345556386858438,0.441525514398139,0.495714139064316,0.544956605275777,0.564166365523412,0.6040971219938921,0.634052280984507,0.6537613774628579,0.673392707676311,0.6812546655197379,0.6989652560928281,0.699950659143783,0.73777333230962,0.75378635145031,0.778207759689795,0.792855761340638,0.813493593319011,0.837411363015631,0.8522221247636099,0.880160874113941,0.8880237596785759,0.9227217777248292,0.934897251654965,0.978586332289007,1.0,0.989678534896032,0.9435621213847231,0.882400097839621,0.8178845250001179,0.707200915701381,0.608751334942721,0.48732508918701
0.339907375074513,0.428431730546222,0.47414497499339403,0.521652915679992,0.540498534541095,0.57744080114615,0.604235972323158,0.622946785932425,0.643207312440402,0.652024389672144,0.669496948043172,0.670923818086395,0.706221255169399,0.720674819474196,0.74399093511572,0.75820755789378,0.778752421237982,0.802975736467407,0.818012112328638,0.8444662926500981,0.8516795993624641,0.882436458125419,0.89170733278824,0.948747655992435,0.989678534896032,1.0,0.9757486395850471,0.928261095878743,0.856400116610212,0.7372555212400099,0.63489549676424,0.508553897018762
0.33204002999281,0.41204663258119606,0.448373394678585,0.494303269704372,0.513285286322118,0.547812026772382,0.572178225600413,0.5905248883396129,0.6119348264570639,0.621936644638411,0.638483287664391,0.6397443849739499,0.6741962732252379,0.6887219964541359,0.7123399510668291,0.7274049938546,0.748391408082736,0.7727486614419341,0.787934719479375,0.8132771427108639,0.820097305461856,0.8476476855221079,0.854600343769734,0.9068067012391829,0.9435621213847231,0.9757486395850471,1.0,0.9854497932636109,0.905778858766154,0.7769991007109129,0.6690709253762421,0.535985705440442
0.32040412579440997,0.39151877022418996,0.418721105746141,0.46232872522471,0.480882138444562,0.512786362026044,0.534782657656221,0.552138826013725,0.573316345595045,0.583432848906947,0.598530380448865,0.599324636744444,0.6326367621936739,0.647215198675328,0.670239000133073,0.68517060574066,0.7059270482825799,0.7300716829324799,0.745146339270553,0.7687697759660721,0.774904271264739,0.7992778349895109,0.804265945023908,0.850707857412678,0.882400097839621,0.928261095878743,0.9854497932636109,1.0,0.942367189074914,0.827434821667514,0.715804852208815,0.575099077386787
0.31435061068563896,0.37837236987882705,0.39760228091419303,0.43881853007791294,0.4562142922171721,0.486373036669303,0.507157364777136,0.522451479309176,0.5402910138875839,0.54778562167446,0.560486996273727,0.5598522589924929,0.592920765923239,0.6083643692728139,0.62926983864674,0.6418589244240079,0.661481337556771,0.685731477722819,0.7007562279190649,0.721918699744737,0.726718549664192,0.7490086292020608,0.753160220155485,0.7928682582119458,0.8178845250001179,0.856400116610212,0.905778858766154,0.942367189074914,1.0,0.9676350179495409,0.8510002856866279,0.690494151527134
0.28594636510516996,0.33976336665106105,0.35152187877207597,0.38780887109367795,0.40301229771111496,0.429567476202961,0.447861532876728,0.46044055164078707,0.474409603278949,0.479358327758022,0.48928923042839706,0.487624824084261,0.518001869212038,0.532926866531332,0.550649261715499,0.560516846106852,0.577795884410874,0.6002866174442171,0.614134340499401,0.6318358213773979,0.6352650372514301,0.6542933258281128,0.657499149395864,0.689117015259472,0.707200915701381,0.7372555212400099,0.7769991007109129,0.827434821667514,0.9676350179495409,1.0,0.888435347774601,0.7251668084257059
0.26534982082416697,0.307852472240269,0.308927984474815,0.33678959096512495,0.34549425651246,0.36870900601279794,0.38632134507629795,0.395242853501334,0.40168451764080504,0.40137017998475394,0.40838707527843,0.405817673952754,0.4349526713136371,0.45098085668131704,0.465837069180276,0.47300369768013395,0.48834454768727603,0.509845126232167,0.523357391757698,0.538570106806307,0.54160994127203,0.559824811681015,0.564461731424145,0.592606498454172,0.608751334942721,0.63489549676424,0.6690709253762421,0.715804852208815,0.8510002856866279,0.888435347774601,1.0,0.96030274445211
0.225412353321846,0.256809795689856,0.251493751989407,0.271412176046866,0.27530439659878003,0.294122361202669,0.309517741961232,0.315345294493023,0.316638479335017,0.31323252235548904,0.317811540082155,0.314995207414787,0.34035233019186795,0.35536012851698295,0.366985146960157,0.371826022189521,0.384423896305845,0.40308531871547704,0.41498962478270396,0.42717053774607705,0.429689645366048,0.44556557278151093,0.450605855315239,0.473877479841061,0.48732508918701,0.508553897018762,0.535985705440442,0.575099077386787,0.690494151527134,0.7251668084257059,0.96030274445211,1.0
