1.0,0.8963412412085079,0.8820017919674179,0.8724493411696009,0.8624302141083721,0.854525514498624,0.8491035109521079,0.8430897731410449,0.841258917089972,0.838429538800835,0.8338121631922059,0.8320979702507589,0.8314184410560308,0.8249174753901659,0.822957780231509,0.8195076741221009,0.8156993343184571,0.8146323752863829,0.81153841855605,0.8075195482034939,0.8041122678912741,0.7991031216402741,0.7940799464378929,0.792472876987735,0.793050726591091,0.788761757944538,0.7801541356392099,0.7713258143642241,0.7546982663287909,0.736263440835336,0.477860880024955,0.28991328213629
0.8963412412085079,1.0,0.975694425832818,0.9593324006380392,0.945404093554466,0.9400785185812859,0.9336897414157141,0.9272155559720551,0.9248298221516641,0.9227705429234829,0.917941231380461,0.9151390235255942,0.9133764628800359,0.908544238785065,0.9067025846226551,0.902636415650739,0.898555267704069,0.8950974551398709,0.889960624526267,0.886555872889164,0.8833861779842069,0.8797700408895419,0.8740926132294771,0.873358616971879,0.8753786557523209,0.8721092446499771,0.8670501996906559,0.8594162724510899,0.8458616597025491,0.8254972795839159,0.55765158268969,0.34368250252659605
0.8820017919674179,0.975694425832818,1.0,0.9848724021475591,0.972020452553826,0.9637683846830881,0.9555883787879008,0.9496185307915759,0.946565260597047,0.943712653484932,0.9390832192515179,0.9363648489269241,0.934073711779952,0.9300178546293549,0.9279134530341681,0.9237159599303579,0.9205138717113159,0.91696391716364,0.912410006506963,0.908833502265588,0.9057192567191971,0.901459715681943,0.8963494729691329,0.8947707001551389,0.896404444195798,0.893437173178907,0.8886602021805559,0.879487991154139,0.8646458358950591,0.843580362108823,0.564707127928454,0.356125557073389
0.8724493411696009,0.9593324006380392,0.9848724021475591,1.0,0.9872648570933821,0.9792883485050892,0.972443279917659,0.9662783914717551,0.9634810292384269,0.959340207309033,0.9543969999974631,0.951849581446843,0.9497200474892309,0.9452877513623041,0.942445327554007,0.9376903901546508,0.93397245535361,0.9300293777414641,0.9255906860294759,0.9217768333822641,0.918407229212154,0.913932661151986,0.9079246780959309,0.904722750414734,0.9055839126545321,0.9020556790038641,0.897672463007825,0.889322731557848,0.8749408248148051,0.8529947764770551,0.5778765108748161,0.360676354230074
0.8624302141083721,0.945404093554466,0.972020452553826,0.9872648570933821,1.0,0.992528547520072,0.985237299394406,0.979036728263336,0.974606331520899,0.9703233880051608,0.9636791083059871,0.9605506758882159,0.957354990855055,0.952018174805806,0.9497345899315579,0.944859854081253,0.9408705458024721,0.937262046305567,0.9331149595752679,0.929196940745978,0.9263690118337672,0.922446991485129,0.916363658276985,0.9131768527373579,0.9142475493992209,0.9110662080309742,0.907524430268835,0.9005877118491529,0.8863395479709201,0.864402922012777,0.587205411722491,0.368846652360178
0.854525514498624,0.9400785185812859,0.9637683846830881,0.9792883485050892,0.992528547520072,1.0,0.9938070186696291,0.986877488050182,0.982164548166988,0.9778859147625519,0.9717044034864352,0.9684128336139108,0.9652914032958392,0.959546842889432,0.956680069184805,0.951800112135158,0.948073890076013,0.944034370245475,0.9402715365470791,0.9374252528479899,0.93487442008808,0.931817181895403,0.92543918792175,0.922655076579318,0.923870611579197,0.9213203268043492,0.917396572996032,0.910582306074984,0.897281114708049,0.87589579445658,0.60250653726263,0.3778676599577029
0.8491035109521079,0.9336897414157141,0.9555883787879008,0.972443279917659,0.985237299394406,0.9938070186696291,1.0,0.994376577775735,0.9894994246180859,0.9843456132852461,0.978145094949129,0.9742428637582041,0.970688062766629,0.9642237854469541,0.9607020737166801,0.955822480868987,0.9519264208812641,0.9476074949936841,0.9432438798263121,0.9403209332178379,0.937508864319201,0.934473721325634,0.9288801468496701,0.926600796843994,0.92748192508504,0.9254893818724731,0.921005024467359,0.9142692869177859,0.9013076337252042,0.880384697652823,0.612078782274286,0.38755142154634903
0.8430897731410449,0.9272155559720551,0.9496185307915759,0.9662783914717551,0.979036728263336,0.986877488050182,0.994376577775735,1.0,0.9958076553233179,0.990518876105249,0.98486704839616,0.981222051758491,0.9775782734715139,0.97133316239711,0.9674885880016991,0.962797887358644,0.95859383023333,0.954502927227588,0.9498779754319109,0.9465931176305759,0.944367504651535,0.941821094390905,0.9362543927467829,0.9338134894798431,0.934832404241567,0.9332882420006842,0.9294586032119789,0.9226219108020279,0.9103712448881079,0.8905192731804229,0.61945235788736,0.395126697997659
0.841258917089972,0.9248298221516641,0.946565260597047,0.9634810292384269,0.974606331520899,0.982164548166988,0.9894994246180859,0.9958076553233179,1.0,0.9957569148537271,0.9905777369497859,0.9867388459083721,0.98272353335031,0.9772525265375691,0.9726076390589058,0.968061457044834,0.9633434366712621,0.9585537166613092,0.9537260641425541,0.9502488689250991,0.947622343579108,0.94563309744984,0.94008556257001,0.9375860914534591,0.938386589960897,0.936967022542461,0.933169346155737,0.9262989602224809,0.914012814444754,0.8943103842837791,0.620252455848186,0.39669026534808705
0.838429538800835,0.9227705429234829,0.943712653484932,0.959340207309033,0.9703233880051608,0.9778859147625519,0.9843456132852461,0.990518876105249,0.9957569148537271,1.0,0.996266432271333,0.992286222351559,0.988104282982402,0.982642692174038,0.9777286059708991,0.9733891487540959,0.968955193308836,0.964175703324609,0.959366039415338,0.9558183902830508,0.9530297828538922,0.9514466907341851,0.9456990305280151,0.943600985117622,0.9438097493333081,0.9421978593406829,0.938283061384753,0.9314561763237271,0.9177967927541891,0.897455187749205,0.625847683596499,0.407800950244952
0.8338121631922059,0.917941231380461,0.9390832192515179,0.9543969999974631,0.9636791083059871,0.9717044034864352,0.978145094949129,0.98486704839616,0.9905777369497859,0.996266432271333,1.0,0.996672555123183,0.992289056308799,0.986958915286572,0.9814419722868221,0.9768790107158258,0.9722568534933421,0.966898301004405,0.962330207935103,0.9589921819570529,0.9563764765393191,0.954492557878679,0.9485170751211551,0.946359471707896,0.946078010681479,0.9444072642987691,0.9405960401156971,0.9338050375214209,0.919874300160148,0.8999955001195009,0.628453251062367,0.41690009637310105
0.8320979702507589,0.9151390235255942,0.9363648489269241,0.951849581446843,0.9605506758882159,0.9684128336139108,0.9742428637582041,0.981222051758491,0.9867388459083721,0.992286222351559,0.996672555123183,1.0,0.9968467094449301,0.991823767734316,0.9862237771425441,0.9812137270886031,0.976072620106358,0.97055941857171,0.9660182102962209,0.962791575664673,0.9600706170689659,0.9580201394005409,0.9522434213404009,0.949764692043888,0.94937289370138,0.948253584580856,0.9449345588684199,0.9387082684550871,0.9248415886842951,0.904674399902681,0.63782704552546,0.4297891266822071
0.8314184410560308,0.9133764628800359,0.934073711779952,0.9497200474892309,0.957354990855055,0.9652914032958392,0.970688062766629,0.9775782734715139,0.98272353335031,0.988104282982402,0.992289056308799,0.9968467094449301,1.0,0.996144238720173,0.9912123390855608,0.986331886541092,0.9814737298270629,0.9759097960578391,0.971142009402246,0.967623205256284,0.9649057710085529,0.962427401696101,0.956931997301407,0.9542972143521591,0.9537833545365201,0.9527420239425649,0.9494544085139741,0.942957020117611,0.92942373003663,0.90988247325939,0.6454859065244859,0.436983275046834
0.8249174753901659,0.908544238785065,0.9300178546293549,0.9452877513623041,0.952018174805806,0.959546842889432,0.9642237854469541,0.97133316239711,0.9772525265375691,0.982642692174038,0.986958915286572,0.991823767734316,0.996144238720173,1.0,0.996614888023549,0.9922742634713321,0.987288417408021,0.981581537318097,0.9767214664031209,0.972942088733141,0.969870116913562,0.96678357921442,0.960983526712378,0.9585024279029971,0.957882411749234,0.9564786994586361,0.9531952761405741,0.945487815681358,0.931965644911688,0.911454240831481,0.6463057777526889,0.440049782734074
0.822957780231509,0.9067025846226551,0.9279134530341681,0.942445327554007,0.9497345899315579,0.956680069184805,0.9607020737166801,0.9674885880016991,0.9726076390589058,0.9777286059708991,0.9814419722868221,0.9862237771425441,0.9912123390855608,0.996614888023549,1.0,0.9969000317826859,0.992436337735877,0.9869344292080441,0.9824476932490459,0.978359972219688,0.975241693094468,0.9719681748954331,0.9663635791697142,0.963651899235297,0.9624489382338179,0.9602782798047109,0.9576240679461421,0.9498425571640791,0.9365450572104141,0.9151656126551619,0.652444291821391,0.448401919994278
0.8195076741221009,0.902636415650739,0.9237159599303579,0.9376903901546508,0.944859854081253,0.951800112135158,0.955822480868987,0.962797887358644,0.968061457044834,0.9733891487540959,0.9768790107158258,0.9812137270886031,0.986331886541092,0.9922742634713321,0.9969000317826859,1.0,0.9971068095697478,0.9923366476988271,0.98773485445988,0.983359277351116,0.9796352806332069,0.9762989857669281,0.970939483682935,0.967863409622773,0.9657405460577201,0.962926666660111,0.959862525679591,0.9527104076317351,0.9407350595468521,0.9193870664521121,0.65893563195654,0.454713343913671
0.8156993343184571,0.898555267704069,0.9205138717113159,0.93397245535361,0.9408705458024721,0.948073890076013,0.9519264208812641,0.95859383023333,0.9633434366712621,0.968955193308836,0.9722568534933421,0.976072620106358,0.9814737298270629,0.987288417408021,0.992436337735877,0.9971068095697478,1.0,0.9968302388801908,0.9921966009741742,0.9882024865517389,0.9843878848251,0.9807614436590729,0.9753453367002758,0.971903624700257,0.9690633102339399,0.9656604287299759,0.962009066890521,0.954782675645085,0.942430725714515,0.920672204273348,0.658807351141798,0.456276919412183
0.8146323752863829,0.8950974551398709,0.91696391716364,0.9300293777414641,0.937262046305567,0.944034370245475,0.9476074949936841,0.954502927227588,0.9585537166613092,0.964175703324609,0.966898301004405,0.97055941857171,0.9759097960578391,0.981581537318097,0.9869344292080441,0.9923366476988271,0.9968302388801908,1.0,0.9966894473558399,0.9930506361959491,0.9892466762764391,0.985362161535244,0.9801071649703309,0.976456833739752,0.972804340754175,0.969047984621039,0.9656643564708179,0.958090584349035,0.945306338075863,0.922480276770972,0.663170775192072,0.464240545091521
0.81153841855605,0.889960624526267,0.912410006506963,0.9255906860294759,0.9331149595752679,0.9402715365470791,0.9432438798263121,0.9498779754319109,0.9537260641425541,0.959366039415338,0.962330207935103,0.9660182102962209,0.971142009402246,0.9767214664031209,0.9824476932490459,0.98773485445988,0.9921966009741742,0.9966894473558399,1.0,0.997463083708235,0.993794937682255,0.989612392755782,0.984124094822788,0.9804064524488171,0.976556409577755,0.972663620230153,0.969567683911471,0.962922050870903,0.9503556098350621,0.9266794665843171,0.6726889865235419,0.47528361265685
0.8075195482034939,0.886555872889164,0.908833502265588,0.9217768333822641,0.929196940745978,0.9374252528479899,0.9403209332178379,0.9465931176305759,0.9502488689250991,0.9558183902830508,0.9589921819570529,0.962791575664673,0.967623205256284,0.972942088733141,0.978359972219688,0.983359277351116,0.9882024865517389,0.9930506361959491,0.997463083708235,1.0,0.997067718754989,0.9934201266567959,0.988176428734653,0.984548518958527,0.980319859528905,0.976193070853792,0.9727166999299499,0.9659487339074929,0.953899673514788,0.930016795669872,0.682307680660806,0.48153665924106603
0.8041122678912741,0.8833861779842069,0.9057192567191971,0.918407229212154,0.9263690118337672,0.93487442008808,0.937508864319201,0.944367504651535,0.947622343579108,0.9530297828538922,0.9563764765393191,0.9600706170689659,0.9649057710085529,0.969870116913562,0.975241693094468,0.9796352806332069,0.9843878848251,0.9892466762764391,0.993794937682255,0.997067718754989,1.0,0.997010599614512,0.992687051008098,0.9889621597757711,0.9846104715528751,0.9800157525745301,0.976362394104818,0.968693362834833,0.956875687660467,0.933030093079088,0.684453583088361,0.48414834315740896
0.7991031216402741,0.8797700408895419,0.901459715681943,0.913932661151986,0.922446991485129,0.931817181895403,0.934473721325634,0.941821094390905,0.94563309744984,0.9514466907341851,0.954492557878679,0.9580201394005409,0.962427401696101,0.96678357921442,0.9719681748954331,0.9762989857669281,0.9807614436590729,0.985362161535244,0.989612392755782,0.9934201266567959,0.997010599614512,1.0,0.996564033655814,0.9927704762953392,0.9880588957341669,0.983118773808903,0.979138343964871,0.9714913667019391,0.9594254357382072,0.937220888763818,0.687650477684064,0.48557751148042894
0.7940799464378929,0.8740926132294771,0.8963494729691329,0.9079246780959309,0.916363658276985,0.92543918792175,0.9288801468496701,0.9362543927467829,0.94008556257001,0.9456990305280151,0.9485170751211551,0.9522434213404009,0.956931997301407,0.960983526712378,0.9663635791697142,0.970939483682935,0.9753453367002758,0.9801071649703309,0.984124094822788,0.988176428734653,0.992687051008098,0.996564033655814,1.0,0.996692663633672,0.99158572090442,0.98595701918303,0.981841314389725,0.9737031146297871,0.9617511083784529,0.940329582442227,0.69449982824431,0.495611040939585
0.792472876987735,0.873358616971879,0.8947707001551389,0.904722750414734,0.9131768527373579,0.922655076579318,0.926600796843994,0.9338134894798431,0.9375860914534591,0.943600985117622,0.946359471707896,0.949764692043888,0.9542972143521591,0.9585024279029971,0.963651899235297,0.967863409622773,0.971903624700257,0.976456833739752,0.9804064524488171,0.984548518958527,0.9889621597757711,0.9927704762953392,0.996692663633672,1.0,0.995934670688534,0.9902935890872819,0.985498556594926,0.9772432064039029,0.9646083464555941,0.943261954967108,0.695043910993003,0.495490799156468
0.793050726591091,0.8753786557523209,0.896404444195798,0.9055839126545321,0.9142475493992209,0.923870611579197,0.92748192508504,0.934832404241567,0.938386589960897,0.9438097493333081,0.946078010681479,0.94937289370138,0.9537833545365201,0.957882411749234,0.9624489382338179,0.9657405460577201,0.9690633102339399,0.972804340754175,0.976556409577755,0.980319859528905,0.9846104715528751,0.9880588957341669,0.99158572090442,0.995934670688534,1.0,0.9947414555169151,0.989342943220231,0.980316730945676,0.9671077699716641,0.946477049483564,0.691296637614363,0.493979925441866
0.788761757944538,0.8721092446499771,0.893437173178907,0.9020556790038641,0.9110662080309742,0.9213203268043492,0.9254893818724731,0.9332882420006842,0.936967022542461,0.9421978593406829,0.9444072642987691,0.948253584580856,0.9527420239425649,0.9564786994586361,0.9602782798047109,0.962926666660111,0.9656604287299759,0.969047984621039,0.972663620230153,0.976193070853792,0.9800157525745301,0.983118773808903,0.98595701918303,0.9902935890872819,0.9947414555169151,1.0,0.994524057832536,0.9855835043002309,0.97148036836786,0.9517550836852671,0.695210781508292,0.49866682846463106
0.7801541356392099,0.8670501996906559,0.8886602021805559,0.897672463007825,0.907524430268835,0.917396572996032,0.921005024467359,0.9294586032119789,0.933169346155737,0.938283061384753,0.9405960401156971,0.9449345588684199,0.9494544085139741,0.9531952761405741,0.9576240679461421,0.959862525679591,0.962009066890521,0.9656643564708179,0.969567683911471,0.9727166999299499,0.976362394104818,0.979138343964871,0.981841314389725,0.985498556594926,0.989342943220231,0.994524057832536,1.0,0.992738137837981,0.9787080389414409,0.9591347127687141,0.7089316375905459,0.5161295385000539
0.7713258143642241,0.8594162724510899,0.879487991154139,0.889322731557848,0.9005877118491529,0.910582306074984,0.9142692869177859,0.9226219108020279,0.9262989602224809,0.9314561763237271,0.9338050375214209,0.9387082684550871,0.942957020117611,0.945487815681358,0.9498425571640791,0.9527104076317351,0.954782675645085,0.958090584349035,0.962922050870903,0.9659487339074929,0.968693362834833,0.9714913667019391,0.9737031146297871,0.9772432064039029,0.980316730945676,0.9855835043002309,0.992738137837981,1.0,0.9881240100392941,0.96938666473581,0.720669366146565,0.536950259768686
0.7546982663287909,0.8458616597025491,0.8646458358950591,0.8749408248148051,0.8863395479709201,0.897281114708049,0.9013076337252042,0.9103712448881079,0.914012814444754,0.9177967927541891,0.919874300160148,0.9248415886842951,0.92942373003663,0.931965644911688,0.9365450572104141,0.9407350595468521,0.942430725714515,0.945306338075863,0.9503556098350621,0.953899673514788,0.956875687660467,0.9594254357382072,0.9617511083784529,0.9646083464555941,0.9671077699716641,0.97148036836786,0.9787080389414409,0.9881240100392941,1.0,0.983672859833951,0.7539923407668621,0.567553170540905
0.736263440835336,0.8254972795839159,0.843580362108823,0.8529947764770551,0.864402922012777,0.87589579445658,0.880384697652823,0.8905192731804229,0.8943103842837791,0.897455187749205,0.8999955001195009,0.904674399902681,0.90988247325939,0.911454240831481,0.9151656126551619,0.9193870664521121,0.920672204273348,0.922480276770972,0.9266794665843171,0.930016795669872,0.933030093079088,0.937220888763818,0.940329582442227,0.943261954967108,0.946477049483564,0.9517550836852671,0.9591347127687141,0.96938666473581,0.983672859833951,1.0,0.7753347826601859,0.593587752413231
0.477860880024955,0.55765158268969,0.564707127928454,0.5778765108748161,0.587205411722491,0.60250653726263,0.612078782274286,0.61945235788736,0.620252455848186,0.625847683596499,0.628453251062367,0.63782704552546,0.6454859065244859,0.6463057777526889,0.652444291821391,0.65893563195654,0.658807351141798,0.663170775192072,0.6726889865235419,0.682307680660806,0.684453583088361,0.687650477684064,0.69449982824431,0.695043910993003,0.691296637614363,0.695210781508292,0.7089316375905459,0.720669366146565,0.7539923407668621,0.7753347826601859,1.0,0.7880993278631891
0.28991328213629,0.34368250252659605,0.356125557073389,0.360676354230074,0.368846652360178,0.3778676599577029,0.38755142154634903,0.395126697997659,0.39669026534808705,0.407800950244952,0.41690009637310105,0.4297891266822071,0.436983275046834,0.440049782734074,0.448401919994278,0.454713343913671,0.456276919412183,0.464240545091521,0.47528361265685,0.48153665924106603,0.48414834315740896,0.48557751148042894,0.495611040939585,0.495490799156468,0.493979925441866,0.49866682846463106,0.5161295385000539,0.536950259768686,0.567553170540905,0.593587752413231,0.7880993278631891,1.0
