1.0,0.989487264060927,0.954655016997309,0.9031285047043499,0.881888632124824,0.8479545530245709,0.8075842403616821,0.797564237304913,0.7811427637482679,0.759930537583206,0.741589403033265,0.717910423380246,0.690519848452754,0.660212544907558,0.624750594401124,0.5900523236238461,0.5639165193557011,0.53964009477884,0.513207081456218,0.49752162153391793,0.497709677112285,0.49312123028286703,0.486197310018463,0.47709684405041297,0.465395876583341,0.45253903479604796,0.43641944531928495,0.41612982864913395,0.394928479488395,0.375713775932217,0.35268941037144297,0.32981890934227603
0.989487264060927,1.0,0.9876744316731921,0.95564068412792,0.9365345018836979,0.90355295785797,0.863284879740153,0.8528506095333109,0.835528429712573,0.8130615979571619,0.7947898287324069,0.7708599831515409,0.7427533458028901,0.7121151489768399,0.6758213042148971,0.63988362240761,0.612702064451799,0.5871699937779741,0.5591426147517309,0.542730110244185,0.54356123993976,0.539072122574105,0.5320234121462899,0.5228782433832451,0.510771917434192,0.497300826666303,0.48060894704924395,0.459149685108717,0.4365222197445589,0.41819098240179703,0.39532007850222,0.37196771573441795
0.954655016997309,0.9876744316731921,1.0,0.989822582981356,0.973478577133387,0.942309739877269,0.903106804674768,0.8924715018925109,0.874585084041685,0.8512929352967149,0.833529345079509,0.809895208457869,0.7816798025139821,0.751409712463436,0.7150757998039459,0.6786485524006329,0.650979473383432,0.6246936164766871,0.5956050025470191,0.578794651547005,0.580302079650155,0.576026874361824,0.569010182666904,0.5600334045968609,0.547775321500193,0.5339587411118231,0.517043127900509,0.494826618588274,0.471192017883783,0.45425147051083403,0.432088778678064,0.408768429747445
0.9031285047043499,0.95564068412792,0.989822582981356,1.0,0.9897255495415729,0.96365345802414,0.9285831522067759,0.918264004015577,0.9003997388987399,0.876924038959073,0.8601956026204041,0.837436654644832,0.809725732438509,0.7808046197342591,0.74552608160403,0.709558511246088,0.681829594891191,0.654898144167903,0.624923003195917,0.6078375243955,0.610056162287092,0.6060906085480899,0.599224850648454,0.590543713506022,0.5782972751476221,0.5643109921852111,0.547068381655457,0.524108772820346,0.4995472295352121,0.48417430561075897,0.46300115619900106,0.44001408445693607
0.881888632124824,0.9365345018836979,0.973478577133387,0.9897255495415729,1.0,0.9919503812542909,0.972105912007302,0.9636144269145741,0.946913317123525,0.924135904200504,0.909026046931922,0.8873874065832611,0.8601842384256541,0.8341558474412958,0.8014839991573821,0.7668767116164459,0.738292583745402,0.7084993061402579,0.675524072725428,0.6570004590062719,0.660111810291865,0.6564137680503851,0.6495124104427961,0.640728741251023,0.627991603013273,0.613269525182553,0.593320030315422,0.5673765807317149,0.5398892219403301,0.524741488022644,0.503333485378089,0.479595119813486
0.8479545530245709,0.90355295785797,0.942309739877269,0.96365345802414,0.9919503812542909,1.0,0.993980260051274,0.987253023481052,0.9718684424184741,0.95010006036903,0.93668277924165,0.9164073940073709,0.8901204125834692,0.867100254753098,0.8372972503085871,0.8044881451991021,0.77563680648212,0.743819940217108,0.7087532335900021,0.6892736288255731,0.693122235098816,0.6897245259114921,0.682909991286977,0.6741861476387739,0.661232860750114,0.6461116110769219,0.6241069383371729,0.595965820754645,0.566358659133245,0.5516701274259711,0.53042125716793,0.506424613359042
0.8075842403616821,0.863284879740153,0.903106804674768,0.9285831522067759,0.972105912007302,0.993980260051274,1.0,0.994886560765342,0.980840814752424,0.9602281066108191,0.9484494770118069,0.929616859025057,0.904463892813716,0.884345395587736,0.8574115214338329,0.826584230154455,0.797876313779067,0.764721736728462,0.728300781918255,0.7082469728083142,0.712683489010002,0.7095897485855609,0.702938816620312,0.6943800082948249,0.6814078972609959,0.6661376192560721,0.6426404992803549,0.612963328173603,0.581906518532,0.5678060151903871,0.546970731203461,0.523062203200831
0.797564237304913,0.8528506095333109,0.8924715018925109,0.918264004015577,0.9636144269145741,0.987253023481052,0.994886560765342,1.0,0.99550074946109,0.983517948472843,0.9740266887107621,0.955870023906105,0.931059909578854,0.9122063551273629,0.8863065707135551,0.8559406806523541,0.8285987892739001,0.797290511755595,0.762027480712422,0.7429511380184189,0.74835174337592,0.7457222350752701,0.739305477966453,0.731039873177245,0.718028046258024,0.702508058334943,0.67859636323177,0.648010124337576,0.615827651525615,0.600390665162958,0.577777640140525,0.552052834632466
0.7811427637482679,0.835528429712573,0.874585084041685,0.9003997388987399,0.946913317123525,0.9718684424184741,0.980840814752424,0.99550074946109,1.0,0.996225315241825,0.9889561333451271,0.971589406063434,0.9473204716960649,0.9298036973204179,0.905089173529405,0.875419628492509,0.8496123472655891,0.8203396642359779,0.78650217738208,0.7685254280373628,0.7747766911103879,0.772604911951183,0.766465970346335,0.7585507002561009,0.745621899055658,0.73001196916924,0.705944863386229,0.674800673417778,0.6418707361317261,0.62531549119249,0.601237472856987,0.5740430958982671
0.759930537583206,0.8130615979571619,0.8512929352967149,0.876924038959073,0.924135904200504,0.95010006036903,0.9602281066108191,0.983517948472843,0.996225315241825,1.0,0.994823893860495,0.9783179751653829,0.9547364626527071,0.938582651330369,0.9151491187179491,0.8863517902420409,0.862154172835456,0.8349774765032231,0.80271314728976,0.7858857033298651,0.79286690192501,0.7911316038916769,0.7852956489012621,0.777763827999423,0.765013180116335,0.7494441171417799,0.725424683671843,0.694015277738607,0.660660609948463,0.643211642301913,0.6179816566627491,0.5896557266564639
0.741589403033265,0.7947898287324069,0.833529345079509,0.8601956026204041,0.909026046931922,0.93668277924165,0.9484494770118069,0.9740266887107621,0.9889561333451271,0.994823893860495,1.0,0.994244425405419,0.979887534787556,0.9670296244568579,0.9437829769924859,0.9147955162837959,0.8925999551748329,0.868856230759097,0.839053858856373,0.8234345873643739,0.830046007814199,0.8276477385826311,0.821141306834815,0.8132994674238371,0.799995781508218,0.783774380880394,0.761708425982304,0.731361611390428,0.698483620396793,0.6828535551748229,0.658471187457003,0.6302331644210379
0.717910423380246,0.7708599831515409,0.809895208457869,0.837436654644832,0.8873874065832611,0.9164073940073709,0.929616859025057,0.955870023906105,0.971589406063434,0.9783179751653829,0.994244425405419,1.0,0.9956266728706941,0.9862174053069821,0.963184946054986,0.93413630408755,0.914045226744155,0.8938803349354001,0.8667637280736558,0.852405827285399,0.8584205966212372,0.8552540293812421,0.8480371850785892,0.8398735254558372,0.826078353337909,0.809312672222352,0.789574286538499,0.760734150685327,0.7287847265782009,0.7154375138206309,0.6924254953031489,0.6647738597635711
0.690519848452754,0.7427533458028901,0.7816798025139821,0.809725732438509,0.8601842384256541,0.8901204125834692,0.904463892813716,0.931059909578854,0.9473204716960649,0.9547364626527071,0.979887534787556,0.9956266728706941,1.0,0.9936862916677651,0.9710569266722029,0.9422277640243959,0.924160476136001,0.907305686252978,0.8827857257339851,0.869662580459609,0.875100583742484,0.8712938082455041,0.8635252720500781,0.8551576622523621,0.841063484650514,0.823980661328257,0.806457281115876,0.779201826363256,0.7483621777795642,0.7371309511071559,0.7155299970552729,0.68864939420589
0.660212544907558,0.7121151489768399,0.751409712463436,0.7808046197342591,0.8341558474412958,0.867100254753098,0.884345395587736,0.9122063551273629,0.9298036973204179,0.938582651330369,0.9670296244568579,0.9862174053069821,0.9936862916677651,1.0,0.991463483115016,0.973284623099518,0.960171380649772,0.9440006717198691,0.919624553896853,0.9057054333299152,0.9089717944387959,0.9030303548784681,0.893502594781425,0.884414156000922,0.869461510395884,0.8514705657401659,0.832945178307649,0.804438529680668,0.7722960137195329,0.7617335074232858,0.74043109759204,0.713431417936624
0.624750594401124,0.6758213042148971,0.7150757998039459,0.74552608160403,0.8014839991573821,0.8372972503085871,0.8574115214338329,0.8863065707135551,0.905089173529405,0.9151491187179491,0.9437829769924859,0.963184946054986,0.9710569266722029,0.991463483115016,1.0,0.994912732810598,0.987236566445231,0.9708816830265251,0.9460411605070129,0.9308831155959371,0.9316839166786569,0.923469002360065,0.912138743821982,0.902373107651093,0.8866902532436709,0.8679563505314479,0.8476389972359109,0.817406386313745,0.7837006894523141,0.7733044148144491,0.752125301285875,0.725056557422667
0.5900523236238461,0.63988362240761,0.6786485524006329,0.709558511246088,0.7668767116164459,0.8044881451991021,0.826584230154455,0.8559406806523541,0.875419628492509,0.8863517902420409,0.9147955162837959,0.93413630408755,0.9422277640243959,0.973284623099518,0.994912732810598,1.0,0.9966144211580851,0.980308309942479,0.9553991794255892,0.9394609812497351,0.938347434087496,0.92847191442635,0.915881342462542,0.905706567121221,0.88964274520045,0.8705536695614019,0.8490891363340479,0.8178761817912671,0.783356488692017,0.7732101103762159,0.752373694702501,0.7255678312294659
0.5639165193557011,0.612702064451799,0.650979473383432,0.681829594891191,0.738292583745402,0.77563680648212,0.797876313779067,0.8285987892739001,0.8496123472655891,0.862154172835456,0.8925999551748329,0.914045226744155,0.924160476136001,0.960171380649772,0.987236566445231,0.9966144211580851,1.0,0.99239112857227,0.974573204555327,0.961637731026032,0.9578866366845459,0.945624411167374,0.9311484896500469,0.920207120495228,0.903363379394327,0.8835241902003901,0.861622032797828,0.8298475224420742,0.7947361738115358,0.785062406041505,0.7645070560277091,0.737748571613352
0.53964009477884,0.5871699937779741,0.6246936164766871,0.654898144167903,0.7084993061402579,0.743819940217108,0.764721736728462,0.797290511755595,0.8203396642359779,0.8349774765032231,0.868856230759097,0.8938803349354001,0.907305686252978,0.9440006717198691,0.9708816830265251,0.980308309942479,0.99239112857227,1.0,0.994746414679385,0.9877128191536421,0.980766736046915,0.9656208976039871,0.9488619062710891,0.9369511707875541,0.919133963650382,0.898374797596665,0.876687809509396,0.8448570198939671,0.809538408194468,0.800574253017195,0.780399421285386,0.7537126146512081
0.513207081456218,0.5591426147517309,0.5956050025470191,0.624923003195917,0.675524072725428,0.7087532335900021,0.728300781918255,0.762027480712422,0.78650217738208,0.80271314728976,0.839053858856373,0.8667637280736558,0.8827857257339851,0.919624553896853,0.9460411605070129,0.9553991794255892,0.974573204555327,0.994746414679385,1.0,0.9979548350978079,0.988432785190697,0.971064817947028,0.9526016857971551,0.940022916658376,0.9216026630723091,0.9003189902584801,0.8790620310164692,0.847553043757868,0.812471090657806,0.8042007300224692,0.7845758923108029,0.758257708677042
0.49752162153391793,0.542730110244185,0.578794651547005,0.6078375243955,0.6570004590062719,0.6892736288255731,0.7082469728083142,0.7429511380184189,0.7685254280373628,0.7858857033298651,0.8234345873643739,0.852405827285399,0.869662580459609,0.9057054333299152,0.9308831155959371,0.9394609812497351,0.961637731026032,0.9877128191536421,0.9979548350978079,1.0,0.99376677291054,0.979091698232422,0.96256526072766,0.950428370507443,0.932307402373693,0.911226948296873,0.8908085961071159,0.8598157317180809,0.825028283102108,0.8162198577321609,0.7958051180027209,0.7687145871882471
0.497709677112285,0.54356123993976,0.580302079650155,0.610056162287092,0.660111810291865,0.693122235098816,0.712683489010002,0.74835174337592,0.7747766911103879,0.79286690192501,0.830046007814199,0.8584205966212372,0.875100583742484,0.9089717944387959,0.9316839166786569,0.938347434087496,0.9578866366845459,0.980766736046915,0.988432785190697,0.99376677291054,1.0,0.995665817699088,0.986712794407403,0.976690386658448,0.960190008872697,0.9403494035847321,0.921414397990723,0.8911805745353121,0.856683408131098,0.8453915872202159,0.8220040494181808,0.7922332878536099
0.49312123028286703,0.539072122574105,0.576026874361824,0.6060906085480899,0.6564137680503851,0.6897245259114921,0.7095897485855609,0.7457222350752701,0.772604911951183,0.7911316038916769,0.8276477385826311,0.8552540293812421,0.8712938082455041,0.9030303548784681,0.923469002360065,0.92847191442635,0.945624411167374,0.9656208976039871,0.971064817947028,0.979091698232422,0.995665817699088,1.0,0.997450569708039,0.9892877570268449,0.974296700757207,0.9556796246354559,0.93816265552329,0.9088503327447991,0.874924246359269,0.8616682764198891,0.836023623072683,0.8043006843865921
0.486197310018463,0.5320234121462899,0.569010182666904,0.599224850648454,0.6495124104427961,0.682909991286977,0.702938816620312,0.739305477966453,0.766465970346335,0.7852956489012621,0.821141306834815,0.8480371850785892,0.8635252720500781,0.893502594781425,0.912138743821982,0.915881342462542,0.9311484896500469,0.9488619062710891,0.9526016857971551,0.96256526072766,0.986712794407403,0.997450569708039,1.0,0.9950416415316221,0.9827792185246071,0.9664598581158871,0.950392510509527,0.9220988031707159,0.888871307031472,0.874439704158573,0.847336392666395,0.8143200967246892
0.47709684405041297,0.5228782433832451,0.5600334045968609,0.590543713506022,0.640728741251023,0.6741861476387739,0.6943800082948249,0.731039873177245,0.7585507002561009,0.777763827999423,0.8132994674238371,0.8398735254558372,0.8551576622523621,0.884414156000922,0.902373107651093,0.905706567121221,0.920207120495228,0.9369511707875541,0.940022916658376,0.950428370507443,0.976690386658448,0.9892877570268449,0.9950416415316221,1.0,0.996284682859274,0.987210212749117,0.973189035730083,0.9462464772479542,0.9138751903519209,0.900219601765147,0.8732132866477621,0.8399074884023009
0.465395876583341,0.510771917434192,0.547775321500193,0.5782972751476221,0.627991603013273,0.661232860750114,0.6814078972609959,0.718028046258024,0.745621899055658,0.765013180116335,0.799995781508218,0.826078353337909,0.841063484650514,0.869461510395884,0.8866902532436709,0.88964274520045,0.903363379394327,0.919133963650382,0.9216026630723091,0.932307402373693,0.960190008872697,0.974296700757207,0.9827792185246071,0.996284682859274,1.0,0.99727150478121,0.985134384348374,0.959577551778315,0.9282069032304681,0.9153326238546009,0.8886265833760971,0.85533684408965
0.45253903479604796,0.497300826666303,0.5339587411118231,0.5643109921852111,0.613269525182553,0.6461116110769219,0.6661376192560721,0.702508058334943,0.73001196916924,0.7494441171417799,0.783774380880394,0.809312672222352,0.823980661328257,0.8514705657401659,0.8679563505314479,0.8705536695614019,0.8835241902003901,0.898374797596665,0.9003189902584801,0.911226948296873,0.9403494035847321,0.9556796246354559,0.9664598581158871,0.987210212749117,0.99727150478121,1.0,0.9897697177405842,0.96573208753886,0.9355491143176601,0.923417354192043,0.8970937907020259,0.863981956353478
0.43641944531928495,0.48060894704924395,0.517043127900509,0.547068381655457,0.593320030315422,0.6241069383371729,0.6426404992803549,0.67859636323177,0.705944863386229,0.725424683671843,0.761708425982304,0.789574286538499,0.806457281115876,0.832945178307649,0.8476389972359109,0.8490891363340479,0.861622032797828,0.876687809509396,0.8790620310164692,0.8908085961071159,0.921414397990723,0.93816265552329,0.950392510509527,0.973189035730083,0.985134384348374,0.9897697177405842,1.0,0.9928821618953181,0.976370201865932,0.9643255309838459,0.935486872105152,0.899878630897895
0.41612982864913395,0.459149685108717,0.494826618588274,0.524108772820346,0.5673765807317149,0.595965820754645,0.612963328173603,0.648010124337576,0.674800673417778,0.694015277738607,0.731361611390428,0.760734150685327,0.779201826363256,0.804438529680668,0.817406386313745,0.8178761817912671,0.8298475224420742,0.8448570198939671,0.847553043757868,0.8598157317180809,0.8911805745353121,0.9088503327447991,0.9220988031707159,0.9462464772479542,0.959577551778315,0.96573208753886,0.9928821618953181,1.0,0.995158806974287,0.983375429413564,0.9528887814645409,0.9157541488553379
0.394928479488395,0.4365222197445589,0.471192017883783,0.4995472295352121,0.5398892219403301,0.566358659133245,0.581906518532,0.615827651525615,0.6418707361317261,0.660660609948463,0.698483620396793,0.7287847265782009,0.7483621777795642,0.7722960137195329,0.7837006894523141,0.783356488692017,0.7947361738115358,0.809538408194468,0.812471090657806,0.825028283102108,0.856683408131098,0.874924246359269,0.888871307031472,0.9138751903519209,0.9282069032304681,0.9355491143176601,0.976370201865932,0.995158806974287,1.0,0.988558492611644,0.957038608297017,0.9190423108277379
0.375713775932217,0.41819098240179703,0.45425147051083403,0.48417430561075897,0.524741488022644,0.5516701274259711,0.5678060151903871,0.600390665162958,0.62531549119249,0.643211642301913,0.6828535551748229,0.7154375138206309,0.7371309511071559,0.7617335074232858,0.7733044148144491,0.7732101103762159,0.785062406041505,0.800574253017195,0.8042007300224692,0.8162198577321609,0.8453915872202159,0.8616682764198891,0.874439704158573,0.900219601765147,0.9153326238546009,0.923417354192043,0.9643255309838459,0.983375429413564,0.988558492611644,1.0,0.9897838346298771,0.967885416805225
0.35268941037144297,0.39532007850222,0.432088778678064,0.46300115619900106,0.503333485378089,0.53042125716793,0.546970731203461,0.577777640140525,0.601237472856987,0.6179816566627491,0.658471187457003,0.6924254953031489,0.7155299970552729,0.74043109759204,0.752125301285875,0.752373694702501,0.7645070560277091,0.780399421285386,0.7845758923108029,0.7958051180027209,0.8220040494181808,0.836023623072683,0.847336392666395,0.8732132866477621,0.8886265833760971,0.8970937907020259,0.935486872105152,0.9528887814645409,0.957038608297017,0.9897838346298771,1.0,0.993839811345237
0.32981890934227603,0.37196771573441795,0.408768429747445,0.44001408445693607,0.479595119813486,0.506424613359042,0.523062203200831,0.552052834632466,0.5740430958982671,0.5896557266564639,0.6302331644210379,0.6647738597635711,0.68864939420589,0.713431417936624,0.725056557422667,0.7255678312294659,0.737748571613352,0.7537126146512081,0.758257708677042,0.7687145871882471,0.7922332878536099,0.8043006843865921,0.8143200967246892,0.8399074884023009,0.85533684408965,0.863981956353478,0.899878630897895,0.9157541488553379,0.9190423108277379,0.967885416805225,0.993839811345237,1.0
