1.0,0.9708313214402009,0.8623877775260459,0.777255242257134,0.7125959542350541,0.6412994496631911,0.6257386105166121,0.602033224809473,0.581177388902169,0.569310441894772,0.554386693733051,0.5408054653060179,0.525499059476963,0.510013615406578,0.501452784376131,0.49021634097461897,0.47040607018378205,0.444469678105946,0.42154312072178496,0.41659901081268497,0.411827952519895,0.40725037274938597,0.40335266977503703,0.39336350473980203,0.39177520607624605,0.39132440077239605,0.385696791272093,0.36683082092093394,0.3326925505040039,0.30683963190639896,0.272326162784388,0.23937717860151897
0.9708313214402009,1.0,0.958612935072726,0.9026933574496558,0.846151302745495,0.7785981217107171,0.7631671815824671,0.737687355895761,0.7146966036091881,0.701432273523367,0.6843328405410529,0.66921703933971,0.651915117402853,0.634155621112347,0.6244825044742529,0.6113704894696121,0.5921607970173101,0.5679754789184499,0.545506435968234,0.539045101437851,0.531909942387551,0.5241300303392841,0.514373586938385,0.49755450558121206,0.491434699695432,0.48704632503528794,0.476818932915121,0.442438560691048,0.393886139967465,0.356798234699958,0.31013615059382693,0.26829999342674804
0.8623877775260459,0.958612935072726,1.0,0.983021236436341,0.940416728980065,0.8824443087063041,0.8683407428730742,0.842690898643223,0.818912842565537,0.804997566959915,0.7866145367455091,0.770825637409964,0.752469457645307,0.7333597362482959,0.723101200818332,0.708758825015031,0.6917227016649731,0.671455401757209,0.6512378325481589,0.6434660525979,0.634066032982919,0.623074900332624,0.6071030889620389,0.583452325528204,0.572416732481874,0.563686225034145,0.5487742460078769,0.498584685671821,0.43660701192498297,0.388997443585247,0.331456656011036,0.28224778109704307
0.777255242257134,0.9026933574496558,0.983021236436341,1.0,0.9848555663536859,0.948981091780366,0.9369208141447621,0.912299486090537,0.888938803472261,0.8752821777355859,0.85669287584751,0.8418952255329352,0.8243468764863621,0.8053481197220741,0.793702677421231,0.7776163192742349,0.764298312596396,0.7509485753441751,0.7354392096471191,0.7261992859449721,0.7141867312156591,0.699764277701777,0.67763136800797,0.647562100844042,0.63160942127762,0.61850536841928,0.599174980833904,0.539905334395668,0.4697132402753211,0.41491254980861997,0.348827730689342,0.293799152200928
0.7125959542350541,0.846151302745495,0.940416728980065,0.9848555663536859,1.0,0.989272911588528,0.979343597575347,0.9561972588002551,0.9337775259416491,0.9207780628291109,0.9025201030170681,0.8893692033507399,0.873400213339639,0.855187413772057,0.841969620578326,0.824134284007109,0.81479669842818,0.8088994431921129,0.7986590229745409,0.7880687175661228,0.7736181905878,0.7561009553070308,0.7286139163251841,0.6931371851783399,0.6728893459374221,0.655950006156364,0.632887517217494,0.568804031021609,0.4938704434937129,0.43434755929055696,0.361908439816776,0.30254412902600797
0.6412994496631911,0.7785981217107171,0.8824443087063041,0.948981091780366,0.989272911588528,1.0,0.9927349234695659,0.9719808657059971,0.9512562636567921,0.9392025645017921,0.9217239040136379,0.910262509734491,0.895962296521328,0.8788306470574709,0.86478968036076,0.846056289202998,0.8402993559836629,0.840706141410367,0.8350449759989008,0.8235680469240959,0.8074070661879119,0.787779680410739,0.756763309839166,0.7178122791849649,0.6944636550687379,0.6745970303069511,0.648819216779714,0.581877647967,0.504388653145427,0.4421067248772129,0.365882270914755,0.30411343006875297
0.6257386105166121,0.7631671815824671,0.8683407428730742,0.9369208141447621,0.979343597575347,0.9927349234695659,1.0,0.9932022262023109,0.98122621857664,0.9713193771172829,0.95567209573221,0.9443513363859101,0.92954284220979,0.9124883740154069,0.9027372464837621,0.887557344953841,0.882428498333931,0.8810182014731059,0.8736856686637141,0.862262547427208,0.846144233384844,0.828364490989766,0.804711595799592,0.7712462069102758,0.748698434023876,0.726585378064335,0.6982184979656121,0.6246931330029499,0.54045533241931,0.47443305157792504,0.39548766577395605,0.33074128952265996
0.602033224809473,0.737687355895761,0.842690898643223,0.912299486090537,0.9561972588002551,0.9719808657059971,0.9932022262023109,1.0,0.9966531222395658,0.9889601629796549,0.975300932242827,0.964272748065985,0.9491772780363549,0.932433273853828,0.926967034492823,0.915434722308987,0.910984410134746,0.9078357340835279,0.89898767095591,0.8877745420626229,0.87192035861147,0.8561738849252281,0.8399715767561651,0.8122757937148629,0.790814527400168,0.766833971617645,0.7363545863071121,0.65747651026974,0.567874476970961,0.49914654492506294,0.418660390559476,0.35192868534395894
0.581177388902169,0.7146966036091881,0.818912842565537,0.888938803472261,0.9337775259416491,0.9512562636567921,0.98122621857664,0.9966531222395658,1.0,0.99652555231692,0.9868219554831429,0.9773549827396261,0.962998492242971,0.947093963308212,0.943869892139098,0.9342159311966659,0.9296297278727719,0.9247847860743679,0.914523385259237,0.9039848386378391,0.8889269175620909,0.874893220060083,0.8633315949564629,0.8392063736965022,0.8183239180916441,0.7930357606173349,0.761103774427695,0.6792511572385961,0.586460464761722,0.515795226038905,0.433598375459078,0.365166280291574
0.569310441894772,0.701432273523367,0.804997566959915,0.8752821777355859,0.9207780628291109,0.9392025645017921,0.9713193771172829,0.9889601629796549,0.99652555231692,1.0,0.996870047735278,0.990607340942764,0.978247778088822,0.963758297847127,0.9600282886410441,0.94980704976354,0.9439428816811091,0.9373875111291701,0.9257328474636329,0.9164056597302759,0.9027310890866241,0.889872191635603,0.8791273108333729,0.8554373935092221,0.834262314693946,0.8081634493161859,0.775345840372455,0.6929080159266159,0.5989391171321711,0.5266783072233651,0.441743751796401,0.37132644055062
0.554386693733051,0.6843328405410529,0.7866145367455091,0.85669287584751,0.9025201030170681,0.9217239040136379,0.95567209573221,0.975300932242827,0.9868219554831429,0.996870047735278,1.0,0.99681907870821,0.986434471013637,0.973381310161889,0.969195034543787,0.9585010299016841,0.9514614962661341,0.9433247029543219,0.9304224523152509,0.9223050561561379,0.910031478326853,0.8983703719689891,0.8884698225034722,0.8653453785007029,0.84402865025002,0.817328012798263,0.783880709359729,0.701417304388156,0.606934064035688,0.533623206310809,0.446635941649914,0.37478687689728
0.5408054653060179,0.66921703933971,0.770825637409964,0.8418952255329352,0.8893692033507399,0.910262509734491,0.9443513363859101,0.964272748065985,0.9773549827396261,0.990607340942764,0.99681907870821,1.0,0.996301754512426,0.988339808787586,0.9836415542268051,0.9723871778888761,0.9642904625415841,0.95480106415031,0.9407862968766971,0.9340763516625029,0.923362413201533,0.9124399561332671,0.901109468917427,0.876556978805687,0.8549818979204449,0.82856969843628,0.7952145475048491,0.716345824493303,0.623266818417992,0.549470531323385,0.45940632209279403,0.385157198436035
0.525499059476963,0.651915117402853,0.752469457645307,0.8243468764863621,0.873400213339639,0.895962296521328,0.92954284220979,0.9491772780363549,0.962998492242971,0.978247778088822,0.986434471013637,0.996301754512426,1.0,0.9977175376302421,0.9925611556292221,0.9808341286059491,0.9718425673226421,0.961223318824545,0.946301724251794,0.9409773282693309,0.9318022352354731,0.921504114122061,0.9083339664075699,0.8820935962350792,0.860376485233252,0.8346148714960929,0.801726550051193,0.727565283097357,0.636819642336419,0.5631540537041779,0.47051869091257403,0.394243429082887
0.510013615406578,0.634155621112347,0.7333597362482959,0.8053481197220741,0.855187413772057,0.8788306470574709,0.9124883740154069,0.932433273853828,0.947093963308212,0.963758297847127,0.973381310161889,0.988339808787586,0.9977175376302421,1.0,0.9957429259217491,0.984795121726483,0.9756357900230458,0.964152849402603,0.9485521102660799,0.944460810003908,0.936654595006726,0.927095774037336,0.9130196626635559,0.885929434717187,0.864600357015113,0.839835886493255,0.8077173053205459,0.7370389154808271,0.647937801933388,0.574495523760869,0.48026784337832795,0.40260389590928203
0.501452784376131,0.6244825044742529,0.723101200818332,0.793702677421231,0.841969620578326,0.86478968036076,0.9027372464837621,0.926967034492823,0.943869892139098,0.9600282886410441,0.969195034543787,0.9836415542268051,0.9925611556292221,0.9957429259217491,1.0,0.9966152050039029,0.9908357658710991,0.9791430446673242,0.963275933293789,0.9600832222506529,0.953171117632174,0.9450441654970629,0.934205770393345,0.9095258695433951,0.8909770019807429,0.868811648392109,0.838493362771208,0.7642809409436301,0.671217292992175,0.59636782942804,0.502151142714217,0.423471721480596
0.49021634097461897,0.6113704894696121,0.708758825015031,0.7776163192742349,0.824134284007109,0.846056289202998,0.887557344953841,0.915434722308987,0.9342159311966659,0.94980704976354,0.9585010299016841,0.9723871778888761,0.9808341286059491,0.984795121726483,0.9966152050039029,1.0,0.9972765183558291,0.9854806707385979,0.96948993884007,0.9671215885139359,0.961056561177471,0.9542650258117209,0.9463921156035191,0.9240391733793349,0.9081031244626551,0.8884150485717149,0.85992014038462,0.783088755925754,0.687159355148469,0.611592391689652,0.518062135213258,0.439042078251714
0.47040607018378205,0.5921607970173101,0.6917227016649731,0.764298312596396,0.81479669842818,0.8402993559836629,0.882428498333931,0.910984410134746,0.9296297278727719,0.9439428816811091,0.9514614962661341,0.9642904625415841,0.9718425673226421,0.9756357900230458,0.9908357658710991,0.9972765183558291,1.0,0.994709762940989,0.9836122902406441,0.9814115032365059,0.974833855433155,0.967473184574915,0.958804025728169,0.9355670809404241,0.919659541277952,0.9003877174013271,0.872082799061393,0.7919289738786891,0.693326584368197,0.616640869922207,0.523128555781142,0.443882422123401
0.444469678105946,0.5679754789184499,0.671455401757209,0.7509485753441751,0.8088994431921129,0.840706141410367,0.8810182014731059,0.9078357340835279,0.9247847860743679,0.9373875111291701,0.9433247029543219,0.95480106415031,0.961223318824545,0.964152849402603,0.9791430446673242,0.9854806707385979,0.994709762940989,1.0,0.996929770171542,0.994401630993523,0.986405887614475,0.977179733126075,0.965083330794593,0.938820562109395,0.9211099818642309,0.900776192705881,0.871571715760567,0.7883932384722679,0.6880851628823261,0.61050451982584,0.516975398444221,0.43800675589957294
0.42154312072178496,0.545506435968234,0.6512378325481589,0.7354392096471191,0.7986590229745409,0.8350449759989008,0.8736856686637141,0.89898767095591,0.914523385259237,0.9257328474636329,0.9304224523152509,0.9407862968766971,0.946301724251794,0.9485521102660799,0.963275933293789,0.96948993884007,0.9836122902406441,0.996929770171542,1.0,0.9972402976926391,0.9882204217911321,0.977637858696583,0.963015004619124,0.934632379200072,0.915673248492783,0.8946744147973008,0.864991690807955,0.7800985016756942,0.67920274288129,0.6014909803532521,0.508613351435401,0.43041710831457203
0.41659901081268497,0.539045101437851,0.6434660525979,0.7261992859449721,0.7880687175661228,0.8235680469240959,0.862262547427208,0.8877745420626229,0.9039848386378391,0.9164056597302759,0.9223050561561379,0.9340763516625029,0.9409773282693309,0.944460810003908,0.9600832222506529,0.9671215885139359,0.9814115032365059,0.994401630993523,0.9972402976926391,1.0,0.9968319861749392,0.9902263049248609,0.974972412657185,0.945854153522563,0.928095932874866,0.9091680373486299,0.8810350122987171,0.79482298065528,0.6921503146653579,0.6130772159073891,0.51854082109567,0.43890861327721997
0.411827952519895,0.531909942387551,0.634066032982919,0.7141867312156591,0.7736181905878,0.8074070661879119,0.846144233384844,0.87192035861147,0.8889269175620909,0.9027310890866241,0.910031478326853,0.923362413201533,0.9318022352354731,0.936654595006726,0.953171117632174,0.961056561177471,0.974833855433155,0.986405887614475,0.9882204217911321,0.9968319861749392,1.0,0.99780782084434,0.982287722121601,0.952821600416035,0.936590768329552,0.9200448684155621,0.8937720075858471,0.8068722295453841,0.702981612842754,0.622938129594477,0.527108150535347,0.44631756357263697
0.40725037274938597,0.5241300303392841,0.623074900332624,0.699764277701777,0.7561009553070308,0.787779680410739,0.828364490989766,0.8561738849252281,0.874893220060083,0.889872191635603,0.8983703719689891,0.9124399561332671,0.921504114122061,0.927095774037336,0.9450441654970629,0.9542650258117209,0.967473184574915,0.977179733126075,0.977637858696583,0.9902263049248609,0.99780782084434,1.0,0.9895300214153729,0.964249914654596,0.950355531132795,0.9349042785854721,0.909354014305072,0.8231720925416891,0.7187388598542122,0.638830075293586,0.543210568206725,0.461791400151869
0.40335266977503703,0.514373586938385,0.6071030889620389,0.67763136800797,0.7286139163251841,0.756763309839166,0.804711595799592,0.8399715767561651,0.8633315949564629,0.8791273108333729,0.8884698225034722,0.901109468917427,0.9083339664075699,0.9130196626635559,0.934205770393345,0.9463921156035191,0.958804025728169,0.965083330794593,0.963015004619124,0.974972412657185,0.982287722121601,0.9895300214153729,1.0,0.992400153924658,0.983498823936055,0.9656473516102231,0.937663420838429,0.856109850378232,0.752721811265718,0.675922197402817,0.584595420800953,0.503760033113395
0.39336350473980203,0.49755450558121206,0.583452325528204,0.647562100844042,0.6931371851783399,0.7178122791849649,0.7712462069102758,0.8122757937148629,0.8392063736965022,0.8554373935092221,0.8653453785007029,0.876556978805687,0.8820935962350792,0.885929434717187,0.9095258695433951,0.9240391733793349,0.9355670809404241,0.938820562109395,0.934632379200072,0.945854153522563,0.952821600416035,0.964249914654596,0.992400153924658,1.0,0.995502827848741,0.97589996351798,0.946303578254973,0.870043909211902,0.769255638058167,0.696376114327334,0.610218607489908,0.531216873166327
0.39177520607624605,0.491434699695432,0.572416732481874,0.63160942127762,0.6728893459374221,0.6944636550687379,0.748698434023876,0.790814527400168,0.8183239180916441,0.834262314693946,0.84402865025002,0.8549818979204449,0.860376485233252,0.864600357015113,0.8909770019807429,0.9081031244626551,0.919659541277952,0.9211099818642309,0.915673248492783,0.928095932874866,0.936590768329552,0.950355531132795,0.983498823936055,0.995502827848741,1.0,0.991350724373841,0.970771849992187,0.900245221904809,0.8010807636375071,0.7289634375856691,0.641577467766569,0.5603911969682529
0.39132440077239605,0.48704632503528794,0.563686225034145,0.61850536841928,0.655950006156364,0.6745970303069511,0.726585378064335,0.766833971617645,0.7930357606173349,0.8081634493161859,0.817328012798263,0.82856969843628,0.8346148714960929,0.839835886493255,0.868811648392109,0.8884150485717149,0.9003877174013271,0.900776192705881,0.8946744147973008,0.9091680373486299,0.9200448684155621,0.9349042785854721,0.9656473516102231,0.97589996351798,0.991350724373841,1.0,0.993873348186356,0.9296392959081191,0.8323662036332808,0.759908608306922,0.668686293708798,0.583985220095272
0.385696791272093,0.476818932915121,0.5487742460078769,0.599174980833904,0.632887517217494,0.648819216779714,0.6982184979656121,0.7363545863071121,0.761103774427695,0.775345840372455,0.783880709359729,0.7952145475048491,0.801726550051193,0.8077173053205459,0.838493362771208,0.85992014038462,0.872082799061393,0.871571715760567,0.864991690807955,0.8810350122987171,0.8937720075858471,0.909354014305072,0.937663420838429,0.946303578254973,0.970771849992187,0.993873348186356,1.0,0.941926755546756,0.8475510095645699,0.775778563133238,0.682548777882133,0.5960235698636109
0.36683082092093394,0.442438560691048,0.498584685671821,0.539905334395668,0.568804031021609,0.581877647967,0.6246931330029499,0.65747651026974,0.6792511572385961,0.6929080159266159,0.701417304388156,0.716345824493303,0.727565283097357,0.7370389154808271,0.7642809409436301,0.783088755925754,0.7919289738786891,0.7883932384722679,0.7800985016756942,0.79482298065528,0.8068722295453841,0.8231720925416891,0.856109850378232,0.870043909211902,0.900245221904809,0.9296392959081191,0.941926755546756,1.0,0.976551963624032,0.9372650971675099,0.838086851431015,0.740811262249728
0.3326925505040039,0.393886139967465,0.43660701192498297,0.4697132402753211,0.4938704434937129,0.504388653145427,0.54045533241931,0.567874476970961,0.586460464761722,0.5989391171321711,0.606934064035688,0.623266818417992,0.636819642336419,0.647937801933388,0.671217292992175,0.687159355148469,0.693326584368197,0.6880851628823261,0.67920274288129,0.6921503146653579,0.702981612842754,0.7187388598542122,0.752721811265718,0.769255638058167,0.8010807636375071,0.8323662036332808,0.8475510095645699,0.976551963624032,1.0,0.983933669587392,0.886980069447872,0.788725322347058
0.30683963190639896,0.356798234699958,0.388997443585247,0.41491254980861997,0.43434755929055696,0.4421067248772129,0.47443305157792504,0.49914654492506294,0.515795226038905,0.5266783072233651,0.533623206310809,0.549470531323385,0.5631540537041779,0.574495523760869,0.59636782942804,0.611592391689652,0.616640869922207,0.61050451982584,0.6014909803532521,0.6130772159073891,0.622938129594477,0.638830075293586,0.675922197402817,0.696376114327334,0.7289634375856691,0.759908608306922,0.775778563133238,0.9372650971675099,0.983933669587392,1.0,0.949461994123461,0.87549819023314
0.272326162784388,0.31013615059382693,0.331456656011036,0.348827730689342,0.361908439816776,0.365882270914755,0.39548766577395605,0.418660390559476,0.433598375459078,0.441743751796401,0.446635941649914,0.45940632209279403,0.47051869091257403,0.48026784337832795,0.502151142714217,0.518062135213258,0.523128555781142,0.516975398444221,0.508613351435401,0.51854082109567,0.527108150535347,0.543210568206725,0.584595420800953,0.610218607489908,0.641577467766569,0.668686293708798,0.682548777882133,0.838086851431015,0.886980069447872,0.949461994123461,1.0,0.9829267652829659
0.23937717860151897,0.26829999342674804,0.28224778109704307,0.293799152200928,0.30254412902600797,0.30411343006875297,0.33074128952265996,0.35192868534395894,0.365166280291574,0.37132644055062,0.37478687689728,0.385157198436035,0.394243429082887,0.40260389590928203,0.423471721480596,0.439042078251714,0.443882422123401,0.43800675589957294,0.43041710831457203,0.43890861327721997,0.44631756357263697,0.461791400151869,0.503760033113395,0.531216873166327,0.5603911969682529,0.583985220095272,0.5960235698636109,0.740811262249728,0.788725322347058,0.87549819023314,0.9829267652829659,1.0
