1.0,0.9927608623766451,0.9669631524948651,0.917227278146613,0.898479747988071,0.882500091110612,0.8558583020938291,0.8299217853349921,0.8245201424230029,0.8129218467940079,0.795739074536729,0.786572319939293,0.7753426650896221,0.758912352498509,0.7369176822738441,0.693024045364228,0.6359287536629661,0.578080286567722,0.510754684970035,0.43751406222415706,0.382333065768135,0.35010632979224704,0.34108528698211305,0.32713665382068,0.312559360381856,0.31927799409685703,0.32088366552503006,0.316123608525864,0.313556617520651,0.321682405114693,0.32423161220082697,0.323617418629497
0.9927608623766451,1.0,0.990580581089536,0.95843398166226,0.94386762859518,0.928312110755098,0.9015940375110381,0.8753548289026679,0.870020269822138,0.8581426840753059,0.8403602335787711,0.831066127551276,0.819589936617499,0.8026002406907241,0.7804456289299878,0.7369182464641991,0.6787953715209579,0.6192935122956171,0.5522835081154049,0.477453381279834,0.420333375485474,0.38719478611589797,0.37886927356243,0.364670010533302,0.349450165507596,0.35590180206874794,0.356354861952921,0.35012938811168204,0.34619626510371904,0.35288340281809494,0.353871933290887,0.3517471484750219
0.9669631524948651,0.990580581089536,1.0,0.9884744898012879,0.978932389162287,0.964135324234792,0.93780245773651,0.9116818729360621,0.9065180691779939,0.89453198058502,0.8763801167598492,0.8671050717645821,0.8555506261628059,0.838223445875807,0.816278017886179,0.773937429588194,0.7156702177372521,0.655334926776405,0.589868961654528,0.514549129112541,0.45622797503461704,0.422635453136615,0.415250025568166,0.401015964254461,0.385332539623535,0.391365764403314,0.390496761512988,0.382710632041654,0.377289533274793,0.382218332996098,0.38141011546144,0.37760070354904895
0.917227278146613,0.95843398166226,0.9884744898012879,1.0,0.9962219343305001,0.982588034348592,0.9572587695857591,0.931842401797373,0.9269806714988901,0.915137592274597,0.896975555052111,0.8879250722187271,0.8765376076300401,0.859217460762534,0.837984770239423,0.797885198116381,0.740736757682254,0.680803764600683,0.618481133120805,0.5442723649100399,0.485902781620278,0.452545402532758,0.446361341012586,0.432401094112159,0.41654923218323603,0.421987506188073,0.41967592931946096,0.410335201096014,0.403387969301118,0.406264659919229,0.403487734753616,0.39789941762325803
0.898479747988071,0.94386762859518,0.978932389162287,0.9962219343305001,1.0,0.994685229644072,0.977890344062811,0.9584920446881701,0.9533691964675408,0.9410677451653421,0.9222715581578879,0.913212093587034,0.9018470832794779,0.8843637854425269,0.863323919580558,0.824032599534627,0.7667575244993271,0.7062166881498979,0.64570558481945,0.5717348342820849,0.5128411236541389,0.47922579154300704,0.47331702091638295,0.45900923632703294,0.4425722408568689,0.44894992655973903,0.446997639319568,0.4374087817397279,0.43013682230051503,0.432817799450679,0.4295478254134829,0.423344214040211
0.882500091110612,0.928312110755098,0.964135324234792,0.982588034348592,0.994685229644072,1.0,0.994224445062159,0.982639326485658,0.977119541678148,0.964245579648927,0.9447240942177699,0.9356416307853441,0.924323411898066,0.9067209835974759,0.8858558422388341,0.847230049219227,0.7898002234694441,0.7286871872234051,0.6700291317378281,0.5964768711928929,0.537235003036876,0.503403144510341,0.497559780785925,0.482800286580772,0.465732540008521,0.473470539465966,0.472395250665011,0.462959175256008,0.45571883732685,0.458689471523674,0.45532909594035603,0.44883898426033797
0.8558583020938291,0.9015940375110381,0.93780245773651,0.9572587695857591,0.977890344062811,0.994224445062159,1.0,0.9966898681663091,0.9908188031687841,0.9774937697355291,0.957437176643841,0.948433511553763,0.9372921335994909,0.919764708840285,0.899317782850115,0.861822749365015,0.804881457694655,0.74386351311419,0.6878006743090209,0.6155168827460229,0.556582459100048,0.52290772627793,0.517198657355867,0.502135341479656,0.48460327181033797,0.493671606794926,0.49352260530101205,0.484352550962964,0.47722709954040604,0.480466037826332,0.47704945779464203,0.470334156290246
0.8299217853349921,0.8753548289026679,0.9116818729360621,0.931842401797373,0.9584920446881701,0.982639326485658,0.9966898681663091,1.0,0.9961326145071079,0.9847466546474899,0.9665249524736279,0.9581718353715258,0.9472788164530921,0.9299167620798191,0.90995971075461,0.8736512461498851,0.8173280935867571,0.756559763390979,0.7034507880318579,0.6328234217835329,0.574474513017199,0.541118385593675,0.5355893271487371,0.5202829375577321,0.5023471778058479,0.51274156566994,0.513531168818807,0.504656382747369,0.49759835608596203,0.5007927771920201,0.49708425845395704,0.48996655975795
0.8245201424230029,0.870020269822138,0.9065180691779939,0.9269806714988901,0.9533691964675408,0.977119541678148,0.9908188031687841,0.9961326145071079,1.0,0.996225831815293,0.985330134198937,0.9788565520200642,0.9681536765808879,0.9508216931380121,0.9310950070023559,0.895290155824841,0.838726223271227,0.7773492445965459,0.726804892262038,0.6572613505119921,0.59897617197497,0.5656479380006579,0.560289123401741,0.54460164216409,0.52608267320275,0.537903398399457,0.539608430349129,0.530901079768039,0.523642386833335,0.526068677370634,0.521418438149985,0.513335910388651
0.8129218467940079,0.8581426840753059,0.89453198058502,0.915137592274597,0.9410677451653421,0.964245579648927,0.9774937697355291,0.9847466546474899,0.996225831815293,1.0,0.996424396514075,0.99185676805196,0.9814230206065729,0.9642523762508192,0.944903086635118,0.9098676829624929,0.8534954733009781,0.791983354917337,0.7443564598295799,0.6764117917626271,0.618632233536987,0.585584675043536,0.5804347428281229,0.564489924475438,0.545535451337827,0.558675476643559,0.5612719094311172,0.5527960981584771,0.545394295404792,0.547043324347352,0.541498078906072,0.53252378337845
0.795739074536729,0.8403602335787711,0.8763801167598492,0.896975555052111,0.9222715581578879,0.9447240942177699,0.957437176643841,0.9665249524736279,0.985330134198937,0.996424396514075,1.0,0.9973207148194291,0.9872245708149009,0.970335447546624,0.951493780287005,0.9174613302249549,0.861684401967866,0.8004866620005808,0.7560448456873471,0.6901490542303321,0.633280523487558,0.6007457436050561,0.595836468398354,0.5797567506412491,0.5605157705374599,0.574844729350088,0.5782900179413499,0.570101028036099,0.562613582125902,0.563494080192063,0.557117846431456,0.547340573172532
0.786572319939293,0.831066127551276,0.8671050717645821,0.8879250722187271,0.913212093587034,0.9356416307853441,0.948433511553763,0.9581718353715258,0.9788565520200642,0.99185676805196,0.9973207148194291,1.0,0.996117132696936,0.9851233996470429,0.970679697201958,0.93713988012788,0.8811724886213019,0.8194433782460071,0.775458788021032,0.709038564789975,0.651391173250543,0.618511144875037,0.61398170443046,0.5978166199345699,0.578293346017792,0.594662630193555,0.5997364889444461,0.592303562607053,0.5851804263384229,0.586152084061374,0.5795647303782501,0.569430645482764
0.7753426650896221,0.819589936617499,0.8555506261628059,0.8765376076300401,0.9018470832794779,0.924323411898066,0.9372921335994909,0.9472788164530921,0.9681536765808879,0.9814230206065729,0.9872245708149009,0.996117132696936,1.0,0.9964274587209659,0.987471914125164,0.9544632163001869,0.8984083315742271,0.8362737173979721,0.79222099434773,0.724942529076971,0.666386051798766,0.6331143177923271,0.6290222426559,0.612879981055699,0.593192999779954,0.611707870291063,0.618568263222178,0.61205096957005,0.6054523299500639,0.606749810031035,0.600167785633502,0.5898676453451601
0.758912352498509,0.8026002406907241,0.838223445875807,0.859217460762534,0.8843637854425269,0.9067209835974759,0.919764708840285,0.9299167620798191,0.9508216931380121,0.9642523762508192,0.970335447546624,0.9851233996470429,0.9964274587209659,1.0,0.996374495523463,0.9641161651316741,0.9083863993279392,0.846316208014228,0.8025195925286821,0.734908782910452,0.6759075408589971,0.642502844823209,0.6388601872926,0.622857614272597,0.603157253436376,0.623595236771375,0.632119356674839,0.626527971275924,0.620480623916574,0.622081191279895,0.615552310203489,0.6051680392929809
0.7369176822738441,0.7804456289299878,0.816278017886179,0.837984770239423,0.863323919580558,0.8858558422388341,0.899317782850115,0.90995971075461,0.9310950070023559,0.944903086635118,0.951493780287005,0.970679697201958,0.987471914125164,0.996374495523463,1.0,0.979781727308456,0.9334836719684091,0.8784336448701949,0.83532450655454,0.7652519900035301,0.704015200108297,0.6696965442731329,0.6672445027481719,0.6515639643779929,0.6317641714719251,0.652793175928618,0.661129202759661,0.6548721568871221,0.648307210056724,0.6499930618444711,0.643182175167973,0.632340754091994
0.693024045364228,0.7369182464641991,0.773937429588194,0.797885198116381,0.824032599534627,0.847230049219227,0.861822749365015,0.8736512461498851,0.895290155824841,0.9098676829624929,0.9174613302249549,0.93713988012788,0.9544632163001869,0.9641161651316741,0.979781727308456,1.0,0.9863591149796991,0.9562792689514179,0.9153983732644642,0.8382999010105251,0.7710127478879879,0.734198484407153,0.734815981802098,0.720081700452905,0.700180106078531,0.7182623294507791,0.721709973019775,0.7108883616278091,0.701212229971099,0.702423653403323,0.6945677832218079,0.682454100441162
0.6359287536629661,0.6787953715209579,0.7156702177372521,0.740736757682254,0.7667575244993271,0.7898002234694441,0.804881457694655,0.8173280935867571,0.838726223271227,0.8534954733009781,0.861684401967866,0.8811724886213019,0.8984083315742271,0.9083863993279392,0.9334836719684091,0.9863591149796991,1.0,0.9913751287573,0.9535652171583899,0.8730203158171751,0.802792362365389,0.765039401519365,0.768163676224559,0.7546540188547429,0.735271198326695,0.750381499816438,0.749702832130965,0.735453340756879,0.723510422445336,0.724294832036275,0.715817039166131,0.70302334740661
0.578080286567722,0.6192935122956171,0.655334926776405,0.680803764600683,0.7062166881498979,0.7286871872234051,0.74386351311419,0.756559763390979,0.7773492445965459,0.791983354917337,0.8004866620005808,0.8194433782460071,0.8362737173979721,0.846316208014228,0.8784336448701949,0.9562792689514179,0.9913751287573,1.0,0.965371832084758,0.8836524450734309,0.8124515411319571,0.774686849103149,0.7797460530780029,0.767474636724751,0.7488825246387539,0.761332259965014,0.757381594644913,0.7406806026539399,0.727165660595752,0.727594812594908,0.71878705906258,0.7057012568089351
0.510754684970035,0.5522835081154049,0.589868961654528,0.618481133120805,0.64570558481945,0.6700291317378281,0.6878006743090209,0.7034507880318579,0.726804892262038,0.7443564598295799,0.7560448456873471,0.775458788021032,0.79222099434773,0.8025195925286821,0.83532450655454,0.9153983732644642,0.9535652171583899,0.965371832084758,1.0,0.975010703023193,0.9360731584435709,0.912039321378552,0.906055612710958,0.88273570267582,0.85432691180922,0.8623708389156851,0.853455622034063,0.8314843527526259,0.8139393348160179,0.81244006401996,0.8009989192045199,0.7850979710337159
0.43751406222415706,0.477453381279834,0.514549129112541,0.5442723649100399,0.5717348342820849,0.5964768711928929,0.6155168827460229,0.6328234217835329,0.6572613505119921,0.6764117917626271,0.6901490542303321,0.709038564789975,0.724942529076971,0.734908782910452,0.7652519900035301,0.8382999010105251,0.8730203158171751,0.8836524450734309,0.975010703023193,1.0,0.990837695175374,0.9797898875032159,0.964321219926422,0.932550868419971,0.8970948197702429,0.901460237883471,0.8893927120935509,0.8645354196981401,0.844765014430815,0.8417647181050759,0.828735866215215,0.811318148963803
0.382333065768135,0.420333375485474,0.45622797503461704,0.485902781620278,0.5128411236541389,0.537235003036876,0.556582459100048,0.574474513017199,0.59897617197497,0.618632233536987,0.633280523487558,0.651391173250543,0.666386051798766,0.6759075408589971,0.704015200108297,0.7710127478879879,0.802792362365389,0.8124515411319571,0.9360731584435709,0.990837695175374,1.0,0.9971159403662909,0.976257743038424,0.940123798002504,0.9012469653408359,0.903269765504255,0.889579729812672,0.863573297309923,0.8429314896681149,0.839091734323048,0.8254149641687879,0.807499341883517
0.35010632979224704,0.38719478611589797,0.422635453136615,0.452545402532758,0.47922579154300704,0.503403144510341,0.52290772627793,0.541118385593675,0.5656479380006579,0.585584675043536,0.6007457436050561,0.618511144875037,0.6331143177923271,0.642502844823209,0.6696965442731329,0.734198484407153,0.765039401519365,0.774686849103149,0.912039321378552,0.9797898875032159,0.9971159403662909,1.0,0.9846182922432091,0.952494343671753,0.916528674137591,0.9158528451257929,0.89827113045996,0.8693570211861209,0.8467424642516801,0.8419907006896808,0.827536991279234,0.8089738365356021
0.34108528698211305,0.37886927356243,0.415250025568166,0.446361341012586,0.47331702091638295,0.497559780785925,0.517198657355867,0.5355893271487371,0.560289123401741,0.5804347428281229,0.595836468398354,0.61398170443046,0.6290222426559,0.6388601872926,0.6672445027481719,0.734815981802098,0.768163676224559,0.7797460530780029,0.906055612710958,0.964321219926422,0.976257743038424,0.9846182922432091,1.0,0.991055200138607,0.972313181703928,0.9661915172220179,0.93719228742203,0.899501023938532,0.8710876073443671,0.864553569856461,0.8483688996992099,0.828229919162772
0.32713665382068,0.364670010533302,0.401015964254461,0.432401094112159,0.45900923632703294,0.482800286580772,0.502135341479656,0.5202829375577321,0.54460164216409,0.564489924475438,0.5797567506412491,0.5978166199345699,0.612879981055699,0.622857614272597,0.6515639643779929,0.720081700452905,0.7546540188547429,0.767474636724751,0.88273570267582,0.932550868419971,0.940123798002504,0.952494343671753,0.991055200138607,1.0,0.994801442729397,0.9846468653205821,0.9475269024800971,0.9039115128044051,0.8716568342802109,0.86389668774508,0.846724807746082,0.825798939850457
0.312559360381856,0.349450165507596,0.385332539623535,0.41654923218323603,0.4425722408568689,0.465732540008521,0.48460327181033797,0.5023471778058479,0.52608267320275,0.545535451337827,0.5605157705374599,0.578293346017792,0.593192999779954,0.603157253436376,0.6317641714719251,0.700180106078531,0.735271198326695,0.7488825246387539,0.85432691180922,0.8970948197702429,0.9012469653408359,0.916528674137591,0.972313181703928,0.994801442729397,1.0,0.986890127657534,0.944019811167756,0.8964083337105921,0.861610336384761,0.853007891514889,0.835289177247971,0.814014473321065
0.31927799409685703,0.35590180206874794,0.391365764403314,0.421987506188073,0.44894992655973903,0.473470539465966,0.493671606794926,0.51274156566994,0.537903398399457,0.558675476643559,0.574844729350088,0.594662630193555,0.611707870291063,0.623595236771375,0.652793175928618,0.7182623294507791,0.750381499816438,0.761332259965014,0.8623708389156851,0.901460237883471,0.903269765504255,0.9158528451257929,0.9661915172220179,0.9846468653205821,0.986890127657534,1.0,0.984729647233278,0.9558596250651121,0.9316148655523421,0.921371477402396,0.901460184240278,0.877860418532902
0.32088366552503006,0.356354861952921,0.390496761512988,0.41967592931946096,0.446997639319568,0.472395250665011,0.49352260530101205,0.513531168818807,0.539608430349129,0.5612719094311172,0.5782900179413499,0.5997364889444461,0.618568263222178,0.632119356674839,0.661129202759661,0.721709973019775,0.749702832130965,0.757381594644913,0.853455622034063,0.8893927120935509,0.889579729812672,0.89827113045996,0.93719228742203,0.9475269024800971,0.944019811167756,0.984729647233278,1.0,0.992415245945825,0.980456164276234,0.9690109630726379,0.9475244159424708,0.9222664215925609
0.316123608525864,0.35012938811168204,0.382710632041654,0.410335201096014,0.4374087817397279,0.462959175256008,0.484352550962964,0.504656382747369,0.530901079768039,0.5527960981584771,0.570101028036099,0.592303562607053,0.61205096957005,0.626527971275924,0.6548721568871221,0.7108883616278091,0.735453340756879,0.7406806026539399,0.8314843527526259,0.8645354196981401,0.863573297309923,0.8693570211861209,0.899501023938532,0.9039115128044051,0.8964083337105921,0.9558596250651121,0.992415245945825,1.0,0.9969358800331078,0.9848522622089979,0.962648035846351,0.9366830437890029
0.313556617520651,0.34619626510371904,0.377289533274793,0.403387969301118,0.43013682230051503,0.45571883732685,0.47722709954040604,0.49759835608596203,0.523642386833335,0.545394295404792,0.562613582125902,0.5851804263384229,0.6054523299500639,0.620480623916574,0.648307210056724,0.701212229971099,0.723510422445336,0.727165660595752,0.8139393348160179,0.844765014430815,0.8429314896681149,0.8467424642516801,0.8710876073443671,0.8716568342802109,0.861610336384761,0.9316148655523421,0.980456164276234,0.9969358800331078,1.0,0.9914399810756059,0.9720136585474559,0.948223692339681
0.321682405114693,0.35288340281809494,0.382218332996098,0.406264659919229,0.432817799450679,0.458689471523674,0.480466037826332,0.5007927771920201,0.526068677370634,0.547043324347352,0.563494080192063,0.586152084061374,0.606749810031035,0.622081191279895,0.6499930618444711,0.702423653403323,0.724294832036275,0.727594812594908,0.81244006401996,0.8417647181050759,0.839091734323048,0.8419907006896808,0.864553569856461,0.86389668774508,0.853007891514889,0.921371477402396,0.9690109630726379,0.9848522622089979,0.9914399810756059,1.0,0.9943656906522521,0.9815741951576621
0.32423161220082697,0.353871933290887,0.38141011546144,0.403487734753616,0.4295478254134829,0.45532909594035603,0.47704945779464203,0.49708425845395704,0.521418438149985,0.541498078906072,0.557117846431456,0.5795647303782501,0.600167785633502,0.615552310203489,0.643182175167973,0.6945677832218079,0.715817039166131,0.71878705906258,0.8009989192045199,0.828735866215215,0.8254149641687879,0.827536991279234,0.8483688996992099,0.846724807746082,0.835289177247971,0.901460184240278,0.9475244159424708,0.962648035846351,0.9720136585474559,0.9943656906522521,1.0,0.996299117404712
0.323617418629497,0.3517471484750219,0.37760070354904895,0.39789941762325803,0.423344214040211,0.44883898426033797,0.470334156290246,0.48996655975795,0.513335910388651,0.53252378337845,0.547340573172532,0.569430645482764,0.5898676453451601,0.6051680392929809,0.632340754091994,0.682454100441162,0.70302334740661,0.7057012568089351,0.7850979710337159,0.811318148963803,0.807499341883517,0.8089738365356021,0.828229919162772,0.825798939850457,0.814014473321065,0.877860418532902,0.9222664215925609,0.9366830437890029,0.948223692339681,0.9815741951576621,0.996299117404712,1.0
