1.0,0.960031452839684,0.9512571902574789,0.946778115326927,0.9434662066934809,0.93903497879734,0.9354931412534321,0.932318719919131,0.929511452875455,0.9270957005464859,0.92413187541567,0.921350111799889,0.9170809621952472,0.9133379865364442,0.909053217165889,0.9055765680271429,0.900473282963372,0.8943035143785479,0.888582173214999,0.8832274924416609,0.8773611145438058,0.8696145247036099,0.8600994647404989,0.852808099888027,0.840037379812828,0.818509367425452,0.79461186016207,0.7554457342638409,0.7131968571651309,0.62438386262152,0.514349342974519,0.309885466222473
0.960031452839684,1.0,0.99414313073471,0.9902274027252579,0.9874091635591391,0.9847934344824479,0.9822793259695609,0.980238336920481,0.978001867860122,0.9760181006764209,0.972969645205628,0.9701850032767059,0.966624679073757,0.963615397607047,0.9600678054181411,0.957360632181371,0.9532166466102672,0.948516157768766,0.9436427481662131,0.93903076307843,0.934297672921452,0.927075400307715,0.917797033208751,0.9108661085015022,0.8989645367391621,0.87786606479719,0.854190919959052,0.814851297601614,0.771989158813265,0.68330192697607,0.5759504718898578,0.36940894350611503
0.9512571902574789,0.99414313073471,1.0,0.997222088484975,0.9948456157099169,0.992823555388085,0.991011065427327,0.9893591177416641,0.9875009061873621,0.9857847403929141,0.9831509888178709,0.9807649451648,0.9776425089397021,0.9749810603650909,0.97185322958967,0.969302982310604,0.9654985195467329,0.961242730297822,0.9567916200460759,0.9524179467552472,0.9480140241564399,0.9413439480631159,0.932945326211188,0.9265464078155609,0.9155213865583091,0.8957209326618192,0.8729863835934208,0.8347550411582181,0.79219428462027,0.704895173778393,0.596217868925692,0.384487863867506
0.946778115326927,0.9902274027252579,0.997222088484975,1.0,0.998417780617909,0.9967966725756291,0.995242244879216,0.993740458721126,0.9921092438595408,0.9905571204412009,0.98837397729801,0.98628391838652,0.9837286224432059,0.9814227992184371,0.97848214821257,0.9760243674222661,0.972476758457976,0.9685242361039481,0.964398666840654,0.9602197403715821,0.9559879133006708,0.9496169392492801,0.9415116724773299,0.9354890493360931,0.9250551255425792,0.9060143594776251,0.884057672032734,0.846591877204684,0.804766544518294,0.7177350521898629,0.6086523556175429,0.395172995730011
0.9434662066934809,0.9874091635591391,0.9948456157099169,0.998417780617909,1.0,0.9988061519634249,0.9974835895451709,0.9961403861180601,0.9945465255280641,0.993107350224514,0.9911219702537359,0.9892493590384319,0.9869242878929141,0.9848225596728221,0.9821626896665341,0.9797835002872559,0.976406544803452,0.9726755427452091,0.9686909995470899,0.96463200643922,0.960556007274967,0.954349266507293,0.9464879298593241,0.9406064581965129,0.930374870253559,0.911687912898657,0.890281279381703,0.8532682651808621,0.8118587018870309,0.7255647331424259,0.616575973071565,0.40007431150317796
0.93903497879734,0.9847934344824479,0.992823555388085,0.9967966725756291,0.9988061519634249,1.0,0.9990624047495059,0.997946359876659,0.996611197750645,0.995356393530643,0.9936409993573571,0.9919562661815071,0.9898619376468331,0.9879661741523409,0.985470248730297,0.9831670639096558,0.9799659632125409,0.9764309181906571,0.972671250261622,0.968800522170146,0.9648774694104829,0.958955505536823,0.9513923454389341,0.9457649912767808,0.9357488102093809,0.9175954277704421,0.896596106598807,0.859894676703789,0.8186336810159741,0.733062536713414,0.6236871092113421,0.407589929357111
0.9354931412534321,0.9822793259695609,0.991011065427327,0.995242244879216,0.9974835895451709,0.9990624047495059,1.0,0.9992123871427959,0.9980885943178379,0.9969994093581759,0.9955421951569701,0.9939915419834979,0.992087511525062,0.990469000324023,0.98820785348288,0.9861115380020121,0.9831757235358309,0.9798623638412478,0.976381587564629,0.972760936071119,0.9690031062692271,0.963316625699853,0.9560912302555749,0.9507772553863759,0.941106351162271,0.923528956529723,0.9031900788971441,0.8674429885089491,0.826968067609673,0.742392537154716,0.6325176071039239,0.413415472140674
0.932318719919131,0.980238336920481,0.9893591177416641,0.993740458721126,0.9961403861180601,0.997946359876659,0.9992123871427959,1.0,0.999253677979158,0.9983429076088091,0.997140979511937,0.995783727983443,0.9941142650469591,0.992629856974984,0.990595099962557,0.988660241770522,0.9859159730454309,0.9828322207144471,0.979528603084981,0.9761959214911899,0.9726265716326601,0.9671885771886229,0.9602620965091391,0.9551155123304759,0.9458071652462969,0.928751959702241,0.909164352650377,0.874075101740744,0.8343376024595991,0.75046450735524,0.639953476787652,0.417899811532785
0.929511452875455,0.978001867860122,0.9875009061873621,0.9921092438595408,0.9945465255280641,0.996611197750645,0.9980885943178379,0.999253677979158,1.0,0.999445875974271,0.9985890107532459,0.997558196985712,0.996207112856294,0.9949530859217791,0.9931995099435219,0.9914177349599491,0.9889841465622249,0.986265605061463,0.983184268005952,0.9801601013219928,0.9768518664369,0.971881865944241,0.965372942190244,0.9604668355628679,0.9516351341496301,0.9352659796383579,0.9161122136111469,0.8816915900508431,0.842610777834893,0.7596233903162809,0.647656715229139,0.423520803791871
0.9270957005464859,0.9760181006764209,0.9857847403929141,0.9905571204412009,0.993107350224514,0.995356393530643,0.9969994093581759,0.9983429076088091,0.999445875974271,1.0,0.9994382012766959,0.9986245066114972,0.997470505220162,0.9964090448402869,0.99480392259664,0.9931650667975241,0.9909130426222809,0.9884370394299861,0.985544214738539,0.982722367002315,0.979598216060353,0.9748389476291519,0.968594964526431,0.963968523247222,0.9554442978881791,0.939395256508895,0.920661526730175,0.8868615412332399,0.8483414090843029,0.766361701638463,0.6546779681851059,0.428833193034387
0.92413187541567,0.972969645205628,0.9831509888178709,0.98837397729801,0.9911219702537359,0.9936409993573571,0.9955421951569701,0.997140979511937,0.9985890107532459,0.9994382012766959,1.0,0.9995180203945669,0.9986889843041641,0.9978173832877691,0.9965095928906541,0.9951260831200999,0.9931326999383779,0.9909168199499621,0.988281531503677,0.985658100171244,0.9827404001422719,0.97823762184583,0.972296894839486,0.967913024946022,0.959706896118687,0.9441962504561869,0.926078781310478,0.89298925470596,0.8550166105406509,0.773984207457518,0.662436183770643,0.43418604743279204
0.921350111799889,0.9701850032767059,0.9807649451648,0.98628391838652,0.9892493590384319,0.9919562661815071,0.9939915419834979,0.995783727983443,0.997558196985712,0.9986245066114972,0.9995180203945669,1.0,0.999479414186883,0.998801179946802,0.997780446440953,0.996579110162892,0.99484652852711,0.9928664601375219,0.9904647168571371,0.987983941611418,0.985246035905539,0.9810378689831519,0.9754155385538492,0.9712890266463872,0.9634236969982422,0.9484325200544029,0.930602063237453,0.8978197774024079,0.8599933157737109,0.7793275123647809,0.667349920179949,0.437101746960508
0.9170809621952472,0.966624679073757,0.9776425089397021,0.9837286224432059,0.9869242878929141,0.9898619376468331,0.992087511525062,0.9941142650469591,0.996207112856294,0.997470505220162,0.9986889843041641,0.999479414186883,1.0,0.999573117742921,0.998818604849958,0.997840139930633,0.9964130395502541,0.994716716895319,0.992582635120869,0.99033518258098,0.9878531180363259,0.9840380269327339,0.978809390937397,0.974917649018118,0.967406827530956,0.953117786444013,0.935669724275216,0.9035598217490349,0.866451129820647,0.786803820812021,0.6748154926498281,0.442111544064882
0.9133379865364442,0.963615397607047,0.9749810603650909,0.9814227992184371,0.9848225596728221,0.9879661741523409,0.990469000324023,0.992629856974984,0.9949530859217791,0.9964090448402869,0.9978173832877691,0.998801179946802,0.999573117742921,1.0,0.999533617423071,0.9987471446497759,0.9975592770541329,0.9960387785874542,0.9941538769204742,0.992125346603055,0.9898881068414441,0.986360312022727,0.981463926258948,0.977812219129234,0.970673604611498,0.956882628377102,0.9399269667520881,0.9084758125862141,0.8719240606380991,0.792925845021825,0.681294515747857,0.44566565505654904
0.909053217165889,0.9600678054181411,0.97185322958967,0.97848214821257,0.9821626896665341,0.985470248730297,0.98820785348288,0.990595099962557,0.9931995099435219,0.99480392259664,0.9965095928906541,0.997780446440953,0.998818604849958,0.999533617423071,1.0,0.9995293677779391,0.9986974784364321,0.997573088745304,0.9960499149960039,0.994245494231667,0.9922760129600079,0.9891757575769201,0.984742595779931,0.9813029902143249,0.974572688764485,0.961586394511471,0.945153763383069,0.914240547221117,0.8784127856453728,0.8006403995693899,0.6892794267776379,0.450304608186727
0.9055765680271429,0.957360632181371,0.969302982310604,0.9760243674222661,0.9797835002872559,0.9831670639096558,0.9861115380020121,0.988660241770522,0.9914177349599491,0.9931650667975241,0.9951260831200999,0.996579110162892,0.997840139930633,0.9987471446497759,0.9995293677779391,1.0,0.9995290712660619,0.99864565427183,0.9973432461969509,0.9957779678648259,0.994011494572775,0.991195046697496,0.987109462981038,0.9839298593140091,0.9776058866586329,0.9652186511532891,0.9493888055570601,0.919120924182887,0.8838468491801579,0.8068154747838292,0.6951121039316671,0.4524081806012029
0.900473282963372,0.9532166466102672,0.9654985195467329,0.972476758457976,0.976406544803452,0.9799659632125409,0.9831757235358309,0.9859159730454309,0.9889841465622249,0.9909130426222809,0.9931326999383779,0.99484652852711,0.9964130395502541,0.9975592770541329,0.9986974784364321,0.9995290712660619,1.0,0.999470018027553,0.998523643510693,0.9972810542252479,0.9958263434011491,0.9933729363106478,0.989737614085629,0.9868335289498629,0.981024878557874,0.9693714673271251,0.9542717767335419,0.924828971876392,0.890431994787042,0.81475581833581,0.7036094510826589,0.456125505600686
0.8943035143785479,0.948516157768766,0.961242730297822,0.9685242361039481,0.9726755427452091,0.9764309181906571,0.9798623638412478,0.9828322207144471,0.986265605061463,0.9884370394299861,0.9909168199499621,0.9928664601375219,0.994716716895319,0.9960387785874542,0.997573088745304,0.99864565427183,0.999470018027553,1.0,0.9994427584750409,0.9985321804955841,0.9973599015376371,0.9953441510390579,0.9921835967115459,0.989641374361413,0.9844159127459471,0.973606378385193,0.959206101922234,0.9309038286217121,0.8976313799681049,0.8235226486549599,0.7129081194474499,0.4606307390959051
0.888582173214999,0.9436427481662131,0.9567916200460759,0.964398666840654,0.9686909995470899,0.972671250261622,0.976381587564629,0.979528603084981,0.983184268005952,0.985544214738539,0.988281531503677,0.9904647168571371,0.992582635120869,0.9941538769204742,0.9960499149960039,0.9973432461969509,0.998523643510693,0.9994427584750409,1.0,0.999491075262141,0.998561462550876,0.9970194706683041,0.994373050960812,0.9920973901927479,0.987358552256272,0.9775153832050809,0.9636816525220101,0.9363250083406881,0.9038634013429749,0.8314768307051809,0.7210796711300149,0.465013114081732
0.8832274924416609,0.93903076307843,0.9524179467552472,0.9602197403715821,0.96463200643922,0.968800522170146,0.972760936071119,0.9761959214911899,0.9801601013219928,0.982722367002315,0.985658100171244,0.987983941611418,0.99033518258098,0.992125346603055,0.994245494231667,0.9957779678648259,0.9972810542252479,0.9985321804955841,0.999491075262141,1.0,0.9994863639305079,0.9983633728940071,0.996150584203511,0.994210792926548,0.990041556887697,0.980908791623021,0.967930032392829,0.9417880048887041,0.910345354837408,0.838970212732946,0.7282395952983008,0.469478687636944
0.8773611145438058,0.934297672921452,0.9480140241564399,0.9559879133006708,0.960556007274967,0.9648774694104829,0.9690031062692271,0.9726265716326601,0.9768518664369,0.979598216060353,0.9827404001422719,0.985246035905539,0.9878531180363259,0.9898881068414441,0.9922760129600079,0.994011494572775,0.9958263434011491,0.9973599015376371,0.998561462550876,0.9994863639305079,1.0,0.999260503969682,0.9974642480302242,0.9958602499345691,0.9921679538856151,0.9836638682016591,0.9714810587370201,0.946344917244967,0.9160438406859159,0.846078186289568,0.736457617549413,0.47477492676834004
0.8696145247036099,0.927075400307715,0.9413439480631159,0.9496169392492801,0.954349266507293,0.958955505536823,0.963316625699853,0.9671885771886229,0.971881865944241,0.9748389476291519,0.97823762184583,0.9810378689831519,0.9840380269327339,0.986360312022727,0.9891757575769201,0.991195046697496,0.9933729363106478,0.9953441510390579,0.9970194706683041,0.9983633728940071,0.999260503969682,1.0,0.999073633268075,0.997815117391707,0.9949108556577421,0.9876568429897109,0.976249922617588,0.9520510033207409,0.9232756366968801,0.8557451536122841,0.746398330964877,0.48071826113100397
0.8600994647404989,0.917797033208751,0.932945326211188,0.9415116724773299,0.9464879298593241,0.9513923454389341,0.9560912302555749,0.9602620965091391,0.965372942190244,0.968594964526431,0.972296894839486,0.9754155385538492,0.978809390937397,0.981463926258948,0.984742595779931,0.987109462981038,0.989737614085629,0.9921835967115459,0.994373050960812,0.996150584203511,0.9974642480302242,0.999073633268075,1.0,0.999205525507235,0.997322600022894,0.9918728530971851,0.9818094308297389,0.959443532941629,0.932489401396116,0.867671012382116,0.759673208186367,0.48832685076025395
0.852808099888027,0.9108661085015022,0.9265464078155609,0.9354890493360931,0.9406064581965129,0.9457649912767808,0.9507772553863759,0.9551155123304759,0.9604668355628679,0.963968523247222,0.967913024946022,0.9712890266463872,0.974917649018118,0.977812219129234,0.9813029902143249,0.9839298593140091,0.9868335289498629,0.989641374361413,0.9920973901927479,0.994210792926548,0.9958602499345691,0.997815117391707,0.999205525507235,1.0,0.9986738408089609,0.994240786457513,0.985343973501632,0.965071822459535,0.939058968132837,0.8760500183118192,0.769154021556288,0.496723730883974
0.840037379812828,0.8989645367391621,0.9155213865583091,0.9250551255425792,0.930374870253559,0.9357488102093809,0.941106351162271,0.9458071652462969,0.9516351341496301,0.9554442978881791,0.959706896118687,0.9634236969982422,0.967406827530956,0.970673604611498,0.974572688764485,0.9776058866586329,0.981024878557874,0.9844159127459471,0.987358552256272,0.990041556887697,0.9921679538856151,0.9949108556577421,0.997322600022894,0.9986738408089609,1.0,0.99729772457009,0.990542364860726,0.972655174215174,0.9494685522881429,0.8904101414385441,0.7853921900988591,0.507573536635397
0.818509367425452,0.87786606479719,0.8957209326618192,0.9060143594776251,0.911687912898657,0.9175954277704421,0.923528956529723,0.928751959702241,0.9352659796383579,0.939395256508895,0.9441962504561869,0.9484325200544029,0.953117786444013,0.956882628377102,0.961586394511471,0.9652186511532891,0.9693714673271251,0.973606378385193,0.9775153832050809,0.980908791623021,0.9836638682016591,0.9876568429897109,0.9918728530971851,0.994240786457513,0.99729772457009,1.0,0.99613004827098,0.982204203490348,0.962032324816979,0.9087663375985671,0.805964824997976,0.5185907171729579
0.79461186016207,0.854190919959052,0.8729863835934208,0.884057672032734,0.890281279381703,0.896596106598807,0.9031900788971441,0.909164352650377,0.9161122136111469,0.920661526730175,0.926078781310478,0.930602063237453,0.935669724275216,0.9399269667520881,0.945153763383069,0.9493888055570601,0.9542717767335419,0.959206101922234,0.9636816525220101,0.967930032392829,0.9714810587370201,0.976249922617588,0.9818094308297389,0.985343973501632,0.990542364860726,0.99613004827098,1.0,0.9922205647019621,0.9764490283664009,0.928240228453557,0.8280729566645371,0.537565610533951
0.7554457342638409,0.814851297601614,0.8347550411582181,0.846591877204684,0.8532682651808621,0.859894676703789,0.8674429885089491,0.874075101740744,0.8816915900508431,0.8868615412332399,0.89298925470596,0.8978197774024079,0.9035598217490349,0.9084758125862141,0.914240547221117,0.919120924182887,0.924828971876392,0.9309038286217121,0.9363250083406881,0.9417880048887041,0.946344917244967,0.9520510033207409,0.959443532941629,0.965071822459535,0.972655174215174,0.982204203490348,0.9922205647019621,1.0,0.9909826929020591,0.950009184089675,0.8529810928668,0.5513092413569329
0.7131968571651309,0.771989158813265,0.79219428462027,0.804766544518294,0.8118587018870309,0.8186336810159741,0.826968067609673,0.8343376024595991,0.842610777834893,0.8483414090843029,0.8550166105406509,0.8599933157737109,0.866451129820647,0.8719240606380991,0.8784127856453728,0.8838468491801579,0.890431994787042,0.8976313799681049,0.9038634013429749,0.910345354837408,0.9160438406859159,0.9232756366968801,0.932489401396116,0.939058968132837,0.9494685522881429,0.962032324816979,0.9764490283664009,0.9909826929020591,1.0,0.969276900361111,0.878974105746239,0.564310464423142
0.62438386262152,0.68330192697607,0.704895173778393,0.7177350521898629,0.7255647331424259,0.733062536713414,0.742392537154716,0.75046450735524,0.7596233903162809,0.766361701638463,0.773984207457518,0.7793275123647809,0.786803820812021,0.792925845021825,0.8006403995693899,0.8068154747838292,0.81475581833581,0.8235226486549599,0.8314768307051809,0.838970212732946,0.846078186289568,0.8557451536122841,0.867671012382116,0.8760500183118192,0.8904101414385441,0.9087663375985671,0.928240228453557,0.950009184089675,0.969276900361111,1.0,0.9401896140792609,0.6100986961713171
0.514349342974519,0.5759504718898578,0.596217868925692,0.6086523556175429,0.616575973071565,0.6236871092113421,0.6325176071039239,0.639953476787652,0.647656715229139,0.6546779681851059,0.662436183770643,0.667349920179949,0.6748154926498281,0.681294515747857,0.6892794267776379,0.6951121039316671,0.7036094510826589,0.7129081194474499,0.7210796711300149,0.7282395952983008,0.736457617549413,0.746398330964877,0.759673208186367,0.769154021556288,0.7853921900988591,0.805964824997976,0.8280729566645371,0.8529810928668,0.878974105746239,0.9401896140792609,1.0,0.6921287768463621
0.309885466222473,0.36940894350611503,0.384487863867506,0.395172995730011,0.40007431150317796,0.407589929357111,0.413415472140674,0.417899811532785,0.423520803791871,0.428833193034387,0.43418604743279204,0.437101746960508,0.442111544064882,0.44566565505654904,0.450304608186727,0.4524081806012029,0.456125505600686,0.4606307390959051,0.465013114081732,0.469478687636944,0.47477492676834004,0.48071826113100397,0.48832685076025395,0.496723730883974,0.507573536635397,0.5185907171729579,0.537565610533951,0.5513092413569329,0.564310464423142,0.6100986961713171,0.6921287768463621,1.0
