1.0,0.961777129979632,0.9509703078459351,0.944873503368242,0.940185465548143,0.934611380742613,0.929678192171896,0.924356792906572,0.919641066688499,0.914256730813828,0.909020770066848,0.903650975645708,0.8969403423870692,0.8906241572802509,0.8832844188509549,0.8750444212577769,0.866037024661871,0.855240978418368,0.8447731979620209,0.835515319667435,0.8249068035076751,0.808755216773282,0.7912668272205441,0.774809594461935,0.7589301649856691,0.737030629921456,0.716791349745216,0.692471962124005,0.64764038689398,0.5979535547550989,0.511334710593152,0.37556725040813593
0.961777129979632,1.0,0.9956097158304978,0.9919693079654209,0.989097169509503,0.9858065332749291,0.9827476123712379,0.979206442066357,0.9757432139458599,0.9712035155383779,0.9667528592174399,0.962239851971895,0.9567358092643241,0.9514186825945258,0.9449233680594531,0.93731613923718,0.928971721192802,0.9184837175203331,0.9084736931429441,0.8996542366903001,0.8892101942160301,0.873824103216937,0.856154202557169,0.8399775442306558,0.8245107744854291,0.801829902719146,0.781217129323879,0.756117816546217,0.709169043235347,0.65702307971695,0.56451981244861,0.42255756808613104
0.9509703078459351,0.9956097158304978,1.0,0.9978538601851171,0.995778444723442,0.9933013215864142,0.99095030645118,0.9882159532989592,0.9853327616880531,0.981456538145152,0.977620278190079,0.97367453988649,0.968669192309474,0.963945709435745,0.9580658426832109,0.951102939247711,0.9434658997434751,0.933702671841982,0.924176277211563,0.915801212936796,0.9058315179406039,0.8911446873523851,0.873999425704038,0.858281815838991,0.8433197151951141,0.8213981407856821,0.80145701103093,0.776800153214602,0.73046087397433,0.67990906554352,0.5873977611512929,0.43982240554083296
0.944873503368242,0.9919693079654209,0.9978538601851171,1.0,0.9986424554783431,0.9968649694123148,0.9950436976713058,0.992916160968593,0.990590758581871,0.987336507002819,0.983984335916422,0.980544906375524,0.9759790719384499,0.971710347334981,0.966241422547809,0.959775904945621,0.952625535583135,0.943423499697525,0.9343936155119209,0.926377467044142,0.9169691320401079,0.90277715140543,0.886020466932764,0.870823380177321,0.8564053480198599,0.834938735876,0.8156123771500671,0.7912717981077191,0.745757560359693,0.696362075205453,0.605385592626211,0.452887768786746
0.940185465548143,0.989097169509503,0.995778444723442,0.9986424554783431,1.0,0.9988775891992471,0.997607448399654,0.995953749381929,0.9940920026838721,0.99143489301381,0.988598271712619,0.9855815864735741,0.9814460378695791,0.977623450939662,0.9725551962058591,0.966633022190359,0.959975762058807,0.951344434684747,0.942755393476509,0.935149842890992,0.926303398960763,0.9126885601389592,0.8965376578941201,0.8818308646279399,0.867712685844367,0.8467230597143192,0.827828199229493,0.803948647567703,0.759145376328417,0.7101610165087471,0.619521003422319,0.45984542296044395
0.934611380742613,0.9858065332749291,0.9933013215864142,0.9968649694123148,0.9988775891992471,1.0,0.999267761832611,0.9981657652596441,0.996814310878112,0.994650645737328,0.992340449112533,0.9897911821285029,0.9862210815095609,0.982762340830269,0.9782211521029741,0.9728632341465699,0.9667125432178879,0.9587404244927171,0.950701781209183,0.943503317055919,0.935136854191971,0.9222145463090891,0.90671487011221,0.892690373356705,0.878933344222952,0.858546054511683,0.840090894110717,0.816788743648282,0.773052158115802,0.7240266122444141,0.632252017125322,0.468241395907438
0.929678192171896,0.9827476123712379,0.99095030645118,0.9950436976713058,0.997607448399654,0.999267761832611,1.0,0.999365102615165,0.998432954063633,0.996773143688211,0.994907746284239,0.9927532518287991,0.989624560590578,0.9865729838728149,0.9824512101278571,0.9775448057813371,0.971830691030875,0.964303668824983,0.9566857799038059,0.949835846831125,0.94185231541959,0.9294042372330791,0.9143872068706779,0.9008880681922941,0.887419831352236,0.867475416561905,0.849452873618342,0.8266938840970179,0.783815651959266,0.735562659481519,0.6453008562145319,0.47737613040499605
0.924356792906572,0.979206442066357,0.9882159532989592,0.992916160968593,0.995953749381929,0.9981657652596441,0.999365102615165,1.0,0.999487390871817,0.9984171279990458,0.9969652518056721,0.995143688559968,0.9924749811005451,0.989816956397044,0.986109616775816,0.9816972713822649,0.976446506800399,0.9694043183703791,0.962215221037215,0.955762159963201,0.9482082316630469,0.9362998735113008,0.9218090467072809,0.9088232540032389,0.8958064911064241,0.876428488883777,0.8587725436561721,0.8365742806502401,0.794675359186091,0.7471830947656429,0.657134047053674,0.48522753742148794
0.919641066688499,0.9757432139458599,0.9853327616880531,0.990590758581871,0.9940920026838721,0.996814310878112,0.998432954063633,0.999487390871817,1.0,0.999391829846256,0.998309914412331,0.99683175411612,0.994518498763143,0.992167184736531,0.9888563811352808,0.984893148373702,0.9799713819902441,0.9733580882510919,0.9665470614016349,0.9604070180283961,0.953264898596191,0.941794626984337,0.92771075996334,0.915170077095914,0.9025020485794741,0.883621166616832,0.8664075724126701,0.8446247284436229,0.8032638239916371,0.756213477787669,0.66623398564159,0.491497329755856
0.914256730813828,0.9712035155383779,0.981456538145152,0.987336507002819,0.99143489301381,0.994650645737328,0.996773143688211,0.9984171279990458,0.999391829846256,1.0,0.999480308348119,0.998492700287876,0.9967289235543829,0.99485498732748,0.9920885819141271,0.9886610458277769,0.9842968362346909,0.9783660333781679,0.9720924396684721,0.9663949104042941,0.95977568495316,0.9489888716444641,0.9356588435584371,0.92365098410459,0.9114623544956891,0.8932562842291399,0.876400611992112,0.8552529013356601,0.8149785220166479,0.768539841894297,0.678477260327031,0.498310912048097
0.909020770066848,0.9667528592174399,0.977620278190079,0.983984335916422,0.988598271712619,0.992340449112533,0.994907746284239,0.9969652518056721,0.998309914412331,0.999480308348119,1.0,0.999513060557747,0.9983008630560121,0.996856205663293,0.994624362053023,0.991769264103761,0.98791078190808,0.9825901738742271,0.9768594605290151,0.9716003344640981,0.9654099979584,0.9553158369831991,0.942734604443803,0.9313113127228131,0.9195174311804241,0.9019852923161508,0.8854980161954449,0.8649159758939811,0.8256389197313342,0.7795542396114581,0.6891607783554439,0.5045319331974171
0.903650975645708,0.962239851971895,0.97367453988649,0.980544906375524,0.9855815864735741,0.9897911821285029,0.9927532518287991,0.995143688559968,0.99683175411612,0.998492700287876,0.999513060557747,1.0,0.9993907878156859,0.9983864884936892,0.99667590839631,0.9943584668388741,0.991087669227425,0.986465961366798,0.9813502112823109,0.9764786961430941,0.9707398125934801,0.961288278562121,0.9494761063602271,0.938584292663488,0.9271756841851659,0.9103325840076679,0.8941119856208621,0.87382928799822,0.8355273658345379,0.7895717712460841,0.6981376841114271,0.5105446265193739
0.8969403423870692,0.9567358092643241,0.968669192309474,0.9759790719384499,0.9814460378695791,0.9862210815095609,0.989624560590578,0.9924749811005451,0.994518498763143,0.9967289235543829,0.9983008630560121,0.9993907878156859,1.0,0.999535588756693,0.998463560305452,0.9967837757484359,0.994238720488085,0.990382859933832,0.98596142703394,0.9815974959740609,0.976321362718104,0.967767033640866,0.9569973356887009,0.9467868685574929,0.935850450871433,0.9199237032331279,0.9041285142154929,0.8844984134561751,0.847485649072379,0.8016722816397759,0.708294598345327,0.517866718924566
0.8906241572802509,0.9514186825945258,0.963945709435745,0.971710347334981,0.977623450939662,0.982762340830269,0.9865729838728149,0.989816956397044,0.992167184736531,0.99485498732748,0.996856205663293,0.9983864884936892,0.999535588756693,1.0,0.999469933022527,0.9982664409976791,0.9962088792302098,0.992868149571182,0.9889262399430959,0.9849751749539251,0.980104261428168,0.9721025735459821,0.9619534866451851,0.952189639787545,0.941663327488283,0.9262374152660121,0.910887822082081,0.891887129769315,0.855918291924647,0.8110025147437451,0.718775770565553,0.523347833183382
0.8832844188509549,0.9449233680594531,0.9580658426832109,0.966241422547809,0.9725551962058591,0.9782211521029741,0.9824512101278571,0.986109616775816,0.9888563811352808,0.9920885819141271,0.994624362053023,0.99667590839631,0.998463560305452,0.999469933022527,1.0,0.9994512643793321,0.998091921720366,0.99552368675808,0.992310757022523,0.9888597195003621,0.984481907051267,0.977382014555803,0.9681163613791558,0.95896758001974,0.949017108434317,0.934568511192202,0.919710634823925,0.901505319449572,0.8669053639960029,0.8227067798755,0.7301638198227329,0.531657726792969
0.8750444212577769,0.93731613923718,0.951102939247711,0.959775904945621,0.966633022190359,0.9728632341465699,0.9775448057813371,0.9816972713822649,0.984893148373702,0.9886610458277769,0.991769264103761,0.9943584668388741,0.9967837757484359,0.9982664409976791,0.9994512643793321,1.0,0.9993808203967459,0.9976695830080842,0.995201176768346,0.9923880145328471,0.9886857761872421,0.9825245981876579,0.9742145733311128,0.9659367223711669,0.956649109248247,0.943223230889765,0.9291227467127711,0.9117436538420649,0.878366835917217,0.834827927521416,0.741239439794318,0.538237264930395
0.866037024661871,0.928971721192802,0.9434658997434751,0.952625535583135,0.959975762058807,0.9667125432178879,0.971830691030875,0.976446506800399,0.9799713819902441,0.9842968362346909,0.98791078190808,0.991087669227425,0.994238720488085,0.9962088792302098,0.998091921720366,0.9993808203967459,1.0,0.999253965988256,0.9976125003016171,0.995482101316216,0.9924681916671899,0.987400790224216,0.9802851341411529,0.972861512039847,0.9643507284650171,0.9521577470365981,0.938736019792538,0.922172438960423,0.890407786980713,0.847602435341514,0.75246787163825,0.545394112236713
0.855240978418368,0.9184837175203331,0.933702671841982,0.943423499697525,0.951344434684747,0.9587404244927171,0.964303668824983,0.9694043183703791,0.9733580882510919,0.9783660333781679,0.9825901738742271,0.986465961366798,0.990382859933832,0.992868149571182,0.99552368675808,0.9976695830080842,0.999253965988256,1.0,0.999361912240846,0.9980237333392701,0.9958445554218841,0.9920099096031341,0.986187976750048,0.979797047549928,0.9720999711666609,0.9612368782305649,0.948636807911238,0.9330131580249259,0.902901005286162,0.860335116559863,0.763292103312766,0.552274526585744
0.8447731979620209,0.9084736931429441,0.924176277211563,0.9343936155119209,0.942755393476509,0.950701781209183,0.9566857799038059,0.962215221037215,0.9665470614016349,0.9720924396684721,0.9768594605290151,0.9813502112823109,0.98596142703394,0.9889262399430959,0.992310757022523,0.995201176768346,0.9976125003016171,0.999361912240846,1.0,0.9993353506602008,0.9978521139430541,0.99512687898441,0.9904775623593121,0.9849547904431459,0.978061352511576,0.968358004940071,0.956455641760785,0.941641870504339,0.9130599814478041,0.8710140583656409,0.7723883404838779,0.5583428790073239
0.835515319667435,0.8996542366903001,0.915801212936796,0.926377467044142,0.935149842890992,0.943503317055919,0.949835846831125,0.955762159963201,0.9604070180283961,0.9663949104042941,0.9716003344640981,0.9764786961430941,0.9815974959740609,0.9849751749539251,0.9888597195003621,0.9923880145328471,0.995482101316216,0.9980237333392701,0.9993353506602008,1.0,0.99934399748891,0.997456163253552,0.9937920747146,0.989296241821987,0.983452173412687,0.974646959318068,0.964097633257712,0.9504123410654491,0.923261656130522,0.8827020660080871,0.783456859323761,0.565818436526819
0.8249068035076751,0.8892101942160301,0.9058315179406039,0.9169691320401079,0.926303398960763,0.935136854191971,0.94185231541959,0.9482082316630469,0.953264898596191,0.95977568495316,0.9654099979584,0.9707398125934801,0.976321362718104,0.980104261428168,0.984481907051267,0.9886857761872421,0.9924681916671899,0.9958445554218841,0.9978521139430541,0.99934399748891,1.0,0.9989636230782671,0.9961730720907851,0.9926835074458741,0.987882929150369,0.9800991750208579,0.970870639098265,0.95819567869324,0.932625571064773,0.893643181864693,0.7953629752666279,0.5731463556617429
0.808755216773282,0.873824103216937,0.8911446873523851,0.90277715140543,0.9126885601389592,0.9222145463090891,0.9294042372330791,0.9362998735113008,0.941794626984337,0.9489888716444641,0.9553158369831991,0.961288278562121,0.967767033640866,0.9721025735459821,0.977382014555803,0.9825245981876579,0.987400790224216,0.9920099096031341,0.99512687898441,0.997456163253552,0.9989636230782671,1.0,0.9988393998869921,0.9965529387260731,0.9928426015589641,0.9867774836626229,0.978537632645419,0.967190341582593,0.9440133993333009,0.9056191185941659,0.804948753742194,0.5783364610192541
0.7912668272205441,0.856154202557169,0.873999425704038,0.886020466932764,0.8965376578941201,0.90671487011221,0.9143872068706779,0.9218090467072809,0.92771075996334,0.9356588435584371,0.942734604443803,0.9494761063602271,0.9569973356887009,0.9619534866451851,0.9681163613791558,0.9742145733311128,0.9802851341411529,0.986187976750048,0.9904775623593121,0.9937920747146,0.9961730720907851,0.9988393998869921,1.0,0.9989879983975759,0.996361516752899,0.9920605439575549,0.984961018171972,0.9750646932710649,0.954409443136073,0.9172224411368671,0.8138592880009979,0.5840806948990079
0.774809594461935,0.8399775442306558,0.858281815838991,0.870823380177321,0.8818308646279399,0.892690373356705,0.9008880681922941,0.9088232540032389,0.915170077095914,0.92365098410459,0.9313113127228131,0.938584292663488,0.9467868685574929,0.952189639787545,0.95896758001974,0.9659367223711669,0.972861512039847,0.979797047549928,0.9849547904431459,0.989296241821987,0.9926835074458741,0.9965529387260731,0.9989879983975759,1.0,0.998659470317914,0.9957440136393809,0.9904474066369109,0.982175223413345,0.9640527170973892,0.928473774985913,0.824646166677106,0.5907172137416379
0.7589301649856691,0.8245107744854291,0.8433197151951141,0.8564053480198599,0.867712685844367,0.878933344222952,0.887419831352236,0.8958064911064241,0.9025020485794741,0.9114623544956891,0.9195174311804241,0.9271756841851659,0.935850450871433,0.941663327488283,0.949017108434317,0.956649109248247,0.9643507284650171,0.9720999711666609,0.978061352511576,0.983452173412687,0.987882929150369,0.9928426015589641,0.996361516752899,0.998659470317914,1.0,0.9984591273760359,0.99489045785713,0.9882754822258191,0.9725714321334809,0.939475403685127,0.836222494781258,0.59671332445224
0.737030629921456,0.801829902719146,0.8213981407856821,0.834938735876,0.8467230597143192,0.858546054511683,0.867475416561905,0.876428488883777,0.883621166616832,0.8932562842291399,0.9019852923161508,0.9103325840076679,0.9199237032331279,0.9262374152660121,0.934568511192202,0.943223230889765,0.9521577470365981,0.9612368782305649,0.968358004940071,0.974646959318068,0.9800991750208579,0.9867774836626229,0.9920605439575549,0.9957440136393809,0.9984591273760359,1.0,0.9979823411314329,0.993142313518005,0.980493394495852,0.949766775389231,0.843857177192598,0.602991567402751
0.716791349745216,0.781217129323879,0.80145701103093,0.8156123771500671,0.827828199229493,0.840090894110717,0.849452873618342,0.8587725436561721,0.8664075724126701,0.876400611992112,0.8854980161954449,0.8941119856208621,0.9041285142154929,0.910887822082081,0.919710634823925,0.9291227467127711,0.938736019792538,0.948636807911238,0.956455641760785,0.964097633257712,0.970870639098265,0.978537632645419,0.984961018171972,0.9904474066369109,0.99489045785713,0.9979823411314329,1.0,0.997766936254834,0.988117766706858,0.962151794109766,0.858398627466977,0.613996409118496
0.692471962124005,0.756117816546217,0.776800153214602,0.7912717981077191,0.803948647567703,0.816788743648282,0.8266938840970179,0.8365742806502401,0.8446247284436229,0.8552529013356601,0.8649159758939811,0.87382928799822,0.8844984134561751,0.891887129769315,0.901505319449572,0.9117436538420649,0.922172438960423,0.9330131580249259,0.941641870504339,0.9504123410654491,0.95819567869324,0.967190341582593,0.9750646932710649,0.982175223413345,0.9882754822258191,0.993142313518005,0.997766936254834,1.0,0.994469054714264,0.9741018691189909,0.874171094666717,0.6239424110136421
0.64764038689398,0.709169043235347,0.73046087397433,0.745757560359693,0.759145376328417,0.773052158115802,0.783815651959266,0.794675359186091,0.8032638239916371,0.8149785220166479,0.8256389197313342,0.8355273658345379,0.847485649072379,0.855918291924647,0.8669053639960029,0.878366835917217,0.890407786980713,0.902901005286162,0.9130599814478041,0.923261656130522,0.932625571064773,0.9440133993333009,0.954409443136073,0.9640527170973892,0.9725714321334809,0.980493394495852,0.988117766706858,0.994469054714264,1.0,0.9877355841233421,0.8983119461977941,0.635129670943239
0.5979535547550989,0.65702307971695,0.67990906554352,0.696362075205453,0.7101610165087471,0.7240266122444141,0.735562659481519,0.7471830947656429,0.756213477787669,0.768539841894297,0.7795542396114581,0.7895717712460841,0.8016722816397759,0.8110025147437451,0.8227067798755,0.834827927521416,0.847602435341514,0.860335116559863,0.8710140583656409,0.8827020660080871,0.893643181864693,0.9056191185941659,0.9172224411368671,0.928473774985913,0.939475403685127,0.949766775389231,0.962151794109766,0.9741018691189909,0.9877355841233421,1.0,0.936796387781045,0.667294375509885
0.511334710593152,0.56451981244861,0.5873977611512929,0.605385592626211,0.619521003422319,0.632252017125322,0.6453008562145319,0.657134047053674,0.66623398564159,0.678477260327031,0.6891607783554439,0.6981376841114271,0.708294598345327,0.718775770565553,0.7301638198227329,0.741239439794318,0.75246787163825,0.763292103312766,0.7723883404838779,0.783456859323761,0.7953629752666279,0.804948753742194,0.8138592880009979,0.824646166677106,0.836222494781258,0.843857177192598,0.858398627466977,0.874171094666717,0.8983119461977941,0.936796387781045,1.0,0.734361117545356
0.37556725040813593,0.42255756808613104,0.43982240554083296,0.452887768786746,0.45984542296044395,0.468241395907438,0.47737613040499605,0.48522753742148794,0.491497329755856,0.498310912048097,0.5045319331974171,0.5105446265193739,0.517866718924566,0.523347833183382,0.531657726792969,0.538237264930395,0.545394112236713,0.552274526585744,0.5583428790073239,0.565818436526819,0.5731463556617429,0.5783364610192541,0.5840806948990079,0.5907172137416379,0.59671332445224,0.602991567402751,0.613996409118496,0.6239424110136421,0.635129670943239,0.667294375509885,0.734361117545356,1.0
