1.0,0.7454663972741459,0.6824400567410039,0.6575113660527261,0.649883069302564,0.6437283186463001,0.631171549489277,0.6302920126451911,0.6220147655447359,0.622036958756428,0.62065149022059,0.61317905166625,0.599851323712459,0.594316225190308,0.585155859295329,0.584798240570367,0.586543597598004,0.583659177313385,0.581571885944372,0.5808794628663679,0.5803839139906739,0.5761438342284051,0.573846887531615,0.561177355594268,0.558820744090971,0.5509748577617739,0.53966434131677,0.518546365075096,0.49008252827653603,0.4317262441137029,0.362686144877036,0.099194564652068
0.7454663972741459,1.0,0.9140144417083359,0.868924895241529,0.844301414784725,0.828053717324317,0.807732189385149,0.7977385671688589,0.79175453809634,0.788490529602533,0.77946146701669,0.767068682767316,0.75787114423639,0.7535745328787209,0.74799760195868,0.748459201198823,0.746716297602489,0.7388747051125799,0.734132154736935,0.729159609990603,0.726475227609197,0.7205686250766179,0.714111253633331,0.7023840502418871,0.6904158698753341,0.684991560685015,0.6740590363960961,0.656395051366362,0.634632197426217,0.5629433130354661,0.485374118481043,0.13899521435724302
0.6824400567410039,0.9140144417083359,1.0,0.953607950610217,0.9261753685441991,0.900751359053292,0.880877543546051,0.8726142751336491,0.8657673480332281,0.858237318718171,0.849662320953229,0.8344976358881541,0.8269971469067879,0.819078607265943,0.8150412132045649,0.8160597506483841,0.812611381619745,0.8057030668492271,0.8027539831171508,0.799349617108565,0.795787697936984,0.788261248956362,0.77815265483033,0.7695238156532241,0.7578623306266971,0.7527371945059821,0.74009826571875,0.7241758744626999,0.704351218520332,0.6267569448133941,0.5579865454974561,0.17790630633262103
0.6575113660527261,0.868924895241529,0.953607950610217,1.0,0.968805537146096,0.9437279571487808,0.9209498008784871,0.90903475142601,0.899574751887109,0.891864544464554,0.881696079715189,0.869571160203405,0.8585934023699191,0.8462743023722521,0.8421662036077479,0.839799315873598,0.838593846834562,0.832420232635124,0.827492826526271,0.8251889436070401,0.8217928157491441,0.8160795310790269,0.80848588233945,0.8009714040089839,0.7871773854719241,0.779145042133835,0.763880804044655,0.744460605602715,0.723996681519004,0.640945206788406,0.571392009695791,0.180123109960712
0.649883069302564,0.844301414784725,0.9261753685441991,0.968805537146096,1.0,0.975086612948697,0.9519316076795071,0.938972858302343,0.929856082458613,0.920300893215609,0.9095567925782329,0.8987153993196371,0.888239565298734,0.875934114415147,0.8688075368422851,0.863731064998246,0.8605469843786651,0.8544423465100258,0.8488090511263491,0.8470590833723409,0.8432879029768771,0.8372936093067841,0.8302171956626802,0.82231179291179,0.810214238098769,0.8035284913633299,0.789659480633768,0.76750297494288,0.7488987086618459,0.66021997384066,0.5930359991666401,0.18993694433198102
0.6437283186463001,0.828053717324317,0.900751359053292,0.9437279571487808,0.975086612948697,1.0,0.9807860578145892,0.966208841957899,0.955379705985222,0.94409709110254,0.932410838744705,0.921753556608891,0.909589894821932,0.8982423853935891,0.8908746879143741,0.8861450870785269,0.8808655391071101,0.872125635733521,0.8638163036903709,0.8599495606593521,0.855713320889607,0.852000897520144,0.8475719483999941,0.8405156436727941,0.8322264434983091,0.8270566407592259,0.813671893706691,0.7915149589172951,0.7739859562094241,0.6894365069429979,0.6130727198596629,0.21341695474578798
0.631171549489277,0.807732189385149,0.880877543546051,0.9209498008784871,0.9519316076795071,0.9807860578145892,1.0,0.98525618525013,0.9732826905857042,0.9617460787075269,0.9495207354182571,0.9380481493305759,0.926438712565625,0.9147989904371941,0.907384745423512,0.901733477970604,0.8959898849291059,0.8870909329470881,0.878742715877968,0.8757333472418309,0.8727785397971021,0.8705893143541691,0.86650860438934,0.858617779948672,0.8504978514965121,0.844257941121408,0.8282518367372289,0.8054261711820521,0.784705224867443,0.699833868514877,0.6201143140066,0.212160443807826
0.6302920126451911,0.7977385671688589,0.8726142751336491,0.90903475142601,0.938972858302343,0.966208841957899,0.98525618525013,1.0,0.9883937559447679,0.976656808030397,0.964784608454687,0.9531173587771461,0.941802910941685,0.929779037169631,0.9206922876733691,0.913347641153545,0.9071491381674541,0.89801065941026,0.8896386403896991,0.8857330698453041,0.882839035966099,0.8801612963649341,0.8756466136804659,0.8670187490281659,0.858907585417838,0.851961220821532,0.836370252843277,0.812667454299265,0.7899825065766899,0.703616015912342,0.6171559754127621,0.2069701534008
0.6220147655447359,0.79175453809634,0.8657673480332281,0.899574751887109,0.929856082458613,0.955379705985222,0.9732826905857042,0.9883937559447679,1.0,0.9903240548558241,0.9766975305226859,0.964334487467832,0.9523905882980691,0.940120028915012,0.9297735548266841,0.921303583500977,0.915295653343433,0.905741837087803,0.8969082967650959,0.8939757737412048,0.891888167199466,0.889728843659016,0.88686586150487,0.877956771220505,0.87129505652364,0.8632099224212042,0.847735417825723,0.8260962692674391,0.803902041311769,0.715061247088316,0.626092977657345,0.21396485477435198
0.622036958756428,0.788490529602533,0.858237318718171,0.891864544464554,0.920300893215609,0.94409709110254,0.9617460787075269,0.976656808030397,0.9903240548558241,1.0,0.9892969280019329,0.976806492018746,0.9644409172849708,0.9513430366857579,0.9398378686735172,0.9302010254918149,0.923617849087037,0.9138474863511479,0.9045716602805509,0.9005953911537191,0.898302197817628,0.8984612568543969,0.896567769615763,0.8888278812295508,0.882376827204828,0.873150595462596,0.857340569624599,0.8355836488041779,0.814961503423367,0.7289274981911129,0.6390186196133111,0.22294676993085702
0.62065149022059,0.77946146701669,0.849662320953229,0.881696079715189,0.9095567925782329,0.932410838744705,0.9495207354182571,0.964784608454687,0.9766975305226859,0.9892969280019329,1.0,0.989588587380323,0.9769673554641422,0.9628599432510521,0.951373433855592,0.9403123173149259,0.932304810431889,0.9214992978391859,0.9119264695414351,0.9074886153414979,0.90393930511459,0.9045083033466558,0.9021138256569899,0.895938811698167,0.891249460485104,0.8808716672508141,0.864456183222385,0.8415063667433108,0.8213730281923292,0.736864328098789,0.643679219600396,0.22741206629693103
0.61317905166625,0.767068682767316,0.8344976358881541,0.869571160203405,0.8987153993196371,0.921753556608891,0.9380481493305759,0.9531173587771461,0.964334487467832,0.976806492018746,0.989588587380323,1.0,0.9901815666873001,0.9754638644688081,0.962495867408282,0.949782083121005,0.9402006063903471,0.9293276827471579,0.9187950016378741,0.9151831971111171,0.91188586785512,0.9111863169646379,0.9086904239474691,0.903377183794727,0.897867021514273,0.8877328528634321,0.870586886411245,0.848195243075783,0.827010786796862,0.7432815372604381,0.645206923341316,0.229562043156655
0.599851323712459,0.75787114423639,0.8269971469067879,0.8585934023699191,0.888239565298734,0.909589894821932,0.926438712565625,0.941802910941685,0.9523905882980691,0.9644409172849708,0.9769673554641422,0.9901815666873001,1.0,0.988803086376499,0.975981122127756,0.962423561740591,0.951321548069415,0.9401569432812691,0.9288341509866621,0.924751638453318,0.920512355156577,0.9202843938177541,0.91725632916779,0.910749359498302,0.9057484513403059,0.895277464875457,0.8770873930173471,0.853597943218973,0.8313641205666821,0.745417976704495,0.652400854643218,0.238517534599918
0.594316225190308,0.7535745328787209,0.819078607265943,0.8462743023722521,0.875934114415147,0.8982423853935891,0.9147989904371941,0.929779037169631,0.940120028915012,0.9513430366857579,0.9628599432510521,0.9754638644688081,0.988803086376499,1.0,0.9906024521726992,0.9772448130915791,0.964229783756188,0.9511582740478199,0.938971112325818,0.934717790755337,0.930876911425938,0.929080700051276,0.924891959984729,0.9177645892198101,0.910551162036535,0.8984127862297501,0.8826792673148729,0.8591452037265609,0.8353338591060071,0.7490723744439979,0.656361219578236,0.24714262603826395
0.585155859295329,0.74799760195868,0.8150412132045649,0.8421662036077479,0.8688075368422851,0.8908746879143741,0.907384745423512,0.9206922876733691,0.9297735548266841,0.9398378686735172,0.951373433855592,0.962495867408282,0.975981122127756,0.9906024521726992,1.0,0.9912875859751591,0.9786200140794119,0.9641144623686071,0.951368484542896,0.945449802249693,0.9400726356464351,0.935518854579432,0.9314508604261601,0.923541549365374,0.9151267454045141,0.903483551422025,0.8865669941761891,0.8652839910817841,0.8399667422485321,0.7549179493590049,0.660921283757452,0.254448544999982
0.584798240570367,0.748459201198823,0.8160597506483841,0.839799315873598,0.863731064998246,0.8861450870785269,0.901733477970604,0.913347641153545,0.921303583500977,0.9302010254918149,0.9403123173149259,0.949782083121005,0.962423561740591,0.9772448130915791,0.9912875859751591,1.0,0.991354794280751,0.977184899943001,0.965214721736576,0.9568779390719971,0.950012777584496,0.9437931800878531,0.938591779604172,0.930832466105355,0.9229225928877379,0.911640097581252,0.8937156473292421,0.8719959225339531,0.8491184041953459,0.764863443537082,0.672614424018126,0.261357977806733
0.586543597598004,0.746716297602489,0.812611381619745,0.838593846834562,0.8605469843786651,0.8808655391071101,0.8959898849291059,0.9071491381674541,0.915295653343433,0.923617849087037,0.932304810431889,0.9402006063903471,0.951321548069415,0.964229783756188,0.9786200140794119,0.991354794280751,1.0,0.9896999580955692,0.9774810892854979,0.968232284431277,0.9601014380799301,0.953422180305869,0.9471822864498979,0.9385806078726641,0.930713020201751,0.9194071808345351,0.9016103111059179,0.87933461195768,0.85845946191948,0.7715021530585909,0.681219840356372,0.267464656785687
0.583659177313385,0.7388747051125799,0.8057030668492271,0.832420232635124,0.8544423465100258,0.872125635733521,0.8870909329470881,0.89801065941026,0.905741837087803,0.9138474863511479,0.9214992978391859,0.9293276827471579,0.9401569432812691,0.9511582740478199,0.9641144623686071,0.977184899943001,0.9896999580955692,1.0,0.9915923181316759,0.9822711029062231,0.973549066503352,0.966575556543561,0.959629075336977,0.9502325732584781,0.94196496046286,0.930188273387402,0.91275151643997,0.889357386985368,0.866040605090557,0.7774805060497141,0.6874648971752579,0.265994257878818
0.581571885944372,0.734132154736935,0.8027539831171508,0.827492826526271,0.8488090511263491,0.8638163036903709,0.878742715877968,0.8896386403896991,0.8969082967650959,0.9045716602805509,0.9119264695414351,0.9187950016378741,0.9288341509866621,0.938971112325818,0.951368484542896,0.965214721736576,0.9774810892854979,0.9915923181316759,1.0,0.991986474380532,0.982993185714982,0.9746230741058859,0.9668740467369449,0.957502275121852,0.9479424851376641,0.936432062186192,0.916940133595354,0.89179085267426,0.8669855866523001,0.778310155159032,0.691212794241395,0.26075373351853504
0.5808794628663679,0.729159609990603,0.799349617108565,0.8251889436070401,0.8470590833723409,0.8599495606593521,0.8757333472418309,0.8857330698453041,0.8939757737412048,0.9005953911537191,0.9074886153414979,0.9151831971111171,0.924751638453318,0.934717790755337,0.945449802249693,0.9568779390719971,0.968232284431277,0.9822711029062231,0.991986474380532,1.0,0.9918102054241641,0.982782861283846,0.9739083891741841,0.964467005238033,0.9529951256527079,0.9410263231935251,0.9220433608139871,0.8960402993176371,0.869113007351608,0.7804306701915291,0.6931699357735179,0.24988904502898301
0.5803839139906739,0.726475227609197,0.795787697936984,0.8217928157491441,0.8432879029768771,0.855713320889607,0.8727785397971021,0.882839035966099,0.891888167199466,0.898302197817628,0.90393930511459,0.91188586785512,0.920512355156577,0.930876911425938,0.9400726356464351,0.950012777584496,0.9601014380799301,0.973549066503352,0.982993185714982,0.9918102054241641,1.0,0.991607297792755,0.982574964951721,0.9721237524728341,0.960511588569927,0.9481621881680842,0.92853678257767,0.9014806463650091,0.8728071081182159,0.7843610318505729,0.693820797805374,0.251074581481287
0.5761438342284051,0.7205686250766179,0.788261248956362,0.8160795310790269,0.8372936093067841,0.852000897520144,0.8705893143541691,0.8801612963649341,0.889728843659016,0.8984612568543969,0.9045083033466558,0.9111863169646379,0.9202843938177541,0.929080700051276,0.935518854579432,0.9437931800878531,0.953422180305869,0.966575556543561,0.9746230741058859,0.982782861283846,0.991607297792755,1.0,0.9919715875740509,0.981107641420341,0.969311573264013,0.95524462739953,0.9347306476366509,0.9057903377967741,0.8761304686630941,0.7857121085984651,0.6947762827131179,0.25188261696177
0.573846887531615,0.714111253633331,0.77815265483033,0.80848588233945,0.8302171956626802,0.8475719483999941,0.86650860438934,0.8756466136804659,0.88686586150487,0.896567769615763,0.9021138256569899,0.9086904239474691,0.91725632916779,0.924891959984729,0.9314508604261601,0.938591779604172,0.9471822864498979,0.959629075336977,0.9668740467369449,0.9739083891741841,0.982574964951721,0.9919715875740509,1.0,0.9903275717833979,0.976809342334109,0.9621430332784391,0.9430939836611859,0.9139412804345172,0.884496363495656,0.7948002393685241,0.7027625879785601,0.257514521978994
0.561177355594268,0.7023840502418871,0.7695238156532241,0.8009714040089839,0.82231179291179,0.8405156436727941,0.858617779948672,0.8670187490281659,0.877956771220505,0.8888278812295508,0.895938811698167,0.903377183794727,0.910749359498302,0.9177645892198101,0.923541549365374,0.930832466105355,0.9385806078726641,0.9502325732584781,0.957502275121852,0.964467005238033,0.9721237524728341,0.981107641420341,0.9903275717833979,1.0,0.9887509859616329,0.973687384465664,0.9540746653938991,0.9271416910902591,0.897749244018748,0.8088765717509749,0.721189163225442,0.261574659117318
0.558820744090971,0.6904158698753341,0.7578623306266971,0.7871773854719241,0.810214238098769,0.8322264434983091,0.8504978514965121,0.858907585417838,0.87129505652364,0.882376827204828,0.891249460485104,0.897867021514273,0.9057484513403059,0.910551162036535,0.9151267454045141,0.9229225928877379,0.930713020201751,0.94196496046286,0.9479424851376641,0.9529951256527079,0.960511588569927,0.969311573264013,0.976809342334109,0.9887509859616329,1.0,0.986105181232259,0.9650787479549789,0.940187963065391,0.9110558274085391,0.8244448552520992,0.7352327630655849,0.26799167528115303
0.5509748577617739,0.684991560685015,0.7527371945059821,0.779145042133835,0.8035284913633299,0.8270566407592259,0.844257941121408,0.851961220821532,0.8632099224212042,0.873150595462596,0.8808716672508141,0.8877328528634321,0.895277464875457,0.8984127862297501,0.903483551422025,0.911640097581252,0.9194071808345351,0.930188273387402,0.936432062186192,0.9410263231935251,0.9481621881680842,0.95524462739953,0.9621430332784391,0.973687384465664,0.986105181232259,1.0,0.981695905062721,0.9557068068732929,0.9269688199842271,0.8412567219525892,0.7533637780841871,0.277731521552366
0.53966434131677,0.6740590363960961,0.74009826571875,0.763880804044655,0.789659480633768,0.813671893706691,0.8282518367372289,0.836370252843277,0.847735417825723,0.857340569624599,0.864456183222385,0.870586886411245,0.8770873930173471,0.8826792673148729,0.8865669941761891,0.8937156473292421,0.9016103111059179,0.91275151643997,0.916940133595354,0.9220433608139871,0.92853678257767,0.9347306476366509,0.9430939836611859,0.9540746653938991,0.9650787479549789,0.981695905062721,1.0,0.97845676568327,0.9481951417103509,0.8674015612187758,0.7766087342907159,0.27985062626192997
0.518546365075096,0.656395051366362,0.7241758744626999,0.744460605602715,0.76750297494288,0.7915149589172951,0.8054261711820521,0.812667454299265,0.8260962692674391,0.8355836488041779,0.8415063667433108,0.848195243075783,0.853597943218973,0.8591452037265609,0.8652839910817841,0.8719959225339531,0.87933461195768,0.889357386985368,0.89179085267426,0.8960402993176371,0.9014806463650091,0.9057903377967741,0.9139412804345172,0.9271416910902591,0.940187963065391,0.9557068068732929,0.97845676568327,1.0,0.969846222962453,0.8941371712702709,0.8036744414207929,0.292727026785343
0.49008252827653603,0.634632197426217,0.704351218520332,0.723996681519004,0.7488987086618459,0.7739859562094241,0.784705224867443,0.7899825065766899,0.803902041311769,0.814961503423367,0.8213730281923292,0.827010786796862,0.8313641205666821,0.8353338591060071,0.8399667422485321,0.8491184041953459,0.85845946191948,0.866040605090557,0.8669855866523001,0.869113007351608,0.8728071081182159,0.8761304686630941,0.884496363495656,0.897749244018748,0.9110558274085391,0.9269688199842271,0.9481951417103509,0.969846222962453,1.0,0.9343193241139391,0.8476786485636559,0.317157546092537
0.4317262441137029,0.5629433130354661,0.6267569448133941,0.640945206788406,0.66021997384066,0.6894365069429979,0.699833868514877,0.703616015912342,0.715061247088316,0.7289274981911129,0.736864328098789,0.7432815372604381,0.745417976704495,0.7490723744439979,0.7549179493590049,0.764863443537082,0.7715021530585909,0.7774805060497141,0.778310155159032,0.7804306701915291,0.7843610318505729,0.7857121085984651,0.7948002393685241,0.8088765717509749,0.8244448552520992,0.8412567219525892,0.8674015612187758,0.8941371712702709,0.9343193241139391,1.0,0.9052177418286049,0.35603276186420596
0.362686144877036,0.485374118481043,0.5579865454974561,0.571392009695791,0.5930359991666401,0.6130727198596629,0.6201143140066,0.6171559754127621,0.626092977657345,0.6390186196133111,0.643679219600396,0.645206923341316,0.652400854643218,0.656361219578236,0.660921283757452,0.672614424018126,0.681219840356372,0.6874648971752579,0.691212794241395,0.6931699357735179,0.693820797805374,0.6947762827131179,0.7027625879785601,0.721189163225442,0.7352327630655849,0.7533637780841871,0.7766087342907159,0.8036744414207929,0.8476786485636559,0.9052177418286049,1.0,0.4216634832085
0.099194564652068,0.13899521435724302,0.17790630633262103,0.180123109960712,0.18993694433198102,0.21341695474578798,0.212160443807826,0.2069701534008,0.21396485477435198,0.22294676993085702,0.22741206629693103,0.229562043156655,0.238517534599918,0.24714262603826395,0.254448544999982,0.261357977806733,0.267464656785687,0.265994257878818,0.26075373351853504,0.24988904502898301,0.251074581481287,0.25188261696177,0.257514521978994,0.261574659117318,0.26799167528115303,0.277731521552366,0.27985062626192997,0.292727026785343,0.317157546092537,0.35603276186420596,0.4216634832085,1.0
