1.0,0.935869665499703,0.9221288443737661,0.9143894661327359,0.9101422123861469,0.904270837564541,0.898952114549042,0.892572057062049,0.885749411394223,0.8797550697340221,0.8740178859313651,0.8668329493145391,0.8610616843072242,0.8548008779484699,0.851274950107501,0.848461057636578,0.8438090330980301,0.83900462626349,0.837346208648292,0.8326878738538129,0.828331302270231,0.824368149230797,0.821805992059235,0.815369412745422,0.808890367178664,0.8003563429871109,0.788392416943928,0.776094909229985,0.7527378842226731,0.703872832832514,0.593972578835386,0.341023302713738
0.935869665499703,1.0,0.9876514284555771,0.9808587711317991,0.976988889980996,0.971738607557206,0.9669404765757209,0.962222813307039,0.9584260220022192,0.9532747617898671,0.948190298384195,0.942596610147285,0.939031728307527,0.934372364193542,0.931420589866102,0.929252143444072,0.9254022973743349,0.920644291593402,0.918917172189938,0.9152078752880551,0.9116653553694319,0.9073688569339208,0.90467228488334,0.8995119339019642,0.8938899241381569,0.886632112861666,0.875660243363762,0.862947959925106,0.841192166345665,0.793900384661731,0.6769591763218579,0.392087222009073
0.9221288443737661,0.9876514284555771,1.0,0.993259556838532,0.9890888541175659,0.9853841046824721,0.9809638753596189,0.9767948825887119,0.973664186122985,0.9686550325578341,0.9635183602989559,0.9584903990553529,0.954536062342603,0.949740801474379,0.94632907262729,0.9436311436720779,0.939643910882447,0.935153245521053,0.933261861857937,0.9298876180651509,0.926771178656282,0.922375786368366,0.9199964681496879,0.9152868326459359,0.910219989586637,0.9036948530908921,0.893101345350713,0.881094495739049,0.860458586032152,0.8151056419628749,0.700651432675428,0.409805912541538
0.9143894661327359,0.9808587711317991,0.993259556838532,1.0,0.996170415087167,0.992432741160735,0.988627172216813,0.9847648671700681,0.981487192567697,0.9770695872204499,0.972419504113848,0.968271289905432,0.964898369015961,0.9607729257923799,0.9572225546536159,0.9545090076421631,0.9507971409042,0.946800524859122,0.9449170824182379,0.9419318814272271,0.938609028357963,0.934338990131851,0.9324698036486859,0.9283038735039829,0.923568882377644,0.917329552531835,0.9074164223662842,0.8953510399792359,0.8747183930005971,0.8297174774820941,0.715550097235013,0.422542381084597
0.9101422123861469,0.976988889980996,0.9890888541175659,0.996170415087167,1.0,0.9968074925068209,0.993074622694707,0.989533323810254,0.9862018697016931,0.9819578050052958,0.977349088102187,0.9731090689364229,0.969502382218852,0.9655657401279258,0.962018945339703,0.959524431984378,0.9558420200118041,0.951757425780805,0.949829965581759,0.946735596541567,0.943548429702753,0.9392768897506191,0.937490963773136,0.933514893565134,0.9288666052179692,0.922452360125509,0.912815902424413,0.9011410551917259,0.8810910794968051,0.8367394522067009,0.722986071593567,0.43097867984572297
0.904270837564541,0.971738607557206,0.9853841046824721,0.992432741160735,0.9968074925068209,1.0,0.997319478231803,0.994222238591447,0.9910211613453521,0.9872424597610171,0.9830560207425649,0.979200352394279,0.975838383518409,0.9720455320176221,0.9683834527729671,0.965751939234838,0.9621742063863841,0.9585103467690199,0.956677292298039,0.9536466283847059,0.9507092818607371,0.9465765896111071,0.944630545046535,0.9405254253320781,0.9362865694473641,0.929923889680682,0.920901919091928,0.9093273535095758,0.889962050114209,0.8479300116421229,0.7358653726486891,0.440324514427081
0.898952114549042,0.9669404765757209,0.9809638753596189,0.988627172216813,0.993074622694707,0.997319478231803,1.0,0.997882380510215,0.995414821396461,0.9923308071856449,0.9886157412381451,0.985215939793091,0.9821397833197759,0.9784647744407421,0.9751548916169491,0.972390035806385,0.968972246341478,0.965569745430557,0.963560173707557,0.960648020414132,0.9577554066804549,0.9537886133420451,0.951519455708355,0.947457291384968,0.943426154778093,0.9369497428184851,0.928458578821615,0.9173048504220308,0.8988855921808709,0.858082308877143,0.7480452291939351,0.45023275576353794
0.892572057062049,0.962222813307039,0.9767948825887119,0.9847648671700681,0.989533323810254,0.994222238591447,0.997882380510215,1.0,0.998192104588644,0.9958457383462471,0.9926391010575799,0.989724554747843,0.986833113097043,0.983324755366277,0.9798913405473141,0.9772376520365679,0.974116751405255,0.9707819227835179,0.968843609689897,0.9659382447986579,0.963293475621443,0.959531209582686,0.957049397836393,0.9532384872015992,0.949189972332381,0.9428898248331441,0.934620193037515,0.923471494469019,0.905753513204061,0.866179502717434,0.7577705690397281,0.457340189845776
0.885749411394223,0.9584260220022192,0.973664186122985,0.981487192567697,0.9862018697016931,0.9910211613453521,0.995414821396461,0.998192104588644,1.0,0.99837896261165,0.995634729368265,0.9928264656132421,0.990059996006867,0.986748355529677,0.983437219111817,0.9809301126175909,0.978131238563308,0.974900482362114,0.9728539261187451,0.969994674062583,0.9672532741088729,0.9638677074615541,0.9612605254916801,0.957663087227577,0.954024843988418,0.948182494651874,0.940260449477842,0.9293524648533991,0.9119884240786948,0.873098485400208,0.7650527955135541,0.464159842829044
0.8797550697340221,0.9532747617898671,0.9686550325578341,0.9770695872204499,0.9819578050052958,0.9872424597610171,0.9923308071856449,0.9958457383462471,0.99837896261165,1.0,0.998164875550315,0.995784947999581,0.993178043256986,0.990269370410774,0.9873826945535848,0.985096287914422,0.982509837718658,0.979674678363554,0.9775587196033299,0.9749774287673799,0.9724920824825479,0.9694908105318779,0.967087787670351,0.963868817637768,0.960587734264192,0.955136401500624,0.9476947363057341,0.93695437886525,0.9201245052992479,0.882371980959636,0.7749196553367349,0.475542986196439
0.8740178859313651,0.948190298384195,0.9635183602989559,0.972419504113848,0.977349088102187,0.9830560207425649,0.9886157412381451,0.9926391010575799,0.995634729368265,0.998164875550315,1.0,0.9983940822205121,0.9963002084926601,0.993958556516426,0.9914925838258221,0.989392315123494,0.987139283189853,0.984775491154742,0.98283463388552,0.980305756683985,0.9780156665335781,0.975254278198062,0.972847947118567,0.969660183234995,0.9665895100390319,0.96118227108521,0.9544369978334419,0.944019404240917,0.9281665486684499,0.892314751071091,0.785817889954453,0.48619756344038106
0.8668329493145391,0.942596610147285,0.9584903990553529,0.968271289905432,0.9731090689364229,0.979200352394279,0.985215939793091,0.989724554747843,0.9928264656132421,0.995784947999581,0.9983940822205121,1.0,0.998554813531493,0.9967455298064352,0.994567107246184,0.992416805318909,0.990224879716842,0.9879986253540699,0.9861488801658459,0.9837036931660931,0.9817226495764909,0.9788689130197571,0.9765322720774409,0.9736635654242372,0.9706534747461351,0.965419458073888,0.95923412148303,0.949096530829439,0.934256533672306,0.899786593529525,0.795291940577729,0.494459059052217
0.8610616843072242,0.939031728307527,0.954536062342603,0.964898369015961,0.969502382218852,0.975838383518409,0.9821397833197759,0.986833113097043,0.990059996006867,0.993178043256986,0.9963002084926601,0.998554813531493,1.0,0.9987212617007901,0.9968430579443671,0.994986853538132,0.9930229107625909,0.9908488888143959,0.988915509797288,0.986499476040168,0.9846265543532009,0.981914479421095,0.979519680823374,0.9767200724255408,0.973665103390328,0.968744295974164,0.9628393248440029,0.9532118332990099,0.9390009344240071,0.905206742056734,0.8013827899973158,0.49817460257621793
0.8548008779484699,0.934372364193542,0.949740801474379,0.9607729257923799,0.9655657401279258,0.9720455320176221,0.9784647744407421,0.983324755366277,0.986748355529677,0.990269370410774,0.993958556516426,0.9967455298064352,0.9987212617007901,1.0,0.998742966730553,0.997295748761407,0.9955490402622449,0.9936314750018829,0.9918691963708108,0.98961304346037,0.987759218529924,0.985165379995043,0.9829537906464281,0.9802213404381651,0.977180655232567,0.9724187413696271,0.966683554905552,0.957429097449598,0.9436224040736378,0.910613167435509,0.807673143142101,0.5030244674531429
0.851274950107501,0.931420589866102,0.94632907262729,0.9572225546536159,0.962018945339703,0.9683834527729671,0.9751548916169491,0.9798913405473141,0.983437219111817,0.9873826945535848,0.9914925838258221,0.994567107246184,0.9968430579443671,0.998742966730553,1.0,0.9989921175171079,0.9975156372037309,0.995842969896946,0.994133839031916,0.9918977182181391,0.9901972176382329,0.9876963011602821,0.9855104428138621,0.982857342747978,0.97988243379574,0.9754375961051899,0.969826649074284,0.960976716536809,0.9478849167589369,0.915856298025935,0.814428176506364,0.5106461810506661
0.848461057636578,0.929252143444072,0.9436311436720779,0.9545090076421631,0.959524431984378,0.965751939234838,0.972390035806385,0.9772376520365679,0.9809301126175909,0.985096287914422,0.989392315123494,0.992416805318909,0.994986853538132,0.997295748761407,0.9989921175171079,1.0,0.99898035817561,0.9974616498002858,0.9958321553157858,0.9936412291129529,0.9918824754962209,0.989495478186761,0.9874289367878201,0.9849560906549939,0.9820418833744301,0.977890675903648,0.972453661762381,0.964153359955798,0.9513404645084721,0.919344961695772,0.818736946344102,0.5170273261028939
0.8438090330980301,0.9254022973743349,0.939643910882447,0.9507971409042,0.9558420200118041,0.9621742063863841,0.968972246341478,0.974116751405255,0.978131238563308,0.982509837718658,0.987139283189853,0.990224879716842,0.9930229107625909,0.9955490402622449,0.9975156372037309,0.99898035817561,1.0,0.998884302893413,0.9973342029514681,0.9953293112080671,0.9937788250799998,0.9916798173018159,0.989767093522478,0.9874003072613621,0.9846279105448911,0.9805912222850209,0.975442384951307,0.9675454456262109,0.9552302127343171,0.923912994927838,0.8244168826525601,0.5249604862027341
0.83900462626349,0.920644291593402,0.935153245521053,0.946800524859122,0.951757425780805,0.9585103467690199,0.965569745430557,0.9707819227835179,0.974900482362114,0.979674678363554,0.984775491154742,0.9879986253540699,0.9908488888143959,0.9936314750018829,0.995842969896946,0.9974616498002858,0.998884302893413,1.0,0.9988152780237021,0.997157199163947,0.995726089193231,0.9938503493772979,0.9920662872200949,0.9899929233883871,0.9874716327817941,0.983853912899429,0.9790311894898921,0.97148136632177,0.9599117887989359,0.930624296978453,0.8334739790193879,0.535263864322377
0.837346208648292,0.918917172189938,0.933261861857937,0.9449170824182379,0.949829965581759,0.956677292298039,0.963560173707557,0.968843609689897,0.9728539261187451,0.9775587196033299,0.98283463388552,0.9861488801658459,0.988915509797288,0.9918691963708108,0.994133839031916,0.9958321553157858,0.9973342029514681,0.9988152780237021,1.0,0.9988110029130849,0.997519885739115,0.995798146827213,0.994124164950461,0.992019955092394,0.989254025493563,0.985706100578356,0.981119267126977,0.973916271381128,0.962683418833389,0.933541544764096,0.8383485371972249,0.539059899548216
0.8326878738538129,0.9152078752880551,0.9298876180651509,0.9419318814272271,0.946735596541567,0.9536466283847059,0.960648020414132,0.9659382447986579,0.969994674062583,0.9749774287673799,0.980305756683985,0.9837036931660931,0.986499476040168,0.98961304346037,0.9918977182181391,0.9936412291129529,0.9953293112080671,0.997157199163947,0.9988110029130849,1.0,0.999017845306717,0.9976121132969169,0.9960724522606851,0.994149439797904,0.991646598433605,0.988356113590409,0.984138346728305,0.9772697231043052,0.966304723473268,0.938162725359665,0.84629850817451,0.551758030116395
0.828331302270231,0.9116653553694319,0.926771178656282,0.938609028357963,0.943548429702753,0.9507092818607371,0.9577554066804549,0.963293475621443,0.9672532741088729,0.9724920824825479,0.9780156665335781,0.9817226495764909,0.9846265543532009,0.987759218529924,0.9901972176382329,0.9918824754962209,0.9937788250799998,0.995726089193231,0.997519885739115,0.999017845306717,1.0,0.9988870120269651,0.9974394939179251,0.995672942588149,0.99336595002233,0.990269184774494,0.986181525919522,0.979687192778612,0.96910478359677,0.9416717240828121,0.8505058638339851,0.5543310622120761
0.824368149230797,0.9073688569339208,0.922375786368366,0.934338990131851,0.9392768897506191,0.9465765896111071,0.9537886133420451,0.959531209582686,0.9638677074615541,0.9694908105318779,0.975254278198062,0.9788689130197571,0.981914479421095,0.985165379995043,0.9876963011602821,0.989495478186761,0.9916798173018159,0.9938503493772979,0.995798146827213,0.9976121132969169,0.9988870120269651,1.0,0.9987900267355841,0.997287897829353,0.9951992313932749,0.992216404517614,0.9882150580575929,0.9821759228597221,0.9723279475008929,0.945219773313792,0.8551035887148499,0.560666560122054
0.821805992059235,0.90467228488334,0.9199964681496879,0.9324698036486859,0.937490963773136,0.944630545046535,0.951519455708355,0.957049397836393,0.9612605254916801,0.967087787670351,0.972847947118567,0.9765322720774409,0.979519680823374,0.9829537906464281,0.9855104428138621,0.9874289367878201,0.989767093522478,0.9920662872200949,0.994124164950461,0.9960724522606851,0.9974394939179251,0.9987900267355841,1.0,0.998672358734809,0.996721165628297,0.994006307713425,0.9900906474837591,0.984304614312041,0.9747367642140591,0.9473614020580459,0.8573832715642591,0.5641509132585351
0.815369412745422,0.8995119339019642,0.9152868326459359,0.9283038735039829,0.933514893565134,0.9405254253320781,0.947457291384968,0.9532384872015992,0.957663087227577,0.963868817637768,0.969660183234995,0.9736635654242372,0.9767200724255408,0.9802213404381651,0.982857342747978,0.9849560906549939,0.9874003072613621,0.9899929233883871,0.992019955092394,0.994149439797904,0.995672942588149,0.997287897829353,0.998672358734809,1.0,0.9986032999723929,0.9963217302377672,0.992948359281975,0.987743164219152,0.978506014969835,0.9530450427248129,0.865834275511516,0.5721061651420689
0.808890367178664,0.8938899241381569,0.910219989586637,0.923568882377644,0.9288666052179692,0.9362865694473641,0.943426154778093,0.949189972332381,0.954024843988418,0.960587734264192,0.9665895100390319,0.9706534747461351,0.973665103390328,0.977180655232567,0.97988243379574,0.9820418833744301,0.9846279105448911,0.9874716327817941,0.989254025493563,0.991646598433605,0.99336595002233,0.9951992313932749,0.996721165628297,0.9986032999723929,1.0,0.9980856038590541,0.9951481165848629,0.990230071258506,0.9815884258824781,0.957395878584975,0.8725550714268,0.580233909821094
0.8003563429871109,0.886632112861666,0.9036948530908921,0.917329552531835,0.922452360125509,0.929923889680682,0.9369497428184851,0.9428898248331441,0.948182494651874,0.955136401500624,0.96118227108521,0.965419458073888,0.968744295974164,0.9724187413696271,0.9754375961051899,0.977890675903648,0.9805912222850209,0.983853912899429,0.985706100578356,0.988356113590409,0.990269184774494,0.992216404517614,0.994006307713425,0.9963217302377672,0.9980856038590541,1.0,0.9975817800916609,0.9934072797947758,0.986341664344693,0.9637707543984421,0.8811087612301379,0.589528257114001
0.788392416943928,0.875660243363762,0.893101345350713,0.9074164223662842,0.912815902424413,0.920901919091928,0.928458578821615,0.934620193037515,0.940260449477842,0.9476947363057341,0.9544369978334419,0.95923412148303,0.9628393248440029,0.966683554905552,0.969826649074284,0.972453661762381,0.975442384951307,0.9790311894898921,0.981119267126977,0.984138346728305,0.986181525919522,0.9882150580575929,0.9900906474837591,0.992948359281975,0.9951481165848629,0.9975817800916609,1.0,0.996293136799179,0.990260517398486,0.9704656693991129,0.890586147691749,0.5981607471269561
0.776094909229985,0.862947959925106,0.881094495739049,0.8953510399792359,0.9011410551917259,0.9093273535095758,0.9173048504220308,0.923471494469019,0.9293524648533991,0.93695437886525,0.944019404240917,0.949096530829439,0.9532118332990099,0.957429097449598,0.960976716536809,0.964153359955798,0.9675454456262109,0.97148136632177,0.973916271381128,0.9772697231043052,0.979687192778612,0.9821759228597221,0.984304614312041,0.987743164219152,0.990230071258506,0.9934072797947758,0.996293136799179,1.0,0.9949767762323829,0.9763180745423609,0.9014861222634479,0.611174008712583
0.7527378842226731,0.841192166345665,0.860458586032152,0.8747183930005971,0.8810910794968051,0.889962050114209,0.8988855921808709,0.905753513204061,0.9119884240786948,0.9201245052992479,0.9281665486684499,0.934256533672306,0.9390009344240071,0.9436224040736378,0.9478849167589369,0.9513404645084721,0.9552302127343171,0.9599117887989359,0.962683418833389,0.966304723473268,0.96910478359677,0.9723279475008929,0.9747367642140591,0.978506014969835,0.9815884258824781,0.986341664344693,0.990260517398486,0.9949767762323829,1.0,0.9865033169012091,0.9189817380361679,0.630888446959375
0.703872832832514,0.793900384661731,0.8151056419628749,0.8297174774820941,0.8367394522067009,0.8479300116421229,0.858082308877143,0.866179502717434,0.873098485400208,0.882371980959636,0.892314751071091,0.899786593529525,0.905206742056734,0.910613167435509,0.915856298025935,0.919344961695772,0.923912994927838,0.930624296978453,0.933541544764096,0.938162725359665,0.9416717240828121,0.945219773313792,0.9473614020580459,0.9530450427248129,0.957395878584975,0.9637707543984421,0.9704656693991129,0.9763180745423609,0.9865033169012091,1.0,0.9506428061676049,0.6612643537161059
0.593972578835386,0.6769591763218579,0.700651432675428,0.715550097235013,0.722986071593567,0.7358653726486891,0.7480452291939351,0.7577705690397281,0.7650527955135541,0.7749196553367349,0.785817889954453,0.795291940577729,0.8013827899973158,0.807673143142101,0.814428176506364,0.818736946344102,0.8244168826525601,0.8334739790193879,0.8383485371972249,0.84629850817451,0.8505058638339851,0.8551035887148499,0.8573832715642591,0.865834275511516,0.8725550714268,0.8811087612301379,0.890586147691749,0.9014861222634479,0.9189817380361679,0.9506428061676049,1.0,0.777261749068369
0.341023302713738,0.392087222009073,0.409805912541538,0.422542381084597,0.43097867984572297,0.440324514427081,0.45023275576353794,0.457340189845776,0.464159842829044,0.475542986196439,0.48619756344038106,0.494459059052217,0.49817460257621793,0.5030244674531429,0.5106461810506661,0.5170273261028939,0.5249604862027341,0.535263864322377,0.539059899548216,0.551758030116395,0.5543310622120761,0.560666560122054,0.5641509132585351,0.5721061651420689,0.580233909821094,0.589528257114001,0.5981607471269561,0.611174008712583,0.630888446959375,0.6612643537161059,0.777261749068369,1.0
