1.0,0.7661839152682159,0.683029142880397,0.6374476000292328,0.608576236989023,0.576946208219775,0.545599850283391,0.5127783526818279,0.484631251097299,0.45613138340319104,0.4385005983371021,0.422598786772865,0.400717593244706,0.383533730351872,0.366378552597077,0.349583246843703,0.32210885606797496,0.29511735457414195,0.278067560356642,0.261844649061744,0.23830960203004603,0.21717831686115197,0.20499027155530497,0.192072924307828,0.177915353643816,0.157280255323854,0.115431362127718,0.0787974678000647,0.0442640506111728,0.0008344599146488611,0.0233265986468217,0.0280218075062846
0.7661839152682159,1.0,0.9150941128753179,0.867329545547978,0.8282580105220949,0.794007120996567,0.76660701314292,0.741451792889802,0.7160928931869079,0.686103277959266,0.6665403748608829,0.640059550970861,0.613566880350874,0.593262730311553,0.572726578373473,0.550321324016876,0.513059167274147,0.489818005515038,0.469425462517989,0.44462578816269505,0.42460066638119803,0.39759298125286296,0.37765440748723605,0.359715719858927,0.336823217803011,0.30559401220982,0.252067131528641,0.18969063366897895,0.13470115004828,0.0751211128092015,0.0536153839498489,0.00145228056132084
0.683029142880397,0.9150941128753179,1.0,0.9604626178488241,0.9279294512948739,0.900059173884496,0.878010268342484,0.8597830665840408,0.8375553484237289,0.8121541655026059,0.794737028757627,0.7688230079466859,0.742789711297337,0.7230528129330841,0.701136564728176,0.67671407241931,0.6420613567205601,0.621260890663638,0.6013709351338431,0.5744014950217969,0.554943334629562,0.5297988459735771,0.503916640623681,0.48341559518439897,0.46061420436669104,0.42508806900318297,0.367833029297792,0.298099845642525,0.22604148107287,0.14323551629246398,0.10794482178838301,0.0334821856374352
0.6374476000292328,0.867329545547978,0.9604626178488241,1.0,0.976563238891872,0.9521989916475029,0.9326328862951171,0.91607182496122,0.896321178856258,0.8727643617957191,0.8580397933402599,0.834696726250986,0.811375851871981,0.793605617199229,0.775858068420046,0.753092020421285,0.7210599257021929,0.702088463578891,0.6812076221966059,0.654358440921078,0.634072970681438,0.606941967676674,0.579147688966868,0.559508129123165,0.535927863609598,0.49731355821666295,0.43800317417530105,0.364574202165814,0.28224276216487104,0.190366189219785,0.1437858527197,0.0541147929237309
0.608576236989023,0.8282580105220949,0.9279294512948739,0.976563238891872,1.0,0.980620905455768,0.962740163594821,0.945302853942256,0.9274796662076551,0.9089873870932521,0.8944370868862991,0.873597248521325,0.8506772845667561,0.8323657265205721,0.814573878180061,0.794741449589947,0.7661289629725041,0.74880667293202,0.72880884743425,0.701844025123015,0.681919656428258,0.6552730794373449,0.626115980010777,0.606501261151421,0.5835889152313051,0.54488880404727,0.484471415194406,0.41489127623546296,0.328325420189589,0.228630541043548,0.178964154612612,0.0695217230645011
0.576946208219775,0.794007120996567,0.900059173884496,0.9521989916475029,0.980620905455768,1.0,0.983933518995067,0.967584439145184,0.950659113797581,0.9341662840881529,0.9211008400843209,0.9029030808304741,0.882714678095141,0.8660767181780671,0.8497756158393159,0.8312744654886909,0.803238520458376,0.7856718733977031,0.766603415236782,0.740501993975145,0.721788885272683,0.69612275987177,0.667463414731826,0.648200552545245,0.623687520349677,0.5864507055000849,0.526394909481969,0.4536213338680539,0.366044355937052,0.259068568575317,0.20402777264094799,0.0960471832782531
0.545599850283391,0.76660701314292,0.878010268342484,0.9326328862951171,0.962740163594821,0.983933518995067,1.0,0.98714499262831,0.972354838479182,0.9572327919139731,0.9435826533477192,0.9271715722212499,0.907365885628085,0.8920276883306079,0.8757584468099201,0.8585595880957121,0.8325305907506301,0.816986086129732,0.7982346346259042,0.772302899924439,0.7537705609443621,0.730028242729885,0.702234171925489,0.6818282554364189,0.657462336004413,0.619916521943191,0.5594754176193979,0.487407779098896,0.39446292064024396,0.28512933397753903,0.22944032279651,0.115097571387009
0.5127783526818279,0.741451792889802,0.8597830665840408,0.91607182496122,0.945302853942256,0.967584439145184,0.98714499262831,1.0,0.9897009999514699,0.976830149756615,0.964812051794972,0.9498859768942629,0.9329680076288891,0.9190021905648449,0.9027246466700791,0.886247803197804,0.862839837691495,0.848755186058776,0.831335168284255,0.806896841073739,0.7899831884146931,0.7679100571751121,0.741238224580616,0.721474677936412,0.696849557342958,0.6576995736382729,0.598022461350541,0.522599552519551,0.42988504604706707,0.31984132335588,0.26230536845680497,0.134386426500293
0.484631251097299,0.7160928931869079,0.8375553484237289,0.896321178856258,0.9274796662076551,0.950659113797581,0.972354838479182,0.9897009999514699,1.0,0.990043566416443,0.978806231459063,0.964900076072943,0.94933684962377,0.9362184749432472,0.920755260148032,0.9050745383487799,0.8835523788198308,0.8707035786372859,0.8551542151502329,0.832334485060312,0.81596770322733,0.7953735592643721,0.769744603428484,0.750689596955051,0.7259504166113872,0.689449503316509,0.6321595085429891,0.5580879663863659,0.4678225159484579,0.357495007554252,0.29884069037215,0.16975074598400802
0.45613138340319104,0.686103277959266,0.8121541655026059,0.8727643617957191,0.9089873870932521,0.9341662840881529,0.9572327919139731,0.976830149756615,0.990043566416443,1.0,0.991615826490614,0.97973647307019,0.9645036808074442,0.9518382006817329,0.936925180665578,0.922025455489725,0.902908116282011,0.8912726959522129,0.8771178080820279,0.8566215292450109,0.841283730910015,0.8232688374926591,0.798432041879154,0.7809515917899079,0.7570750315170001,0.721215258218509,0.665841300850025,0.5929884594658039,0.503046045915711,0.39099865984721505,0.332831177587447,0.19804830050699598
0.4385005983371021,0.6665403748608829,0.794737028757627,0.8580397933402599,0.8944370868862991,0.9211008400843209,0.9435826533477192,0.964812051794972,0.978806231459063,0.991615826490614,1.0,0.991859908857712,0.9795889473001899,0.9679867456553369,0.9537874290749631,0.939048848893413,0.9211320775568391,0.9102234370642079,0.897343094237492,0.8788717451145999,0.8654990142816609,0.848470119472203,0.8245943873715559,0.8077213572325259,0.78545576700965,0.751094538426885,0.69715503321873,0.624171303064641,0.535914738699467,0.42447811928093,0.363602796877299,0.21612131764378398
0.422598786772865,0.640059550970861,0.7688230079466859,0.834696726250986,0.873597248521325,0.9029030808304741,0.9271715722212499,0.9498859768942629,0.964900076072943,0.97973647307019,0.991859908857712,1.0,0.991186685919905,0.981503342900187,0.9694600968504009,0.956616113928615,0.940817414562035,0.9313169338805258,0.9200026809369759,0.9047812946198,0.8928901894229591,0.8772871559299781,0.8552979409656272,0.8400086219935501,0.818419875954842,0.7870069263341829,0.7373897733230351,0.6665868499554151,0.582555051439275,0.469109270748742,0.40726264179700394,0.239688009360666
0.400717593244706,0.613566880350874,0.742789711297337,0.811375851871981,0.8506772845667561,0.882714678095141,0.907365885628085,0.9329680076288891,0.94933684962377,0.9645036808074442,0.9795889473001899,0.991186685919905,1.0,0.992275346723588,0.982786974287385,0.972112825733923,0.9573504887027021,0.9480156098798961,0.937366280990289,0.9247354532593441,0.9146793774138969,0.899568003848787,0.879343163536333,0.8649054227138291,0.8446513964093589,0.8163650437168279,0.7703263722674469,0.699523674231665,0.617065194339478,0.505024554979841,0.43931772692887394,0.26268256695484804
0.383533730351872,0.593262730311553,0.7230528129330841,0.793605617199229,0.8323657265205721,0.8660767181780671,0.8920276883306079,0.9190021905648449,0.9362184749432472,0.9518382006817329,0.9679867456553369,0.981503342900187,0.992275346723588,1.0,0.9932707793239692,0.9835200580745341,0.969797739014328,0.9606605248161221,0.9508245449310309,0.9379874464107271,0.928036835414987,0.913201915199234,0.893233842381157,0.8790110925663801,0.859408805147725,0.8331505280515459,0.7904085263553741,0.7179590304923141,0.6376465012288921,0.5256392408435311,0.462719744653164,0.27553124921868105
0.366378552597077,0.572726578373473,0.701136564728176,0.775858068420046,0.814573878180061,0.8497756158393159,0.8757584468099201,0.9027246466700791,0.920755260148032,0.936925180665578,0.9537874290749631,0.9694600968504009,0.982786974287385,0.9932707793239692,1.0,0.9930849214540991,0.9819095102784591,0.9729649496739009,0.963543036922058,0.952092321688472,0.94227948092771,0.926798439705915,0.9074934555394591,0.893725647111088,0.875384318316719,0.85097481320924,0.809876578429527,0.738242326744386,0.6596315332926689,0.5497839139302629,0.482117175319151,0.294735412397921
0.349583246843703,0.550321324016876,0.67671407241931,0.753092020421285,0.794741449589947,0.8312744654886909,0.8585595880957121,0.886247803197804,0.9050745383487799,0.922025455489725,0.939048848893413,0.956616113928615,0.972112825733923,0.9835200580745341,0.9930849214540991,1.0,0.9917292777481089,0.9834622838937591,0.974779454901019,0.9638155330034649,0.9548175639756021,0.939206221451373,0.9207724129959058,0.907580875120193,0.8898746506875941,0.865975085616003,0.8276738290012379,0.757879830436942,0.678623346113995,0.5685477237272621,0.5057669968512211,0.318268912907915
0.32210885606797496,0.513059167274147,0.6420613567205601,0.7210599257021929,0.7661289629725041,0.803238520458376,0.8325305907506301,0.862839837691495,0.8835523788198308,0.902908116282011,0.9211320775568391,0.940817414562035,0.9573504887027021,0.969797739014328,0.9819095102784591,0.9917292777481089,1.0,0.992885680574105,0.985662231625287,0.9765036302750809,0.9681231288067579,0.954660030488891,0.9377644207533801,0.925260610316646,0.909826915625323,0.8871625053036221,0.851393019645011,0.786358882234831,0.705992611578075,0.599847923218386,0.529437233262476,0.341739566265257
0.29511735457414195,0.489818005515038,0.621260890663638,0.702088463578891,0.74880667293202,0.7856718733977031,0.816986086129732,0.848755186058776,0.8707035786372859,0.8912726959522129,0.9102234370642079,0.9313169338805258,0.9480156098798961,0.9606605248161221,0.9729649496739009,0.9834622838937591,0.992885680574105,1.0,0.9946085768334431,0.9860959224212741,0.9787016934881659,0.9672806310462859,0.951843625349932,0.939607404899236,0.9249764882206559,0.9015876002616121,0.8658293856414699,0.802427217774123,0.7161648617167091,0.6052249572489821,0.532589559485854,0.35413357317821004
0.278067560356642,0.469425462517989,0.6013709351338431,0.6812076221966059,0.72880884743425,0.766603415236782,0.7982346346259042,0.831335168284255,0.8551542151502329,0.8771178080820279,0.897343094237492,0.9200026809369759,0.937366280990289,0.9508245449310309,0.963543036922058,0.974779454901019,0.985662231625287,0.9946085768334431,1.0,0.993208555903082,0.986672782991308,0.9763148148323729,0.962776551362927,0.9518422331162449,0.9375820063626371,0.9171105521537148,0.8834308293271721,0.8239167551967159,0.738519786176966,0.63116432930463,0.553404855965228,0.36694400897211105
0.261844649061744,0.44462578816269505,0.5744014950217969,0.654358440921078,0.701844025123015,0.740501993975145,0.772302899924439,0.806896841073739,0.832334485060312,0.8566215292450109,0.8788717451145999,0.9047812946198,0.9247354532593441,0.9379874464107271,0.952092321688472,0.9638155330034649,0.9765036302750809,0.9860959224212741,0.993208555903082,1.0,0.99398625228802,0.9853177342681619,0.972946366368584,0.9630076353532429,0.948741458362557,0.9320286098469921,0.9009504741016621,0.8443707755809889,0.766725939197511,0.6647956483911421,0.584744693409345,0.382614817777932
0.23830960203004603,0.42460066638119803,0.554943334629562,0.634072970681438,0.681919656428258,0.721788885272683,0.7537705609443621,0.7899831884146931,0.81596770322733,0.841283730910015,0.8654990142816609,0.8928901894229591,0.9146793774138969,0.928036835414987,0.94227948092771,0.9548175639756021,0.9681231288067579,0.9787016934881659,0.986672782991308,0.99398625228802,1.0,0.9937995679894499,0.983775330015876,0.974330576995772,0.961279016544614,0.9432889940592909,0.9124795173186999,0.8569239307296941,0.7780045961394181,0.6748912924972579,0.593296555470843,0.397287426251855
0.21717831686115197,0.39759298125286296,0.5297988459735771,0.606941967676674,0.6552730794373449,0.69612275987177,0.730028242729885,0.7679100571751121,0.7953735592643721,0.8232688374926591,0.848470119472203,0.8772871559299781,0.899568003848787,0.913201915199234,0.926798439705915,0.939206221451373,0.954660030488891,0.9672806310462859,0.9763148148323729,0.9853177342681619,0.9937995679894499,1.0,0.9926756172796171,0.9841730811508921,0.973172716709133,0.9568317832295542,0.926982811087436,0.8744753531031229,0.794170964358927,0.6882039202239089,0.607081430434713,0.4104707543366479
0.20499027155530497,0.37765440748723605,0.503916640623681,0.579147688966868,0.626115980010777,0.667463414731826,0.702234171925489,0.741238224580616,0.769744603428484,0.798432041879154,0.8245943873715559,0.8552979409656272,0.879343163536333,0.893233842381157,0.9074934555394591,0.9207724129959058,0.9377644207533801,0.951843625349932,0.962776551362927,0.972946366368584,0.983775330015876,0.9926756172796171,1.0,0.9932518667478449,0.983665129353079,0.967941923034091,0.942056794441865,0.89242492540216,0.8119824734149091,0.702697792304715,0.625355277283047,0.43403720195890294
0.192072924307828,0.359715719858927,0.48341559518439897,0.559508129123165,0.606501261151421,0.648200552545245,0.6818282554364189,0.721474677936412,0.750689596955051,0.7809515917899079,0.8077213572325259,0.8400086219935501,0.8649054227138291,0.8790110925663801,0.893725647111088,0.907580875120193,0.925260610316646,0.939607404899236,0.9518422331162449,0.9630076353532429,0.974330576995772,0.9841730811508921,0.9932518667478449,1.0,0.9909828994323521,0.978236625453506,0.954999161363063,0.907422998875033,0.8283065049393108,0.721405493436391,0.6413269348720589,0.44735824837780797
0.177915353643816,0.336823217803011,0.46061420436669104,0.535927863609598,0.5835889152313051,0.623687520349677,0.657462336004413,0.696849557342958,0.7259504166113872,0.7570750315170001,0.78545576700965,0.818419875954842,0.8446513964093589,0.859408805147725,0.875384318316719,0.8898746506875941,0.909826915625323,0.9249764882206559,0.9375820063626371,0.948741458362557,0.961279016544614,0.973172716709133,0.983665129353079,0.9909828994323521,1.0,0.9883085797908442,0.967715098788787,0.9268633376081149,0.851923099643078,0.7396205309740791,0.656507385560144,0.460632842098269
0.157280255323854,0.30559401220982,0.42508806900318297,0.49731355821666295,0.54488880404727,0.5864507055000849,0.619916521943191,0.6576995736382729,0.689449503316509,0.721215258218509,0.751094538426885,0.7870069263341829,0.8163650437168279,0.8331505280515459,0.85097481320924,0.865975085616003,0.8871625053036221,0.9015876002616121,0.9171105521537148,0.9320286098469921,0.9432889940592909,0.9568317832295542,0.967941923034091,0.978236625453506,0.9883085797908442,1.0,0.98511544588954,0.9528854632209302,0.8864553417952339,0.788200582706616,0.7027273084151779,0.495738919643872
0.115431362127718,0.252067131528641,0.367833029297792,0.43800317417530105,0.484471415194406,0.526394909481969,0.5594754176193979,0.598022461350541,0.6321595085429891,0.665841300850025,0.69715503321873,0.7373897733230351,0.7703263722674469,0.7904085263553741,0.809876578429527,0.8276738290012379,0.851393019645011,0.8658293856414699,0.8834308293271721,0.9009504741016621,0.9124795173186999,0.926982811087436,0.942056794441865,0.954999161363063,0.967715098788787,0.98511544588954,1.0,0.975382822737558,0.918077687288064,0.8185610280141521,0.7389180080073321,0.521719792783553
0.0787974678000647,0.18969063366897895,0.298099845642525,0.364574202165814,0.41489127623546296,0.4536213338680539,0.487407779098896,0.522599552519551,0.5580879663863659,0.5929884594658039,0.624171303064641,0.6665868499554151,0.699523674231665,0.7179590304923141,0.738242326744386,0.757879830436942,0.786358882234831,0.802427217774123,0.8239167551967159,0.8443707755809889,0.8569239307296941,0.8744753531031229,0.89242492540216,0.907422998875033,0.9268633376081149,0.9528854632209302,0.975382822737558,1.0,0.9514274348508559,0.856494643310643,0.765015225183568,0.547309907163736
0.0442640506111728,0.13470115004828,0.22604148107287,0.28224276216487104,0.328325420189589,0.366044355937052,0.39446292064024396,0.42988504604706707,0.4678225159484579,0.503046045915711,0.535914738699467,0.582555051439275,0.617065194339478,0.6376465012288921,0.6596315332926689,0.678623346113995,0.705992611578075,0.7161648617167091,0.738519786176966,0.766725939197511,0.7780045961394181,0.794170964358927,0.8119824734149091,0.8283065049393108,0.851923099643078,0.8864553417952339,0.918077687288064,0.9514274348508559,1.0,0.9258082004038559,0.829687598040468,0.557168572592156
0.0008344599146488611,0.0751211128092015,0.14323551629246398,0.190366189219785,0.228630541043548,0.259068568575317,0.28512933397753903,0.31984132335588,0.357495007554252,0.39099865984721505,0.42447811928093,0.469109270748742,0.505024554979841,0.5256392408435311,0.5497839139302629,0.5685477237272621,0.599847923218386,0.6052249572489821,0.63116432930463,0.6647956483911421,0.6748912924972579,0.6882039202239089,0.702697792304715,0.721405493436391,0.7396205309740791,0.788200582706616,0.8185610280141521,0.856494643310643,0.9258082004038559,1.0,0.885193554962447,0.550396503954646
0.0233265986468217,0.0536153839498489,0.10794482178838301,0.1437858527197,0.178964154612612,0.20402777264094799,0.22944032279651,0.26230536845680497,0.29884069037215,0.332831177587447,0.363602796877299,0.40726264179700394,0.43931772692887394,0.462719744653164,0.482117175319151,0.5057669968512211,0.529437233262476,0.532589559485854,0.553404855965228,0.584744693409345,0.593296555470843,0.607081430434713,0.625355277283047,0.6413269348720589,0.656507385560144,0.7027273084151779,0.7389180080073321,0.765015225183568,0.829687598040468,0.885193554962447,1.0,0.618153097296134
0.0280218075062846,0.00145228056132084,0.0334821856374352,0.0541147929237309,0.0695217230645011,0.0960471832782531,0.115097571387009,0.134386426500293,0.16975074598400802,0.19804830050699598,0.21612131764378398,0.239688009360666,0.26268256695484804,0.27553124921868105,0.294735412397921,0.318268912907915,0.341739566265257,0.35413357317821004,0.36694400897211105,0.382614817777932,0.397287426251855,0.4104707543366479,0.43403720195890294,0.44735824837780797,0.460632842098269,0.495738919643872,0.521719792783553,0.547309907163736,0.557168572592156,0.550396503954646,0.618153097296134,1.0
