1.0,0.5765073683874039,0.499571145079443,0.43560260276177504,0.40928686910965995,0.39236438800207,0.385060474447996,0.373932050782011,0.361729818325641,0.351765770505604,0.34346444711964697,0.338737973721097,0.32104308108714597,0.31051701384845803,0.300939535246387,0.29409141393827504,0.28513484139096396,0.280559720717239,0.277540598033804,0.27674877372199497,0.276445758914664,0.275846802159601,0.273796147462877,0.269062786096412,0.26254804971433604,0.264647090171508,0.25290669873346305,0.24515683004876898,0.225822301465621,0.22345010007279198,0.101146042964944,0.0139864347512296
0.5765073683874039,1.0,0.883001252503915,0.801512410224228,0.757561321560104,0.732854127987158,0.7133008733877629,0.694081255917528,0.6768887582673709,0.662542995266671,0.6518651217371679,0.6394836617355649,0.6201438431995,0.609553972403879,0.602185420365008,0.596718304576211,0.589585105125609,0.580179551527857,0.573105773401125,0.5665043130960339,0.560185851506505,0.5450002437685301,0.5395274346711989,0.528589024202546,0.524532807736668,0.5209879395459021,0.507637456847748,0.49694337737450706,0.47609485235385,0.436375240500736,0.15886311240045997,0.034220263092645996
0.499571145079443,0.883001252503915,1.0,0.9327751687568601,0.8915738686356641,0.86319014586296,0.8383410754509001,0.821777886435737,0.807709836267485,0.7923291367084978,0.7784376501551479,0.7688730636002171,0.749464076431018,0.73537839284338,0.7257450115786229,0.7209792555771359,0.714680064503717,0.708269087970443,0.701857595389865,0.699598799131201,0.6901274529466489,0.675353591030484,0.6665131973977011,0.6584714178924771,0.6538755102942629,0.643220393584985,0.624667122024077,0.604929631851237,0.572517446550994,0.499598482828427,0.199345872299651,0.0582756305375871
0.43560260276177504,0.801512410224228,0.9327751687568601,1.0,0.954132264960725,0.927987961532346,0.908813800493098,0.896962631299773,0.8861747322318879,0.8734022138721129,0.861584661104475,0.8516510981366829,0.834976922040566,0.8254432425971528,0.8189252949236159,0.8120462043049,0.8070764345661591,0.7998475866160709,0.791139309001495,0.7865547750473649,0.778403338852973,0.76831726484945,0.7570378821474509,0.749897360730207,0.7437248021434381,0.730076841695348,0.711102554118817,0.688313742237986,0.643744507056123,0.550946045465854,0.21676199974218202,0.0597589302272305
0.40928686910965995,0.757561321560104,0.8915738686356641,0.954132264960725,1.0,0.975302678975614,0.9548506895697639,0.940942607040271,0.929437350352444,0.9177345172123229,0.9058425697769878,0.894280512258986,0.8816422337402672,0.8713670484273199,0.863524074520135,0.854829696551572,0.850099683205627,0.8436094078969191,0.836254140416577,0.8313826436745091,0.822854318436701,0.8131245400674929,0.805112210202495,0.7986075704051371,0.7963223126438449,0.779432180091232,0.7615879892656259,0.735898876022422,0.6906615818862399,0.585661470174469,0.224940297136152,0.0829868087341327
0.39236438800207,0.732854127987158,0.86319014586296,0.927987961532346,0.975302678975614,1.0,0.98335439841296,0.9685469687896159,0.955078125782704,0.9423637632806809,0.929081060281366,0.918949701389581,0.906073710876055,0.894789860100381,0.886158541022168,0.8779377646371229,0.8716013844236691,0.863195096195527,0.8571559477260992,0.851561860624148,0.842484296998529,0.8324518799868241,0.8260160371095121,0.819135578657648,0.815342481977101,0.795045552884198,0.7755358951531669,0.7515130181064409,0.707127275601653,0.601652321740363,0.23356978509739398,0.0869321631152194
0.385060474447996,0.7133008733877629,0.8383410754509001,0.908813800493098,0.9548506895697639,0.98335439841296,1.0,0.985392096847736,0.9711784488059669,0.957422076958996,0.9462952563168601,0.9360471544445841,0.9243682469779749,0.913276965541167,0.90402399930886,0.8950163457986909,0.887532965602673,0.879639550558979,0.8739391366989789,0.865856616265391,0.856850805545154,0.846293435432847,0.839502904635275,0.8326769991017391,0.8282585544255858,0.809074934790948,0.789042740913311,0.7690445839821871,0.7259517940026909,0.614326247004492,0.24578102962233,0.10200729026131099
0.373932050782011,0.694081255917528,0.821777886435737,0.896962631299773,0.940942607040271,0.9685469687896159,0.985392096847736,1.0,0.986836252318497,0.973323603808601,0.960620087334936,0.950793897194577,0.9407819638933921,0.9300166182979549,0.9201217200739179,0.909960127514593,0.902329547053683,0.8948905454159071,0.890049816083657,0.8837653139465609,0.874444330815473,0.8649647144852759,0.858437635589766,0.852074670423957,0.8463134173749151,0.8292480742138091,0.809668556447575,0.7861205001496321,0.738566860303239,0.624030613698181,0.241903456173588,0.1136311704026
0.361729818325641,0.6768887582673709,0.807709836267485,0.8861747322318879,0.929437350352444,0.955078125782704,0.9711784488059669,0.986836252318497,1.0,0.988359676374986,0.9736785917138341,0.962391339335015,0.952618377497222,0.941062762486085,0.9307679665481401,0.91965374194223,0.9100296254171659,0.9032650155493431,0.898338316877035,0.8918754908381021,0.882140237343843,0.8743253645244521,0.869016357182737,0.8643395935830059,0.8588022879066322,0.842306260590076,0.8230128434338739,0.797864243946605,0.750110842443889,0.634651971719716,0.240233591100435,0.11415922194220599
0.351765770505604,0.662542995266671,0.7923291367084978,0.8734022138721129,0.9177345172123229,0.9423637632806809,0.957422076958996,0.973323603808601,0.988359676374986,1.0,0.9886647289988071,0.977173787544446,0.966148867179468,0.953519778878662,0.9419834026847529,0.930876511557099,0.9216534721652259,0.913216909161991,0.9093941143183671,0.9031814721765329,0.894395185600904,0.8868703105169209,0.8814906140502109,0.8765189723512141,0.8706130841237221,0.8555400356221229,0.835339190248396,0.8092988837912449,0.7623420465987121,0.642696876223937,0.240695123492263,0.120673497090212
0.34346444711964697,0.6518651217371679,0.7784376501551479,0.861584661104475,0.9058425697769878,0.929081060281366,0.9462952563168601,0.960620087334936,0.9736785917138341,0.9886647289988071,1.0,0.989332678765006,0.9771474107096151,0.9621427408911709,0.9492493453234631,0.9373475307366179,0.927628085196528,0.917949769741678,0.912024291046332,0.90459648411589,0.897075205087644,0.8902085957921709,0.8853884353757541,0.8800065618047049,0.8727113598368209,0.8582862669903959,0.8381398777777029,0.8126913052920741,0.7639430123316351,0.6431484699258659,0.24227725372904302,0.12369511077890501
0.338737973721097,0.6394836617355649,0.7688730636002171,0.8516510981366829,0.894280512258986,0.918949701389581,0.9360471544445841,0.950793897194577,0.962391339335015,0.977173787544446,0.989332678765006,1.0,0.989230780104611,0.9747185601508771,0.960900408393401,0.945567860435631,0.93409344383799,0.923729697457788,0.9180853043295379,0.911581592217452,0.903733889922532,0.8964977434956389,0.8925828062035329,0.8863956746447641,0.8765560042537659,0.861093768370717,0.841284823307508,0.8151383993592091,0.765434643350195,0.646435029168915,0.254530208033952,0.12731137751756402
0.32104308108714597,0.6201438431995,0.749464076431018,0.834976922040566,0.8816422337402672,0.906073710876055,0.9243682469779749,0.9407819638933921,0.952618377497222,0.966148867179468,0.9771474107096151,0.989230780104611,1.0,0.990004407366868,0.9770709602898209,0.961547987609216,0.9489763282426891,0.9380198299640691,0.9323865938534559,0.923689832248204,0.9167901926888481,0.909838269384717,0.9051832834918331,0.8988958746099509,0.889543490931427,0.873201388861082,0.8529119043672522,0.8260151413476241,0.7722686878655659,0.6535092135675811,0.24938653882350303,0.133993571248454
0.31051701384845803,0.609553972403879,0.73537839284338,0.8254432425971528,0.8713670484273199,0.894789860100381,0.913276965541167,0.9300166182979549,0.941062762486085,0.953519778878662,0.9621427408911709,0.9747185601508771,0.990004407366868,1.0,0.990859937418565,0.976986860371756,0.9654141695315741,0.9529848262148429,0.9468053164094441,0.937023997535851,0.929116018825455,0.922140268216327,0.9168743159202141,0.9097857641219671,0.9005094368631619,0.8836799959643691,0.864063227706407,0.837653738437822,0.784941414284035,0.6625189007838029,0.249246526166911,0.132942739001038
0.300939535246387,0.602185420365008,0.7257450115786229,0.8189252949236159,0.863524074520135,0.886158541022168,0.90402399930886,0.9201217200739179,0.9307679665481401,0.9419834026847529,0.9492493453234631,0.960900408393401,0.9770709602898209,0.990859937418565,1.0,0.990265989907367,0.978985762183221,0.966701880576067,0.95813382703914,0.9485421687012979,0.9396832081467851,0.932742401462447,0.927596748822142,0.920615275085328,0.9110065283122359,0.8946129738808951,0.875573509207035,0.8504051719533141,0.8002320894474999,0.6779790078656239,0.249431233689765,0.14061099457251403
0.29409141393827504,0.596718304576211,0.7209792555771359,0.8120462043049,0.854829696551572,0.8779377646371229,0.8950163457986909,0.909960127514593,0.91965374194223,0.930876511557099,0.9373475307366179,0.945567860435631,0.961547987609216,0.976986860371756,0.990265989907367,1.0,0.991779102943362,0.9812946318922829,0.970902986962603,0.9610201171338231,0.9507600562982992,0.943661429948822,0.9383422295586491,0.930168031528506,0.9214189426150391,0.9052004790853009,0.884580196172103,0.858118904410657,0.8107736292113309,0.6938609449979399,0.261904848369055,0.140403601008867
0.28513484139096396,0.589585105125609,0.714680064503717,0.8070764345661591,0.850099683205627,0.8716013844236691,0.887532965602673,0.902329547053683,0.9100296254171659,0.9216534721652259,0.927628085196528,0.93409344383799,0.9489763282426891,0.9654141695315741,0.978985762183221,0.991779102943362,1.0,0.9917017125748689,0.9821777598060679,0.972965477768363,0.9623569537247729,0.9543163887517729,0.9474621651262851,0.9390964068985359,0.930379944127348,0.9135099784529179,0.8941027407555581,0.867891339405272,0.8242609362816501,0.706268095845413,0.276310145187674,0.149102289823384
0.280559720717239,0.580179551527857,0.708269087970443,0.7998475866160709,0.8436094078969191,0.863195096195527,0.879639550558979,0.8948905454159071,0.9032650155493431,0.913216909161991,0.917949769741678,0.923729697457788,0.9380198299640691,0.9529848262148429,0.966701880576067,0.9812946318922829,0.9917017125748689,1.0,0.9916596014353859,0.9831714045259979,0.972750590921565,0.964263473842854,0.957063794632168,0.948833994116269,0.9400860909131842,0.9242105082158671,0.906552901834193,0.8809934743709059,0.8404415513661271,0.720665234622515,0.28990202457926595,0.154598768561575
0.277540598033804,0.573105773401125,0.701857595389865,0.791139309001495,0.836254140416577,0.8571559477260992,0.8739391366989789,0.890049816083657,0.898338316877035,0.9093941143183671,0.912024291046332,0.9180853043295379,0.9323865938534559,0.9468053164094441,0.95813382703914,0.970902986962603,0.9821777598060679,0.9916596014353859,1.0,0.9910392676623921,0.981299157898476,0.971112173542919,0.9642435331561751,0.954927295903376,0.946253915845309,0.931496475810093,0.910697516277266,0.8851049248089821,0.8448155944283199,0.7221231419411249,0.290787333561438,0.162959902981863
0.27674877372199497,0.5665043130960339,0.699598799131201,0.7865547750473649,0.8313826436745091,0.851561860624148,0.865856616265391,0.8837653139465609,0.8918754908381021,0.9031814721765329,0.90459648411589,0.911581592217452,0.923689832248204,0.937023997535851,0.9485421687012979,0.9610201171338231,0.972965477768363,0.9831714045259979,0.9910392676623921,1.0,0.992381631725956,0.9819391753347759,0.974516554944883,0.9634654931284801,0.9531275028995171,0.9407554947300071,0.922874066231787,0.896344276097881,0.851821099495098,0.7286235196114159,0.29502472540290403,0.167323650892885
0.276445758914664,0.560185851506505,0.6901274529466489,0.778403338852973,0.822854318436701,0.842484296998529,0.856850805545154,0.874444330815473,0.882140237343843,0.894395185600904,0.897075205087644,0.903733889922532,0.9167901926888481,0.929116018825455,0.9396832081467851,0.9507600562982992,0.9623569537247729,0.972750590921565,0.981299157898476,0.992381631725956,1.0,0.9912991290588771,0.9822911536639921,0.9708615025423659,0.959692082489363,0.94809496910938,0.929904548760774,0.904110208339394,0.855944464400585,0.733756687829141,0.297167609425049,0.167001147199579
0.275846802159601,0.5450002437685301,0.675353591030484,0.76831726484945,0.8131245400674929,0.8324518799868241,0.846293435432847,0.8649647144852759,0.8743253645244521,0.8868703105169209,0.8902085957921709,0.8964977434956389,0.909838269384717,0.922140268216327,0.932742401462447,0.943661429948822,0.9543163887517729,0.964263473842854,0.971112173542919,0.9819391753347759,0.9912991290588771,1.0,0.9903562989412958,0.9790036417335419,0.9671741115718999,0.95511297791448,0.9390079939271658,0.911567448067892,0.858843627009649,0.74034173351292,0.30031283901547806,0.170737786835516
0.273796147462877,0.5395274346711989,0.6665131973977011,0.7570378821474509,0.805112210202495,0.8260160371095121,0.839502904635275,0.858437635589766,0.869016357182737,0.8814906140502109,0.8853884353757541,0.8925828062035329,0.9051832834918331,0.9168743159202141,0.927596748822142,0.9383422295586491,0.9474621651262851,0.957063794632168,0.9642435331561751,0.974516554944883,0.9822911536639921,0.9903562989412958,1.0,0.9907328293693008,0.9791418324865441,0.966446872651724,0.948227021706573,0.919908043150086,0.8677898709586128,0.751336969147673,0.306343532559424,0.171190207945012
0.269062786096412,0.528589024202546,0.6584714178924771,0.749897360730207,0.7986075704051371,0.819135578657648,0.8326769991017391,0.852074670423957,0.8643395935830059,0.8765189723512141,0.8800065618047049,0.8863956746447641,0.8988958746099509,0.9097857641219671,0.920615275085328,0.930168031528506,0.9390964068985359,0.948833994116269,0.954927295903376,0.9634654931284801,0.9708615025423659,0.9790036417335419,0.9907328293693008,1.0,0.9883231289545029,0.974545799849974,0.9561565672344642,0.929471988497254,0.8778617992100508,0.759641227912951,0.313962910927519,0.17940143632450398
0.26254804971433604,0.524532807736668,0.6538755102942629,0.7437248021434381,0.7963223126438449,0.815342481977101,0.8282585544255858,0.8463134173749151,0.8588022879066322,0.8706130841237221,0.8727113598368209,0.8765560042537659,0.889543490931427,0.9005094368631619,0.9110065283122359,0.9214189426150391,0.930379944127348,0.9400860909131842,0.946253915845309,0.9531275028995171,0.959692082489363,0.9671741115718999,0.9791418324865441,0.9883231289545029,1.0,0.9857978929544692,0.96684358762547,0.9410813538379801,0.886722506857666,0.765312014814005,0.31292988498065194,0.18170094883085103
0.264647090171508,0.5209879395459021,0.643220393584985,0.730076841695348,0.779432180091232,0.795045552884198,0.809074934790948,0.8292480742138091,0.842306260590076,0.8555400356221229,0.8582862669903959,0.861093768370717,0.873201388861082,0.8836799959643691,0.8946129738808951,0.9052004790853009,0.9135099784529179,0.9242105082158671,0.931496475810093,0.9407554947300071,0.94809496910938,0.95511297791448,0.966446872651724,0.974545799849974,0.9857978929544692,1.0,0.982988309684854,0.9581217547627059,0.905859052070123,0.792495252837442,0.33123061586889396,0.195295668617503
0.25290669873346305,0.507637456847748,0.624667122024077,0.711102554118817,0.7615879892656259,0.7755358951531669,0.789042740913311,0.809668556447575,0.8230128434338739,0.835339190248396,0.8381398777777029,0.841284823307508,0.8529119043672522,0.864063227706407,0.875573509207035,0.884580196172103,0.8941027407555581,0.906552901834193,0.910697516277266,0.922874066231787,0.929904548760774,0.9390079939271658,0.948227021706573,0.9561565672344642,0.96684358762547,0.982988309684854,1.0,0.975275098690068,0.9260670307090351,0.8169072133500079,0.347122352862875,0.20534678575912196
0.24515683004876898,0.49694337737450706,0.604929631851237,0.688313742237986,0.735898876022422,0.7515130181064409,0.7690445839821871,0.7861205001496321,0.797864243946605,0.8092988837912449,0.8126913052920741,0.8151383993592091,0.8260151413476241,0.837653738437822,0.8504051719533141,0.858118904410657,0.867891339405272,0.8809934743709059,0.8851049248089821,0.896344276097881,0.904110208339394,0.911567448067892,0.919908043150086,0.929471988497254,0.9410813538379801,0.9581217547627059,0.975275098690068,1.0,0.957191433096765,0.8522138715749821,0.385688481508421,0.221643986836578
0.225822301465621,0.47609485235385,0.572517446550994,0.643744507056123,0.6906615818862399,0.707127275601653,0.7259517940026909,0.738566860303239,0.750110842443889,0.7623420465987121,0.7639430123316351,0.765434643350195,0.7722686878655659,0.784941414284035,0.8002320894474999,0.8107736292113309,0.8242609362816501,0.8404415513661271,0.8448155944283199,0.851821099495098,0.855944464400585,0.858843627009649,0.8677898709586128,0.8778617992100508,0.886722506857666,0.905859052070123,0.9260670307090351,0.957191433096765,1.0,0.902492726352624,0.43790360671585404,0.23677471347291298
0.22345010007279198,0.436375240500736,0.499598482828427,0.550946045465854,0.585661470174469,0.601652321740363,0.614326247004492,0.624030613698181,0.634651971719716,0.642696876223937,0.6431484699258659,0.646435029168915,0.6535092135675811,0.6625189007838029,0.6779790078656239,0.6938609449979399,0.706268095845413,0.720665234622515,0.7221231419411249,0.7286235196114159,0.733756687829141,0.74034173351292,0.751336969147673,0.759641227912951,0.765312014814005,0.792495252837442,0.8169072133500079,0.8522138715749821,0.902492726352624,1.0,0.5741599202156751,0.269041926635742
0.101146042964944,0.15886311240045997,0.199345872299651,0.21676199974218202,0.224940297136152,0.23356978509739398,0.24578102962233,0.241903456173588,0.240233591100435,0.240695123492263,0.24227725372904302,0.254530208033952,0.24938653882350303,0.249246526166911,0.249431233689765,0.261904848369055,0.276310145187674,0.28990202457926595,0.290787333561438,0.29502472540290403,0.297167609425049,0.30031283901547806,0.306343532559424,0.313962910927519,0.31292988498065194,0.33123061586889396,0.347122352862875,0.385688481508421,0.43790360671585404,0.5741599202156751,1.0,0.35437851280917204
0.0139864347512296,0.034220263092645996,0.0582756305375871,0.0597589302272305,0.0829868087341327,0.0869321631152194,0.10200729026131099,0.1136311704026,0.11415922194220599,0.120673497090212,0.12369511077890501,0.12731137751756402,0.133993571248454,0.132942739001038,0.14061099457251403,0.140403601008867,0.149102289823384,0.154598768561575,0.162959902981863,0.167323650892885,0.167001147199579,0.170737786835516,0.171190207945012,0.17940143632450398,0.18170094883085103,0.195295668617503,0.20534678575912196,0.221643986836578,0.23677471347291298,0.269041926635742,0.35437851280917204,1.0
