1.0,0.296663570636486,0.185026122137246,0.142201591530918,0.103763256377937,0.0890672280271913,0.0856475964309529,0.0931334786751889,0.0805590412477064,0.0671271422395762,0.0644756619513781,0.0505890011555727,0.0382847878132592,0.0301377750343027,0.0341834430315448,0.0429014148326297,0.042895626312699,0.0465038662834951,0.0516770427125053,0.0568644901592858,0.0513088322350577,0.0475023272754129,0.0591124696506321,0.0786647565105394,0.0898364309878337,0.0927075175957531,0.0951259568265883,0.11162482059747302,0.119874357664312,0.136947512972812,0.175007276996102,0.161074038200712
0.296663570636486,1.0,0.798228344311072,0.655421448968769,0.558159326500749,0.527066329099485,0.50163781053273,0.481731422561285,0.464885302063081,0.442202601044854,0.413923342050747,0.39243352389140895,0.362402753387117,0.32860456457000703,0.30049972770462297,0.25946244225938603,0.23587779694572897,0.21163112279688198,0.167455938786953,0.12635768552895,0.0870679883388737,0.0630968690771906,0.0641565603068777,0.0701265697082786,0.0563197791689946,0.0500202736558242,0.00394784339676992,0.00408771810208055,0.00868583573579741,0.00670960638377144,0.034675186025204,0.0307910787193708
0.185026122137246,0.798228344311072,1.0,0.9004386203745709,0.7849106239667251,0.7213569111270441,0.678671147233995,0.64634590757269,0.614341254288687,0.583398198298147,0.553895242790464,0.5191983363832771,0.487025342866562,0.45404720204220295,0.404782481210884,0.348245396612524,0.312294117957454,0.26990857103209803,0.21862527843618298,0.170419580028358,0.11729812692320099,0.0891260871343692,0.0843688676711485,0.0872316319817076,0.0772992263741169,0.0442467473066645,0.00967727217112791,0.0273199629687904,0.0253033274216353,0.0134325107255513,0.0135481240249759,0.0759591836223209
0.142201591530918,0.655421448968769,0.9004386203745709,1.0,0.936158666995662,0.8618349659489379,0.811973500617592,0.7729340998944341,0.732764281838914,0.7013751876278399,0.6729241164662011,0.633814538271854,0.5993051004451021,0.5577399936634589,0.488783844482369,0.42029669306970396,0.379693329132997,0.327779954943738,0.265556045311803,0.209817306502917,0.14501080163220198,0.11074891724038399,0.103315486083216,0.11378790405715301,0.10187910906183198,0.0527519607304504,0.0053129126954111,0.0265451291190508,0.0318282967783847,0.0251727560742202,0.0396575647097666,0.0734223288125245
0.103763256377937,0.558159326500749,0.7849106239667251,0.936158666995662,1.0,0.950950896550596,0.892281439689278,0.850982286830405,0.8142124910554291,0.782431774623795,0.751182575401112,0.7072530060198959,0.671356167920014,0.623587071025315,0.546731481134745,0.47818206334119107,0.435879453887911,0.37817629501291705,0.30967120996731606,0.25697639730825195,0.189846586096707,0.15529549256176903,0.14744575212479097,0.14972350375356197,0.127558103040309,0.0772745312445288,0.0180611125092826,0.0213346380277737,0.037836738278234,0.0374331543367617,0.0472452934148704,0.0736219709771617
0.0890672280271913,0.527066329099485,0.7213569111270441,0.8618349659489379,0.950950896550596,1.0,0.9548145256710521,0.913723929281884,0.8778436109491099,0.8443782036651359,0.810231492294616,0.771301304638123,0.7402103481539258,0.692289392578197,0.61402079591147,0.543145619846482,0.49914841228036894,0.44180378093026296,0.371448621249165,0.3142285069199,0.24321249946983603,0.20691752906789102,0.195508954194988,0.18668897069315102,0.160190717003839,0.11354696783451401,0.0539497566862871,0.0181473235267134,0.00954958030248073,0.0193208711658893,0.0299827099769227,0.0748282002408759
0.0856475964309529,0.50163781053273,0.678671147233995,0.811973500617592,0.892281439689278,0.9548145256710521,1.0,0.9592952591021751,0.924850844340103,0.891360647233845,0.8538858637175419,0.81337560658839,0.783351572754374,0.736074018832133,0.659132575380606,0.587113713231606,0.5432730949604029,0.48374797758936705,0.4122872807171021,0.35420499855316495,0.277753812632836,0.237581425541138,0.22450302990160997,0.21307256388187698,0.18519661596470396,0.133681392708571,0.0686543186519645,0.0244446684311127,0.00237426550352755,0.0131607137238375,0.0172945232531744,0.0630958514865164
0.0931334786751889,0.481731422561285,0.64634590757269,0.7729340998944341,0.850982286830405,0.913723929281884,0.9592952591021751,1.0,0.970071105049992,0.93762508190245,0.899594088195249,0.8554482936610991,0.8223124265381591,0.777576990940553,0.701146935808953,0.6281913018801271,0.58431809317374,0.522567901388771,0.44554541597324,0.385594581944003,0.30446730318306503,0.260066859586467,0.24803227810543202,0.244851719601411,0.21271082955932602,0.15647067106584198,0.10227972015277802,0.0588381823700352,0.043446397911647,0.0324313417198501,0.0195698808447135,0.0489924243599274
0.0805590412477064,0.464885302063081,0.614341254288687,0.732764281838914,0.8142124910554291,0.8778436109491099,0.924850844340103,0.970071105049992,1.0,0.9738423298083209,0.9370863450841491,0.896152285728569,0.863007246744087,0.819268138505595,0.745842106417196,0.672021512931078,0.627253534123322,0.5623753034861689,0.48555666626696503,0.426794264265219,0.34908986437934597,0.305078100275766,0.29051382891749394,0.277749135269765,0.236734505148488,0.172819162283444,0.12689649075943302,0.0812195770380705,0.064083110301566,0.0494923178577978,0.0386861257629959,0.0199060026923413
0.0671271422395762,0.442202601044854,0.583398198298147,0.7013751876278399,0.782431774623795,0.8443782036651359,0.891360647233845,0.93762508190245,0.9738423298083209,1.0,0.9779995992717241,0.9386524643415,0.9030672463882321,0.8594704583801271,0.790922412655408,0.7215737196523041,0.679713390668077,0.6145857048538821,0.5362619986308971,0.47282889230354497,0.395643492566905,0.3516616672670981,0.33591834052069003,0.314857161115659,0.269112096147165,0.19060643804916397,0.162867412375832,0.115789325193644,0.0997161366754575,0.07995154474895,0.0639366546532443,0.00592738546812033
0.0644756619513781,0.413923342050747,0.553895242790464,0.6729241164662011,0.751182575401112,0.810231492294616,0.8538858637175419,0.899594088195249,0.9370863450841491,0.9779995992717241,1.0,0.979053511384366,0.94557673791639,0.9041280651901059,0.844463893487335,0.778808300841304,0.7381152479129599,0.672915553376317,0.594651314756369,0.528997809465649,0.45158406505719295,0.40820553864258796,0.39183603988438004,0.36712718294236896,0.31710495223973,0.218258938863352,0.189469026959903,0.15204970669465198,0.13809259430729098,0.11416232854093401,0.0952847979603667,0.0388556132439333
0.0505890011555727,0.39243352389140895,0.5191983363832771,0.633814538271854,0.7072530060198959,0.771301304638123,0.81337560658839,0.8554482936610991,0.896152285728569,0.9386524643415,0.979053511384366,1.0,0.9816631425728929,0.941741357762361,0.890441802338598,0.8252764564145151,0.786408615191116,0.7260427173475171,0.653617190913246,0.587037137906884,0.5080997214714099,0.46631465858776705,0.449224861063044,0.415915237582368,0.35859128242713706,0.243891507044385,0.216825717805199,0.19483738061258105,0.17771760578617699,0.147080121697589,0.126445235753574,0.0678620846441431
0.0382847878132592,0.362402753387117,0.487025342866562,0.5993051004451021,0.671356167920014,0.7402103481539258,0.783351572754374,0.8223124265381591,0.863007246744087,0.9030672463882321,0.94557673791639,0.9816631425728929,1.0,0.977778335416475,0.92994260546754,0.868070181088823,0.832092532369504,0.7772366274343591,0.707899532809567,0.641658147344323,0.5621652122936489,0.5210885955114659,0.5036683673366451,0.47110825203806805,0.40655092819695293,0.27545567668712395,0.240962957909589,0.222923157062949,0.2147159390211,0.187256948812311,0.165419997721764,0.0853280735916127
0.0301377750343027,0.32860456457000703,0.45404720204220295,0.5577399936634589,0.623587071025315,0.692289392578197,0.736074018832133,0.777576990940553,0.819268138505595,0.8594704583801271,0.9041280651901059,0.941741357762361,0.977778335416475,1.0,0.968588053572547,0.9095118575638191,0.8759887149258241,0.827387608027496,0.7656002276900609,0.7076572961517629,0.629482003763134,0.587545995698366,0.5686430702285671,0.533429148204654,0.47015642179404205,0.31802325028661704,0.292413098529317,0.264933036077853,0.270241844264257,0.247758844287152,0.220281006573155,0.10838516066057902
0.0341834430315448,0.30049972770462297,0.404782481210884,0.488783844482369,0.546731481134745,0.61402079591147,0.659132575380606,0.701146935808953,0.745842106417196,0.790922412655408,0.844463893487335,0.890441802338598,0.92994260546754,0.968588053572547,1.0,0.9633655318129679,0.9360148276379641,0.897472436936614,0.8474975940729259,0.794116456460833,0.728858280696232,0.691831775927631,0.6726474625204301,0.616561454867397,0.537263966658466,0.37136914176847297,0.34706108863483504,0.33261529241881893,0.34490674174757896,0.325107796166074,0.292514276886836,0.160410715609515
0.0429014148326297,0.25946244225938603,0.348245396612524,0.42029669306970396,0.47818206334119107,0.543145619846482,0.587113713231606,0.6281913018801271,0.672021512931078,0.7215737196523041,0.778808300841304,0.8252764564145151,0.868070181088823,0.9095118575638191,0.9633655318129679,1.0,0.9825029742671579,0.9506124847460079,0.911492525269907,0.8544948461817329,0.799843334902223,0.7670767321668679,0.752522999990917,0.690696854142973,0.60085513205664,0.44043151500669003,0.40431523225810706,0.40172949551304793,0.40987696469695895,0.397717730150031,0.35770498670039197,0.20487252439110398
0.042895626312699,0.23587779694572897,0.312294117957454,0.379693329132997,0.435879453887911,0.49914841228036894,0.5432730949604029,0.58431809317374,0.627253534123322,0.679713390668077,0.7381152479129599,0.786408615191116,0.832092532369504,0.8759887149258241,0.9360148276379641,0.9825029742671579,1.0,0.974723333440485,0.9351243258874259,0.8759808268602399,0.822634100804386,0.7902048173477791,0.77730643677361,0.7130225362006551,0.624885854088583,0.46213345565169794,0.44103652410283295,0.43713958200809494,0.443211746615595,0.429258380764396,0.38408520227192605,0.223521907336115
0.0465038662834951,0.21163112279688198,0.26990857103209803,0.327779954943738,0.37817629501291705,0.44180378093026296,0.48374797758936705,0.522567901388771,0.5623753034861689,0.6145857048538821,0.672915553376317,0.7260427173475171,0.7772366274343591,0.827387608027496,0.897472436936614,0.9506124847460079,0.974723333440485,1.0,0.974665713408391,0.9175962229612359,0.8705300312643249,0.839263021226462,0.823563770346171,0.7598623996305021,0.671134889353009,0.50534350360409,0.490275806102344,0.49158400512643396,0.501312640379879,0.492957603816581,0.45342203875066495,0.263174073524407
0.0516770427125053,0.167455938786953,0.21862527843618298,0.265556045311803,0.30967120996731606,0.371448621249165,0.4122872807171021,0.44554541597324,0.48555666626696503,0.5362619986308971,0.594651314756369,0.653617190913246,0.707899532809567,0.7656002276900609,0.8474975940729259,0.911492525269907,0.9351243258874259,0.974665713408391,1.0,0.969513881257288,0.934170542321722,0.906018083779243,0.8844782328653871,0.8056199820374909,0.72581856335002,0.573070751708527,0.545048130965388,0.542162758925882,0.547366735595419,0.537285961496376,0.49813670916106,0.30322947391088106
0.0568644901592858,0.12635768552895,0.170419580028358,0.209817306502917,0.25697639730825195,0.3142285069199,0.35420499855316495,0.385594581944003,0.426794264265219,0.47282889230354497,0.528997809465649,0.587037137906884,0.641658147344323,0.7076572961517629,0.794116456460833,0.8544948461817329,0.8759808268602399,0.9175962229612359,0.969513881257288,1.0,0.9796923886020151,0.950423746049327,0.9247431784470591,0.8360459028334509,0.770714369587567,0.6061900373809019,0.5601311859453271,0.549214388217007,0.54908818031166,0.530198888948294,0.500395813099898,0.308477093176503
0.0513088322350577,0.0870679883388737,0.11729812692320099,0.14501080163220198,0.189846586096707,0.24321249946983603,0.277753812632836,0.30446730318306503,0.34908986437934597,0.395643492566905,0.45158406505719295,0.5080997214714099,0.5621652122936489,0.629482003763134,0.728858280696232,0.799843334902223,0.822634100804386,0.8705300312643249,0.934170542321722,0.9796923886020151,1.0,0.9859807229673649,0.9564842803523399,0.856288757422294,0.7905567342483001,0.618064393573778,0.559641931386403,0.5586030661580981,0.558213059541045,0.546344736382926,0.515849243674691,0.33989881891789103
0.0475023272754129,0.0630968690771906,0.0891260871343692,0.11074891724038399,0.15529549256176903,0.20691752906789102,0.237581425541138,0.260066859586467,0.305078100275766,0.3516616672670981,0.40820553864258796,0.46631465858776705,0.5210885955114659,0.587545995698366,0.691831775927631,0.7670767321668679,0.7902048173477791,0.839263021226462,0.906018083779243,0.950423746049327,0.9859807229673649,1.0,0.979880729426005,0.8786540696167741,0.8135429205993628,0.619354516960039,0.58091542779225,0.574501261197938,0.560592488204749,0.551272401178508,0.5211581329918,0.35712640900529496
0.0591124696506321,0.0641565603068777,0.0843688676711485,0.103315486083216,0.14744575212479097,0.195508954194988,0.22450302990160997,0.24803227810543202,0.29051382891749394,0.33591834052069003,0.39183603988438004,0.449224861063044,0.5036683673366451,0.5686430702285671,0.6726474625204301,0.752522999990917,0.77730643677361,0.823563770346171,0.8844782328653871,0.9247431784470591,0.9564842803523399,0.979880729426005,1.0,0.931583503762458,0.8599757580274909,0.6636461301880711,0.6208977125441519,0.625046521224444,0.594674591671069,0.584110190655703,0.55038696704535,0.376370778949795
0.0786647565105394,0.0701265697082786,0.0872316319817076,0.11378790405715301,0.14972350375356197,0.18668897069315102,0.21307256388187698,0.244851719601411,0.277749135269765,0.314857161115659,0.36712718294236896,0.415915237582368,0.47110825203806805,0.533429148204654,0.616561454867397,0.690696854142973,0.7130225362006551,0.7598623996305021,0.8056199820374909,0.8360459028334509,0.856288757422294,0.8786540696167741,0.931583503762458,1.0,0.9341458973819108,0.71995535087498,0.669337102301891,0.688835909987316,0.6500059972156429,0.619047408472379,0.5693608072302591,0.397247136723284
0.0898364309878337,0.0563197791689946,0.0772992263741169,0.10187910906183198,0.127558103040309,0.160190717003839,0.18519661596470396,0.21271082955932602,0.236734505148488,0.269112096147165,0.31710495223973,0.35859128242713706,0.40655092819695293,0.47015642179404205,0.537263966658466,0.60085513205664,0.624885854088583,0.671134889353009,0.72581856335002,0.770714369587567,0.7905567342483001,0.8135429205993628,0.8599757580274909,0.9341458973819108,1.0,0.735792112345463,0.712943592036126,0.7196421105249681,0.6672537269343111,0.6228227454449561,0.571712193334523,0.3722992730385011
0.0927075175957531,0.0500202736558242,0.0442467473066645,0.0527519607304504,0.0772745312445288,0.11354696783451401,0.133681392708571,0.15647067106584198,0.172819162283444,0.19060643804916397,0.218258938863352,0.243891507044385,0.27545567668712395,0.31802325028661704,0.37136914176847297,0.44043151500669003,0.46213345565169794,0.50534350360409,0.573070751708527,0.6061900373809019,0.618064393573778,0.619354516960039,0.6636461301880711,0.71995535087498,0.735792112345463,1.0,0.8005007526824119,0.796188791507895,0.6723162827686021,0.6169263066196761,0.5241819159302821,0.37033945887811
0.0951259568265883,0.00394784339676992,0.00967727217112791,0.0053129126954111,0.0180611125092826,0.0539497566862871,0.0686543186519645,0.10227972015277802,0.12689649075943302,0.162867412375832,0.189469026959903,0.216825717805199,0.240962957909589,0.292413098529317,0.34706108863483504,0.40431523225810706,0.44103652410283295,0.490275806102344,0.545048130965388,0.5601311859453271,0.559641931386403,0.58091542779225,0.6208977125441519,0.669337102301891,0.712943592036126,0.8005007526824119,1.0,0.9097559822111451,0.7721317004542759,0.6778311192691999,0.563992546962801,0.451192300911875
0.11162482059747302,0.00408771810208055,0.0273199629687904,0.0265451291190508,0.0213346380277737,0.0181473235267134,0.0244446684311127,0.0588381823700352,0.0812195770380705,0.115789325193644,0.15204970669465198,0.19483738061258105,0.222923157062949,0.264933036077853,0.33261529241881893,0.40172949551304793,0.43713958200809494,0.49158400512643396,0.542162758925882,0.549214388217007,0.5586030661580981,0.574501261197938,0.625046521224444,0.688835909987316,0.7196421105249681,0.796188791507895,0.9097559822111451,1.0,0.907804461434006,0.8033092964375201,0.6746394636578821,0.46541696297944
0.119874357664312,0.00868583573579741,0.0253033274216353,0.0318282967783847,0.037836738278234,0.00954958030248073,0.00237426550352755,0.043446397911647,0.064083110301566,0.0997161366754575,0.13809259430729098,0.17771760578617699,0.2147159390211,0.270241844264257,0.34490674174757896,0.40987696469695895,0.443211746615595,0.501312640379879,0.547366735595419,0.54908818031166,0.558213059541045,0.560592488204749,0.594674591671069,0.6500059972156429,0.6672537269343111,0.6723162827686021,0.7721317004542759,0.907804461434006,1.0,0.9425747929441071,0.7938053336966958,0.48129222466003707
0.136947512972812,0.00670960638377144,0.0134325107255513,0.0251727560742202,0.0374331543367617,0.0193208711658893,0.0131607137238375,0.0324313417198501,0.0494923178577978,0.07995154474895,0.11416232854093401,0.147080121697589,0.187256948812311,0.247758844287152,0.325107796166074,0.397717730150031,0.429258380764396,0.492957603816581,0.537285961496376,0.530198888948294,0.546344736382926,0.551272401178508,0.584110190655703,0.619047408472379,0.6228227454449561,0.6169263066196761,0.6778311192691999,0.8033092964375201,0.9425747929441071,1.0,0.8921591628997192,0.48946501333300607
0.175007276996102,0.034675186025204,0.0135481240249759,0.0396575647097666,0.0472452934148704,0.0299827099769227,0.0172945232531744,0.0195698808447135,0.0386861257629959,0.0639366546532443,0.0952847979603667,0.126445235753574,0.165419997721764,0.220281006573155,0.292514276886836,0.35770498670039197,0.38408520227192605,0.45342203875066495,0.49813670916106,0.500395813099898,0.515849243674691,0.5211581329918,0.55038696704535,0.5693608072302591,0.571712193334523,0.5241819159302821,0.563992546962801,0.6746394636578821,0.7938053336966958,0.8921591628997192,1.0,0.502990169378087
0.161074038200712,0.0307910787193708,0.0759591836223209,0.0734223288125245,0.0736219709771617,0.0748282002408759,0.0630958514865164,0.0489924243599274,0.0199060026923413,0.00592738546812033,0.0388556132439333,0.0678620846441431,0.0853280735916127,0.10838516066057902,0.160410715609515,0.20487252439110398,0.223521907336115,0.263174073524407,0.30322947391088106,0.308477093176503,0.33989881891789103,0.35712640900529496,0.376370778949795,0.397247136723284,0.3722992730385011,0.37033945887811,0.451192300911875,0.46541696297944,0.48129222466003707,0.48946501333300607,0.502990169378087,1.0
