1.0,0.7697129098071541,0.689919746275468,0.6731409126837729,0.6563665548315439,0.646455335553678,0.639245300898693,0.634283350583312,0.6209053124194971,0.61159019020001,0.603907521721598,0.5969085604563139,0.584691737368796,0.5768647210039121,0.5585631975520721,0.530714522531075,0.506738781291448,0.4893310792145179,0.473037136741364,0.438314146431062,0.366476069665433,0.305325801750459,0.265841917486418,0.227235620422959,0.18349580109867497,0.138556137623594,0.10327356511666401,0.0413603141710534,0.0318997858934053,0.0642775837834973,0.0178568719712445,0.0683140247662167
0.7697129098071541,1.0,0.913457185903995,0.8820173376802529,0.865368707949581,0.855989027227689,0.8500896422392941,0.8423667809364599,0.829901139607204,0.8171184723874859,0.814699138887077,0.805688259581234,0.7943430218927741,0.7864899193061841,0.7722200293859158,0.746508532936473,0.71963180762255,0.698431917749718,0.672970791846694,0.632572188497254,0.5484999541828259,0.47683318352128795,0.424728672563861,0.37667017523317703,0.320566082552654,0.25936560183072,0.20197136510168898,0.11028369526667099,0.0612860439212457,0.0502904201557649,0.0261152862419254,0.0219782595362304
0.689919746275468,0.913457185903995,1.0,0.958499819825815,0.927178100775785,0.9107825502723,0.8992049669787221,0.8884392036587858,0.8763269816933241,0.8644143298085841,0.8612692250952301,0.853040841360425,0.8420675053210391,0.8340907448509259,0.8230564446307119,0.8012501437951272,0.773806831974477,0.7562459624039499,0.730074028567359,0.6897470527276899,0.60740077611322,0.533927088832334,0.476693965323346,0.4288337239523621,0.36830502090821104,0.30140061703854104,0.23208090268821802,0.117342635504893,0.0466826567341456,0.0272367486113343,0.0226046552606702,0.0452656347026528
0.6731409126837729,0.8820173376802529,0.958499819825815,1.0,0.980593171531997,0.962128675687098,0.9513487033705121,0.94044966972336,0.9285833513927629,0.917009820932114,0.9141029414279441,0.907093920788755,0.8935416449200649,0.8860666190501549,0.87678742907974,0.857992862598132,0.832273036507237,0.813499886396947,0.78877000893681,0.745365296104044,0.659610317176793,0.5798463137940589,0.5184938611575829,0.46775732539276793,0.406017881843206,0.331041689671325,0.253006009457224,0.133123309874614,0.0679915685782034,0.032848709103086,0.00762795907372331,0.0555864116300037
0.6563665548315439,0.865368707949581,0.927178100775785,0.980593171531997,1.0,0.987238833009593,0.977343500850663,0.9669890359232071,0.9567691008100409,0.9457417980250491,0.9428394702132191,0.934845780327744,0.920044170275307,0.91329320867036,0.903829039868509,0.885004979577711,0.8597017070664151,0.8410149583487422,0.8193269689454821,0.7771030761713541,0.689165359664862,0.606751426383123,0.5449383739977091,0.494300954096483,0.42942242588127794,0.352629977376272,0.269289364043609,0.14782153133492998,0.0804571311674168,0.0375006607791296,0.008855457693210859,0.0507345377759447
0.646455335553678,0.855989027227689,0.9107825502723,0.962128675687098,0.987238833009593,1.0,0.9908899048141021,0.980776346414447,0.9700259029216859,0.958411190466715,0.9540067686893859,0.945166279647893,0.928543128924966,0.9219405320498629,0.912849390229511,0.89673748559198,0.873195241859606,0.854678083753972,0.833197797441587,0.789799778061572,0.7036685593376351,0.619792613062573,0.5561091356389171,0.504963737307916,0.439430346831389,0.36189442452827,0.274449904472701,0.153220948655087,0.0816818350433636,0.0409698548031676,0.0186096929916366,0.0354373065830275
0.639245300898693,0.8500896422392941,0.8992049669787221,0.9513487033705121,0.977343500850663,0.9908899048141021,1.0,0.9929887239558729,0.9829137758414459,0.9720238650689208,0.967793977371593,0.959558763439475,0.9446668031608559,0.938052334584607,0.92974411383657,0.915102097731169,0.8916166968380341,0.8730507454721321,0.852012038465287,0.8116932733316229,0.72761893343593,0.64392518129263,0.5796056784942889,0.5293302107230491,0.462292963060818,0.383535438982167,0.292796711051745,0.165730330245465,0.08766647469599399,0.0414605439525278,0.0175024334655636,0.0360509025919668
0.634283350583312,0.8423667809364599,0.8884392036587858,0.94044966972336,0.9669890359232071,0.980776346414447,0.9929887239558729,1.0,0.993940129367837,0.984387426830103,0.9790507312047471,0.9705937020724701,0.9564685982178391,0.9501423812985308,0.941700385247825,0.927159657248016,0.9040921806978309,0.8848159526663929,0.8638184437177241,0.8247717680534379,0.743665448572913,0.660752089120592,0.596196064139604,0.545084037318409,0.478576478368621,0.40133989701758005,0.30900091251518497,0.17606155105601198,0.0952116717826309,0.0449558918665777,0.0176050793060915,0.0302343765785375
0.6209053124194971,0.829901139607204,0.8763269816933241,0.9285833513927629,0.9567691008100409,0.9700259029216859,0.9829137758414459,0.993940129367837,1.0,0.994080679699318,0.9886101061856529,0.9802430064698059,0.967204039740626,0.96117820454553,0.9526130548195609,0.9374128415777672,0.9159381589475281,0.896791057724032,0.8769134926731099,0.838701624633088,0.7597403223626591,0.677933684466123,0.613661615996019,0.562373860950405,0.49561789021502295,0.418995609160621,0.325422821514562,0.190319766373672,0.108022660818252,0.0478304492422991,0.0182508089685595,0.0166558874738978
0.61159019020001,0.8171184723874859,0.8644143298085841,0.917009820932114,0.9457417980250491,0.958411190466715,0.9720238650689208,0.984387426830103,0.994080679699318,1.0,0.995323051150593,0.98739277316285,0.9751327206550979,0.969145532885435,0.960663753639903,0.944520435551156,0.9247024615521291,0.9070299678690671,0.88856096118365,0.8523751179401949,0.776128397746418,0.6946847122551221,0.6311912378265521,0.580808953873194,0.5139446557655429,0.43891250608205395,0.34846472916926696,0.21586278870563,0.12563568591381,0.0562274304500728,0.0208934321536677,0.011899569432861
0.603907521721598,0.814699138887077,0.8612692250952301,0.9141029414279441,0.9428394702132191,0.9540067686893859,0.967793977371593,0.9790507312047471,0.9886101061856529,0.995323051150593,1.0,0.9951897423307741,0.9843098240164391,0.978825972502221,0.9705844839812091,0.9548467368079309,0.9352638658335299,0.9182743914046619,0.9004109188889441,0.8660637769554721,0.790297315619024,0.7105845020096959,0.649279256970536,0.599313428410903,0.533442743073415,0.46056162318251403,0.36860652858610293,0.23342317789986397,0.14022440539145903,0.0631046791979958,0.0309784244993056,0.00915233618313547
0.5969085604563139,0.805688259581234,0.853040841360425,0.907093920788755,0.934845780327744,0.945166279647893,0.959558763439475,0.9705937020724701,0.9802430064698059,0.98739277316285,0.9951897423307741,1.0,0.9928563950832249,0.9875539285065909,0.98048476113572,0.9661405781206659,0.947343568060823,0.93061358708179,0.913327897372081,0.8807327071352309,0.8072624813827729,0.7315656813798709,0.672277559697967,0.6228525022806639,0.558871721112817,0.48844331651179795,0.396199250765493,0.25979219788030805,0.160841041839368,0.0708748157948364,0.0418792743486819,0.000438691223183614
0.584691737368796,0.7943430218927741,0.8420675053210391,0.8935416449200649,0.920044170275307,0.928543128924966,0.9446668031608559,0.9564685982178391,0.967204039740626,0.9751327206550979,0.9843098240164391,0.9928563950832249,1.0,0.9958809695614621,0.98917333151844,0.9746289327375971,0.9575044934877479,0.9433470009213349,0.9267101572622791,0.8972180931652659,0.8260835711755501,0.7558035054977441,0.7009968678577471,0.652360797266087,0.5891599004492171,0.521562760763553,0.430250917682181,0.287278610969487,0.18356195128720998,0.0824616045363072,0.041765319913504,0.000271642296920467
0.5768647210039121,0.7864899193061841,0.8340907448509259,0.8860666190501549,0.91329320867036,0.9219405320498629,0.938052334584607,0.9501423812985308,0.96117820454553,0.969145532885435,0.978825972502221,0.9875539285065909,0.9958809695614621,1.0,0.995850667746647,0.98278374032804,0.967715934222078,0.95489872283887,0.938513978841278,0.9093437661113491,0.842027507146467,0.775114823146181,0.7210118478761519,0.672796883349039,0.6098272041090971,0.542815525009323,0.448150088048886,0.299514277561889,0.19346714419979602,0.0833849222171449,0.0419730880562694,0.000255765027943669
0.5585631975520721,0.7722200293859158,0.8230564446307119,0.87678742907974,0.903829039868509,0.912849390229511,0.92974411383657,0.941700385247825,0.9526130548195609,0.960663753639903,0.9705844839812091,0.98048476113572,0.98917333151844,0.995850667746647,1.0,0.992036372603655,0.9781247182060631,0.9663942249082058,0.95002146265582,0.921714951190479,0.8583141819217421,0.7950625798581371,0.742755201903923,0.694570173302677,0.6331057807456221,0.565148873521491,0.46754125482028097,0.312353047484322,0.200823217604363,0.0862326433620304,0.0430705696573615,0.0012261649983863802
0.530714522531075,0.746508532936473,0.8012501437951272,0.857992862598132,0.885004979577711,0.89673748559198,0.915102097731169,0.927159657248016,0.9374128415777672,0.944520435551156,0.9548467368079309,0.9661405781206659,0.9746289327375971,0.98278374032804,0.992036372603655,1.0,0.989569713573313,0.9787745845310609,0.9634765568706758,0.9364948864842041,0.881473167958467,0.8240723130975991,0.773878577864396,0.727733199515522,0.670247400586663,0.601434317371974,0.502407761716266,0.340834948777062,0.21938572661160202,0.09870234736228099,0.0515682614211336,0.00143764271761559
0.506738781291448,0.71963180762255,0.773806831974477,0.832273036507237,0.8597017070664151,0.873195241859606,0.8916166968380341,0.9040921806978309,0.9159381589475281,0.9247024615521291,0.9352638658335299,0.947343568060823,0.9575044934877479,0.967715934222078,0.9781247182060631,0.989569713573313,1.0,0.992717712051155,0.9788306038435172,0.954231647178739,0.90768713362111,0.8552507958165559,0.805879282973917,0.7618568955507808,0.706058607540227,0.6383503536069871,0.5377488539209121,0.37654019906403297,0.242042969991448,0.108987473347309,0.0538152142264402,0.00276443405274726
0.4893310792145179,0.698431917749718,0.7562459624039499,0.813499886396947,0.8410149583487422,0.854678083753972,0.8730507454721321,0.8848159526663929,0.896791057724032,0.9070299678690671,0.9182743914046619,0.93061358708179,0.9433470009213349,0.95489872283887,0.9663942249082058,0.9787745845310609,0.992717712051155,1.0,0.9921377787359731,0.971944560605717,0.932176457365973,0.8839489761427399,0.837807660288535,0.7946523580762092,0.7400864346688258,0.6725914019795171,0.571421197754402,0.404921088186705,0.265212722731494,0.12422546468633,0.0615423459716336,0.00350805949955629
0.473037136741364,0.672970791846694,0.730074028567359,0.78877000893681,0.8193269689454821,0.833197797441587,0.852012038465287,0.8638184437177241,0.8769134926731099,0.88856096118365,0.9004109188889441,0.913327897372081,0.9267101572622791,0.938513978841278,0.95002146265582,0.9634765568706758,0.9788306038435172,0.9921377787359731,1.0,0.987623725918397,0.95271661311934,0.9080817539382249,0.8630159228924631,0.820715825230124,0.7674035254265699,0.699992667609974,0.5966476857412211,0.42914670008188105,0.28145972651651896,0.129164079757536,0.0610056487617349,0.00614095759292368
0.438314146431062,0.632572188497254,0.6897470527276899,0.745365296104044,0.7771030761713541,0.789799778061572,0.8116932733316229,0.8247717680534379,0.838701624633088,0.8523751179401949,0.8660637769554721,0.8807327071352309,0.8972180931652659,0.9093437661113491,0.921714951190479,0.9364948864842041,0.954231647178739,0.971944560605717,0.987623725918397,1.0,0.974348830661798,0.9372416392239991,0.89832965102415,0.8605354820060981,0.8088395726495909,0.745752685601385,0.6442080228390021,0.477103734389256,0.315222231619924,0.13977276758248097,0.0691745528541125,0.00510938297471189
0.366476069665433,0.5484999541828259,0.60740077611322,0.659610317176793,0.689165359664862,0.7036685593376351,0.72761893343593,0.743665448572913,0.7597403223626591,0.776128397746418,0.790297315619024,0.8072624813827729,0.8260835711755501,0.842027507146467,0.8583141819217421,0.881473167958467,0.90768713362111,0.932176457365973,0.95271661311934,0.974348830661798,1.0,0.982902694862462,0.951100264131297,0.919943144184773,0.8742199136076542,0.8133165869325891,0.7095590407557951,0.535042187231157,0.35632312011484796,0.15957044447765698,0.0781263402106424,0.00889659181380788
0.305325801750459,0.47683318352128795,0.533927088832334,0.5798463137940589,0.606751426383123,0.619792613062573,0.64392518129263,0.660752089120592,0.677933684466123,0.6946847122551221,0.7105845020096959,0.7315656813798709,0.7558035054977441,0.775114823146181,0.7950625798581371,0.8240723130975991,0.8552507958165559,0.8839489761427399,0.9080817539382249,0.9372416392239991,0.982902694862462,1.0,0.9826176714766601,0.956705628940984,0.917933540860065,0.8649026928302759,0.766433278583656,0.5938603867043941,0.4003061180962829,0.184005063715,0.0992462383426712,0.0019185055626372
0.265841917486418,0.424728672563861,0.476693965323346,0.5184938611575829,0.5449383739977091,0.5561091356389171,0.5796056784942889,0.596196064139604,0.613661615996019,0.6311912378265521,0.649279256970536,0.672277559697967,0.7009968678577471,0.7210118478761519,0.742755201903923,0.773878577864396,0.805879282973917,0.837807660288535,0.8630159228924631,0.89832965102415,0.951100264131297,0.9826176714766601,1.0,0.977808678661755,0.942306994537105,0.8943114381368109,0.804514441586073,0.6309839803373871,0.434156862756692,0.210442692339193,0.110407676501114,0.00709372659761187
0.227235620422959,0.37667017523317703,0.4288337239523621,0.46775732539276793,0.494300954096483,0.504963737307916,0.5293302107230491,0.545084037318409,0.562373860950405,0.580808953873194,0.599313428410903,0.6228525022806639,0.652360797266087,0.672796883349039,0.694570173302677,0.727733199515522,0.7618568955507808,0.7946523580762092,0.820715825230124,0.8605354820060981,0.919943144184773,0.956705628940984,0.977808678661755,1.0,0.97539504450293,0.928293896709508,0.837947817034229,0.6631151890691651,0.462250126376662,0.23908095889428102,0.127157929450622,0.0136441082725475
0.18349580109867497,0.320566082552654,0.36830502090821104,0.406017881843206,0.42942242588127794,0.439430346831389,0.462292963060818,0.478576478368621,0.49561789021502295,0.5139446557655429,0.533442743073415,0.558871721112817,0.5891599004492171,0.6098272041090971,0.6331057807456221,0.670247400586663,0.706058607540227,0.7400864346688258,0.7674035254265699,0.8088395726495909,0.8742199136076542,0.917933540860065,0.942306994537105,0.97539504450293,1.0,0.9716449025633069,0.889205139387872,0.721839623804422,0.514020826186515,0.271234352857088,0.14723017673122898,0.00298472728141719
0.138556137623594,0.25936560183072,0.30140061703854104,0.331041689671325,0.352629977376272,0.36189442452827,0.383535438982167,0.40133989701758005,0.418995609160621,0.43891250608205395,0.46056162318251403,0.48844331651179795,0.521562760763553,0.542815525009323,0.565148873521491,0.601434317371974,0.6383503536069871,0.6725914019795171,0.699992667609974,0.745752685601385,0.8133165869325891,0.8649026928302759,0.8943114381368109,0.928293896709508,0.9716449025633069,1.0,0.942358730278157,0.796289277970749,0.5710640351710191,0.29762037182075607,0.17199190417557597,0.0072353845258287
0.10327356511666401,0.20197136510168898,0.23208090268821802,0.253006009457224,0.269289364043609,0.274449904472701,0.292796711051745,0.30900091251518497,0.325422821514562,0.34846472916926696,0.36860652858610293,0.396199250765493,0.430250917682181,0.448150088048886,0.46754125482028097,0.502407761716266,0.5377488539209121,0.571421197754402,0.5966476857412211,0.6442080228390021,0.7095590407557951,0.766433278583656,0.804514441586073,0.837947817034229,0.889205139387872,0.942358730278157,1.0,0.906382962011944,0.6804376508441539,0.391349696657102,0.233007349895396,0.0247367510068691
0.0413603141710534,0.11028369526667099,0.117342635504893,0.133123309874614,0.14782153133492998,0.153220948655087,0.165730330245465,0.17606155105601198,0.190319766373672,0.21586278870563,0.23342317789986397,0.25979219788030805,0.287278610969487,0.299514277561889,0.312353047484322,0.340834948777062,0.37654019906403297,0.404921088186705,0.42914670008188105,0.477103734389256,0.535042187231157,0.5938603867043941,0.6309839803373871,0.6631151890691651,0.721839623804422,0.796289277970749,0.906382962011944,1.0,0.8137612013538059,0.470924670799864,0.302353651254245,0.0444893856351882
0.0318997858934053,0.0612860439212457,0.0466826567341456,0.0679915685782034,0.0804571311674168,0.0816818350433636,0.08766647469599399,0.0952116717826309,0.108022660818252,0.12563568591381,0.14022440539145903,0.160841041839368,0.18356195128720998,0.19346714419979602,0.200823217604363,0.21938572661160202,0.242042969991448,0.265212722731494,0.28145972651651896,0.315222231619924,0.35632312011484796,0.4003061180962829,0.434156862756692,0.462250126376662,0.514020826186515,0.5710640351710191,0.6804376508441539,0.8137612013538059,1.0,0.711848880028486,0.418910932355032,0.0715392469480714
0.0642775837834973,0.0502904201557649,0.0272367486113343,0.032848709103086,0.0375006607791296,0.0409698548031676,0.0414605439525278,0.0449558918665777,0.0478304492422991,0.0562274304500728,0.0631046791979958,0.0708748157948364,0.0824616045363072,0.0833849222171449,0.0862326433620304,0.09870234736228099,0.108987473347309,0.12422546468633,0.129164079757536,0.13977276758248097,0.15957044447765698,0.184005063715,0.210442692339193,0.23908095889428102,0.271234352857088,0.29762037182075607,0.391349696657102,0.470924670799864,0.711848880028486,1.0,0.514710357622836,0.110193219901949
0.0178568719712445,0.0261152862419254,0.0226046552606702,0.00762795907372331,0.008855457693210859,0.0186096929916366,0.0175024334655636,0.0176050793060915,0.0182508089685595,0.0208934321536677,0.0309784244993056,0.0418792743486819,0.041765319913504,0.0419730880562694,0.0430705696573615,0.0515682614211336,0.0538152142264402,0.0615423459716336,0.0610056487617349,0.0691745528541125,0.0781263402106424,0.0992462383426712,0.110407676501114,0.127157929450622,0.14723017673122898,0.17199190417557597,0.233007349895396,0.302353651254245,0.418910932355032,0.514710357622836,1.0,0.361345826813838
0.0683140247662167,0.0219782595362304,0.0452656347026528,0.0555864116300037,0.0507345377759447,0.0354373065830275,0.0360509025919668,0.0302343765785375,0.0166558874738978,0.011899569432861,0.00915233618313547,0.000438691223183614,0.000271642296920467,0.000255765027943669,0.0012261649983863802,0.00143764271761559,0.00276443405274726,0.00350805949955629,0.00614095759292368,0.00510938297471189,0.00889659181380788,0.0019185055626372,0.00709372659761187,0.0136441082725475,0.00298472728141719,0.0072353845258287,0.0247367510068691,0.0444893856351882,0.0715392469480714,0.110193219901949,0.361345826813838,1.0
