1.0,0.992862559698034,0.9392762763982929,0.658303970509465,0.5387838677587959,0.514049563764076,0.443257198457157,0.35157757346788304,0.322383572314688,0.278670492891544,0.22404625872855702,0.205375985358865,0.194399797194983,0.17965102930513002,0.166202679142673,0.16043260018072597,0.151419505684173,0.14052887874169298,0.13440995044125698,0.124511949421036,0.11274939786661801,0.10593486557459102,0.0989093768260079,0.0890958516454594,0.082113679484069,0.10942803814145499,0.109952327301975,0.108274158370524,0.13811852309456601,0.18625457965692396,0.18651180035974899,0.183773012229941
0.992862559698034,1.0,0.973499158209856,0.743381717367035,0.634196357736885,0.604057890959292,0.519458257903349,0.41039381015738896,0.37515184525309103,0.32291709294524895,0.25804151161246297,0.234842598391689,0.220578547854655,0.202076045911499,0.185279888101463,0.17760804560614898,0.166433137335094,0.15332585538285,0.145748652118671,0.13430751459634402,0.121034651395432,0.113228894187311,0.105442981386164,0.0948328065708168,0.0873102985650701,0.114345282835516,0.11424340120726699,0.112255710678525,0.14267081448388,0.19157766542824697,0.19162294769567803,0.18870876950469698
0.9392762763982929,0.973499158209856,1.0,0.876645164842872,0.7916646424977629,0.7523747955317299,0.644699346327609,0.506682240045536,0.46125949219222906,0.394783475511105,0.312857953053437,0.281907606835664,0.26191226550450697,0.23695548817213602,0.214414851446768,0.20340466021897402,0.188533531044172,0.17170252564901597,0.16163356562621697,0.147693228058718,0.132057718431121,0.122664964043368,0.113733820305444,0.10202245007413,0.0937661477590905,0.11917897358686501,0.117880495446647,0.115379172409693,0.145666384878035,0.194085825741785,0.193722893479246,0.190589514526798
0.658303970509465,0.743381717367035,0.876645164842872,1.0,0.981164350265125,0.929658283493798,0.792719784108238,0.618509935772607,0.5598036890204761,0.475272248408421,0.37214933647363796,0.330434407572466,0.30196247484332,0.267896673530038,0.237307585552987,0.22124593972971696,0.201261966362033,0.17961128702506,0.16610341654240698,0.149401908896974,0.13159614282375,0.12054686831843901,0.11080594859548101,0.0988754125444789,0.0905540768820826,0.108002400486209,0.10441899712428801,0.10128506368047399,0.12587848333585003,0.164600094483408,0.163443332621466,0.160409999344336
0.5387838677587959,0.634196357736885,0.7916646424977629,0.981164350265125,1.0,0.975691923161352,0.8711033330198441,0.719384714651297,0.662025324608486,0.57504895797072,0.46555128054791295,0.420807553466565,0.389152886841215,0.35017176831190994,0.31453722505250803,0.29511646668727004,0.270327807577265,0.24308788372822895,0.224501315063246,0.20102124051499698,0.17629210530887499,0.158750123896289,0.139653249733161,0.12120141213548401,0.10889289177968099,0.115349798215555,0.106416977558387,0.10123017259320401,0.123856389337532,0.16017825415545098,0.158559723240174,0.15538961251449201
0.514049563764076,0.604057890959292,0.7523747955317299,0.929658283493798,0.975691923161352,1.0,0.9575513743827571,0.853778166069751,0.8029184411049108,0.717571027920118,0.604079903843609,0.558099982880772,0.5243498068146359,0.480520492878716,0.43943062436129204,0.41640320976670503,0.385504910033842,0.35064993451037196,0.32492483663007005,0.29104047681009604,0.255321809602435,0.227519473822007,0.19309438795741202,0.16356514672315803,0.14440523466785501,0.13765168507986403,0.12096770544453,0.11260747406741999,0.135953221713082,0.17492474013953102,0.17290552979118898,0.169332111328587
0.443257198457157,0.519458257903349,0.644699346327609,0.792719784108238,0.8711033330198441,0.9575513743827571,1.0,0.9670166815449929,0.9284916713336361,0.8516387853719659,0.741341101086407,0.697157077516261,0.663162290339948,0.616217639619837,0.5710099455524399,0.5449521555849179,0.50831686384061,0.466039166712699,0.432838684343248,0.38779044550747604,0.340274588377913,0.301045055011195,0.24901946469939198,0.207116811776192,0.180370610330355,0.15674282133124498,0.131104743589786,0.11919242366272001,0.141747168706302,0.18130362343776998,0.17890764063503198,0.17506966154491702
0.35157757346788304,0.41039381015738896,0.506682240045536,0.618509935772607,0.719384714651297,0.853778166069751,0.9670166815449929,1.0,0.9829684366321141,0.9271790663570141,0.8349294748119691,0.7970732752008729,0.7649079907559201,0.7176418827733689,0.6710714587179251,0.643851356459992,0.603892077135491,0.55686039571416,0.518450551272994,0.465050099695341,0.408544162634933,0.360278703422108,0.2936741031620119,0.24162846723322198,0.20868452660454395,0.1698043471939,0.136482689561946,0.12157895415816199,0.14192446218227697,0.17898075167084102,0.175892845982238,0.17178401341802302
0.322383572314688,0.37515184525309103,0.46125949219222906,0.5598036890204761,0.662025324608486,0.8029184411049108,0.9284916713336361,0.9829684366321141,1.0,0.9802330601118009,0.9218508724474871,0.8925981302986992,0.8606994198837831,0.811708718884573,0.762982646240813,0.7351341830337129,0.69252118060877,0.641465314905171,0.5994473181689971,0.539495392666943,0.475471933804065,0.42016390252190294,0.342048332074333,0.28115937464162605,0.24264476430603002,0.19361961807449699,0.153623780481738,0.135908855479923,0.15529207719112698,0.189725004058587,0.184694320286686,0.17956053171017602
0.278670492891544,0.32291709294524895,0.394783475511105,0.475272248408421,0.57504895797072,0.717571027920118,0.8516387853719659,0.9271790663570141,0.9802330601118009,1.0,0.980302995311995,0.961427093176855,0.931030793378466,0.8820501198755001,0.832859929722282,0.805396090933545,0.7615498343300829,0.7081070108349109,0.6638055777541899,0.599084850741503,0.529407707268069,0.46862522782915006,0.38109368815770395,0.31300429573091904,0.269959971296035,0.21188103394965302,0.166223913665116,0.14615752840407198,0.163766228782759,0.19406293424575,0.18713239401727397,0.18109077826226802
0.22404625872855702,0.25804151161246297,0.312857953053437,0.37214933647363796,0.46555128054791295,0.604079903843609,0.741341101086407,0.8349294748119691,0.9218508724474871,0.980302995311995,1.0,0.992227011458948,0.964528993303574,0.917489603115867,0.869775643511101,0.8437786347048349,0.8004301126977691,0.7467117284143872,0.701877635952069,0.63494835942674,0.5623747624868941,0.49852404151856494,0.405044345050847,0.33245185622296997,0.286582965322925,0.22175611908615803,0.17224786800657702,0.150625347854904,0.16576833888936401,0.19074149575394198,0.18218769570426502,0.17547806077886402
0.205375985358865,0.234842598391689,0.281907606835664,0.330434407572466,0.420807553466565,0.558099982880772,0.697157077516261,0.7970732752008729,0.8925981302986992,0.961427093176855,0.992227011458948,1.0,0.989265701804016,0.958282252606296,0.921977213950659,0.897341853793014,0.85404910607096,0.799385365565765,0.754652072814595,0.6857496027525501,0.6099571004637672,0.544218914759258,0.44750649065787607,0.370592522168854,0.32166831605371193,0.250961492674373,0.19584186770767398,0.17169914266584002,0.18528215525653,0.204154772823981,0.192151302918114,0.18370847773250698
0.194399797194983,0.220578547854655,0.26191226550450697,0.30196247484332,0.389152886841215,0.5243498068146359,0.663162290339948,0.7649079907559201,0.8606994198837831,0.931030793378466,0.964528993303574,0.989265701804016,1.0,0.989762573959481,0.968341780511664,0.945351505726708,0.902504549924303,0.8473409364638109,0.803427878883003,0.733415280776754,0.655169755110994,0.58864449319709,0.490595076586641,0.41026909765474995,0.35876335759832,0.283188298555573,0.222525260066429,0.19583526546184,0.207935991549296,0.220169808023647,0.204281379553247,0.19387273948401604
0.17965102930513002,0.202076045911499,0.23695548817213602,0.267896673530038,0.35017176831190994,0.480520492878716,0.616217639619837,0.7176418827733689,0.811708718884573,0.8820501198755001,0.917489603115867,0.958282252606296,0.989762573959481,1.0,0.99356057682502,0.9726534593755201,0.9311297699353219,0.8766210100573809,0.8344190303049742,0.7647729429532281,0.685752917199278,0.619837428559364,0.522513912609306,0.440519897893708,0.38756004843643205,0.30879620626479404,0.243975934267623,0.215351073117693,0.22575329757139,0.231249468151131,0.21189582114591698,0.19978284682223202
0.166202679142673,0.185279888101463,0.214414851446768,0.237307585552987,0.31453722505250803,0.43943062436129204,0.5710099455524399,0.6710714587179251,0.762982646240813,0.832859929722282,0.869775643511101,0.921977213950659,0.968341780511664,0.99356057682502,1.0,0.9874159937855509,0.9533161468315309,0.9050506063614442,0.865970708952743,0.79675737519065,0.716992450577377,0.6508605860665749,0.551887227896098,0.467197475777036,0.412280661771842,0.33135905735328197,0.26322793340691103,0.233025130314398,0.24177717851254998,0.24069356657990199,0.218082903254371,0.204382851410136
0.16043260018072597,0.17760804560614898,0.20340466021897402,0.22124593972971696,0.29511646668727004,0.41640320976670503,0.5449521555849179,0.643851356459992,0.7351341830337129,0.805396090933545,0.8437786347048349,0.897341853793014,0.945351505726708,0.9726534593755201,0.9874159937855509,1.0,0.9890751185513871,0.9609208779400942,0.9277421197999359,0.857041190222539,0.7741099108567131,0.70350798659765,0.593385475407156,0.500471229656154,0.44043533803250395,0.35747992107430704,0.285984113213524,0.254123263905051,0.261512398492902,0.25379594736168204,0.227571346810059,0.212070117578036
0.151419505684173,0.166433137335094,0.188533531044172,0.201261966362033,0.270327807577265,0.385504910033842,0.50831686384061,0.603892077135491,0.69252118060877,0.7615498343300829,0.8004301126977691,0.85404910607096,0.902504549924303,0.9311297699353219,0.9533161468315309,0.9890751185513871,1.0,0.9912300933804851,0.964303671792915,0.8938178210901159,0.809813863445095,0.736644707819875,0.618624465443657,0.520148822304689,0.4567013527362321,0.37372948970836295,0.30071706389956104,0.26803249172660704,0.273983802887523,0.26025944730437195,0.231260275298175,0.214431279526685
0.14052887874169298,0.15332585538285,0.17170252564901597,0.17961128702506,0.24308788372822895,0.35064993451037196,0.466039166712699,0.55686039571416,0.641465314905171,0.7081070108349109,0.7467117284143872,0.799385365565765,0.8473409364638109,0.8766210100573809,0.9050506063614442,0.9609208779400942,0.9912300933804851,1.0,0.97917830996415,0.9101937282720749,0.826787577628213,0.752675310929298,0.6297660430169639,0.528132956297616,0.46280499606012704,0.38135863616146604,0.308342008275646,0.27552575209403696,0.280077654833352,0.26122230764174303,0.230274206910755,0.21256734447007297
0.13440995044125698,0.145748652118671,0.16163356562621697,0.16610341654240698,0.224501315063246,0.32492483663007005,0.432838684343248,0.518450551272994,0.5994473181689971,0.6638055777541899,0.701877635952069,0.754652072814595,0.803427878883003,0.8344190303049742,0.865970708952743,0.9277421197999359,0.964303671792915,0.97917830996415,1.0,0.9750351712173341,0.923130326025732,0.866546065725682,0.73075085052654,0.616237360215782,0.5422554523851789,0.46282325110156103,0.382361398821788,0.34547250553492703,0.34435622148405,0.2990307534811599,0.25499689275219395,0.23091567813515398
0.124511949421036,0.13430751459634402,0.147693228058718,0.149401908896974,0.20102124051499698,0.29104047681009604,0.38779044550747604,0.465050099695341,0.539495392666943,0.599084850741503,0.63494835942674,0.6857496027525501,0.733415280776754,0.7647729429532281,0.79675737519065,0.857041190222539,0.8938178210901159,0.9101937282720749,0.9750351712173341,1.0,0.9854601004592272,0.9512328971664129,0.8083436115153149,0.685338998524227,0.6054571459354179,0.531389452740977,0.446167094727938,0.40639300070476203,0.399360230941127,0.327808140331656,0.27161042597287,0.241701463626798
0.11274939786661801,0.121034651395432,0.132057718431121,0.13159614282375,0.17629210530887499,0.255321809602435,0.340274588377913,0.408544162634933,0.475471933804065,0.529407707268069,0.5623747624868941,0.6099571004637672,0.655169755110994,0.685752917199278,0.716992450577377,0.7741099108567131,0.809813863445095,0.826787577628213,0.923130326025732,0.9854601004592272,1.0,0.984031292698694,0.84052094227875,0.7151573117198271,0.633448391393699,0.565977282600012,0.47997939163318104,0.43933571262323295,0.428012407032716,0.338799593512948,0.275185049079852,0.241823058759649
0.10593486557459102,0.113228894187311,0.122664964043368,0.12054686831843901,0.158750123896289,0.227519473822007,0.301045055011195,0.360278703422108,0.42016390252190294,0.46862522782915006,0.49852404151856494,0.544218914759258,0.58864449319709,0.619837428559364,0.6508605860665749,0.70350798659765,0.736644707819875,0.752675310929298,0.866546065725682,0.9512328971664129,0.984031292698694,1.0,0.9143761676342641,0.8133000812427321,0.743232690988854,0.656007870371621,0.550056246227563,0.5006866940651471,0.481613369608877,0.368412032108896,0.293367891528833,0.254490543292649
0.0989093768260079,0.105442981386164,0.113733820305444,0.11080594859548101,0.139653249733161,0.19309438795741202,0.24901946469939198,0.2936741031620119,0.342048332074333,0.38109368815770395,0.405044345050847,0.44750649065787607,0.490595076586641,0.522513912609306,0.551887227896098,0.593385475407156,0.618624465443657,0.6297660430169639,0.73075085052654,0.8083436115153149,0.84052094227875,0.9143761676342641,1.0,0.9792310688984799,0.9504627680655441,0.802543843487807,0.649363881070209,0.580476729918099,0.548250111356233,0.40588324378652507,0.316807352496089,0.271141867620548
0.0890958516454594,0.0948328065708168,0.10202245007413,0.0988754125444789,0.12120141213548401,0.16356514672315803,0.207116811776192,0.24162846723322198,0.28115937464162605,0.31300429573091904,0.33245185622296997,0.370592522168854,0.41026909765474995,0.440519897893708,0.467197475777036,0.500471229656154,0.520148822304689,0.528132956297616,0.616237360215782,0.685338998524227,0.7151573117198271,0.8133000812427321,0.9792310688984799,1.0,0.9937443590449271,0.824845875949018,0.657764551661266,0.5834879226665339,0.5467255769480239,0.398814560851502,0.308381338533364,0.26222299936109195
0.082113679484069,0.0873102985650701,0.0937661477590905,0.0905540768820826,0.10889289177968099,0.14440523466785501,0.180370610330355,0.20868452660454395,0.24264476430603002,0.269959971296035,0.286582965322925,0.32166831605371193,0.35876335759832,0.38756004843643205,0.412280661771842,0.44043533803250395,0.4567013527362321,0.46280499606012704,0.5422554523851789,0.6054571459354179,0.633448391393699,0.743232690988854,0.9504627680655441,0.9937443590449271,1.0,0.8225341891811191,0.6507522439414101,0.5748213236409079,0.536211112965982,0.38786362310641703,0.298283028068301,0.252670016961142
0.10942803814145499,0.114345282835516,0.11917897358686501,0.108002400486209,0.115349798215555,0.13765168507986403,0.15674282133124498,0.1698043471939,0.19361961807449699,0.21188103394965302,0.22175611908615803,0.250961492674373,0.283188298555573,0.30879620626479404,0.33135905735328197,0.35747992107430704,0.37372948970836295,0.38135863616146604,0.46282325110156103,0.531389452740977,0.565977282600012,0.656007870371621,0.802543843487807,0.824845875949018,0.8225341891811191,1.0,0.967047421565443,0.9381117211368671,0.904698691136771,0.623924478901282,0.464547314455184,0.38440805015039703
0.109952327301975,0.11424340120726699,0.117880495446647,0.10441899712428801,0.106416977558387,0.12096770544453,0.131104743589786,0.136482689561946,0.153623780481738,0.166223913665116,0.17224786800657702,0.19584186770767398,0.222525260066429,0.243975934267623,0.26322793340691103,0.285984113213524,0.30071706389956104,0.308342008275646,0.382361398821788,0.446167094727938,0.47997939163318104,0.550056246227563,0.649363881070209,0.657764551661266,0.6507522439414101,0.967047421565443,1.0,0.9953735727135491,0.9681895710490059,0.6600107500979671,0.48736803172851706,0.40080116724690507
0.108274158370524,0.112255710678525,0.115379172409693,0.10128506368047399,0.10123017259320401,0.11260747406741999,0.11919242366272001,0.12157895415816199,0.135908855479923,0.14615752840407198,0.150625347854904,0.17169914266584002,0.19583526546184,0.215351073117693,0.233025130314398,0.254123263905051,0.26803249172660704,0.27552575209403696,0.34547250553492703,0.40639300070476203,0.43933571262323295,0.5006866940651471,0.580476729918099,0.5834879226665339,0.5748213236409079,0.9381117211368671,0.9953735727135491,1.0,0.975630549077505,0.6623678862308578,0.48766462928207704,0.400149114692698
0.13811852309456601,0.14267081448388,0.145666384878035,0.12587848333585003,0.123856389337532,0.135953221713082,0.141747168706302,0.14192446218227697,0.15529207719112698,0.163766228782759,0.16576833888936401,0.18528215525653,0.207935991549296,0.22575329757139,0.24177717851254998,0.261512398492902,0.273983802887523,0.280077654833352,0.34435622148405,0.399360230941127,0.428012407032716,0.481613369608877,0.548250111356233,0.5467255769480239,0.536211112965982,0.904698691136771,0.9681895710490059,0.975630549077505,1.0,0.808786437744462,0.664811983023496,0.588662721852322
0.18625457965692396,0.19157766542824697,0.194085825741785,0.164600094483408,0.16017825415545098,0.17492474013953102,0.18130362343776998,0.17898075167084102,0.189725004058587,0.19406293424575,0.19074149575394198,0.204154772823981,0.220169808023647,0.231249468151131,0.24069356657990199,0.25379594736168204,0.26025944730437195,0.26122230764174303,0.2990307534811599,0.327808140331656,0.338799593512948,0.368412032108896,0.40588324378652507,0.398814560851502,0.38786362310641703,0.623924478901282,0.6600107500979671,0.6623678862308578,0.808786437744462,1.0,0.977009758708593,0.95151195236695
0.18651180035974899,0.19162294769567803,0.193722893479246,0.163443332621466,0.158559723240174,0.17290552979118898,0.17890764063503198,0.175892845982238,0.184694320286686,0.18713239401727397,0.18218769570426502,0.192151302918114,0.204281379553247,0.21189582114591698,0.218082903254371,0.227571346810059,0.231260275298175,0.230274206910755,0.25499689275219395,0.27161042597287,0.275185049079852,0.293367891528833,0.316807352496089,0.308381338533364,0.298283028068301,0.464547314455184,0.48736803172851706,0.48766462928207704,0.664811983023496,0.977009758708593,1.0,0.995217628062893
0.183773012229941,0.18870876950469698,0.190589514526798,0.160409999344336,0.15538961251449201,0.169332111328587,0.17506966154491702,0.17178401341802302,0.17956053171017602,0.18109077826226802,0.17547806077886402,0.18370847773250698,0.19387273948401604,0.19978284682223202,0.204382851410136,0.212070117578036,0.214431279526685,0.21256734447007297,0.23091567813515398,0.241701463626798,0.241823058759649,0.254490543292649,0.271141867620548,0.26222299936109195,0.252670016961142,0.38440805015039703,0.40080116724690507,0.400149114692698,0.588662721852322,0.95151195236695,0.995217628062893,1.0
