1.0,0.672653396548627,0.5872728483907199,0.5369685195692729,0.514010188022641,0.49345048923249296,0.48051200801624394,0.472073571223865,0.45799703566559,0.444952018650238,0.426537200450105,0.42311099284762604,0.408166974029366,0.38489989797980195,0.37668221510806704,0.36891325543857895,0.352547465357089,0.345544897807366,0.330965067162787,0.31355124520348104,0.300941780242128,0.285585348601047,0.276390299530144,0.276558843625272,0.262253439067689,0.243334526247375,0.20584189803037195,0.191041361269186,0.14570081579511598,0.0745711610288849,0.00323962989781228,0.00629501430598872
0.672653396548627,1.0,0.8916020942918259,0.837516285019756,0.8036544675721892,0.7741323777627289,0.7559817798689692,0.742957292286867,0.7271284682960041,0.712731815766721,0.6921828674073671,0.68052052926726,0.6635605650106179,0.645184602265503,0.6318110713080639,0.618699106489744,0.598904433514966,0.585409429547437,0.565448621879125,0.55084073858115,0.535488975375393,0.5131144150867221,0.487218997339856,0.469202896509682,0.436970578989111,0.408561672280395,0.35994035498241606,0.32954588513668104,0.261283761528613,0.17970329303163604,0.0735092229138151,0.0266762418371126
0.5872728483907199,0.8916020942918259,1.0,0.958037859830423,0.916438943765422,0.890051498136223,0.8654655537104058,0.8453160029815442,0.8276992468861508,0.8132663303792049,0.7952931487671929,0.7860758518287809,0.771907314650792,0.7541141697749001,0.7417818373881109,0.726570743858104,0.70562814852126,0.690134828645322,0.676423036033265,0.666815630332622,0.649609086430173,0.627510485118717,0.6072541560943101,0.583719877689353,0.548625201040034,0.51617218755548,0.46076194163246603,0.42096836819080097,0.34929448427752696,0.253111464956771,0.135088954598166,0.0639943662452559
0.5369685195692729,0.837516285019756,0.958037859830423,1.0,0.9636628605005659,0.93723763350475,0.9128556322471559,0.8919927336975301,0.8743341055604771,0.8618628461100609,0.8413037786168471,0.8298539714613059,0.816238344726733,0.7985235086346859,0.7877251088879101,0.7726112878959571,0.7522041877373851,0.7386832828267591,0.7236051396310971,0.7118010189011359,0.6920932280448511,0.668585413195747,0.649392447509515,0.626473146198019,0.589292487047966,0.555272974278109,0.500105370787037,0.453832197274789,0.380886343164373,0.266001883018108,0.15704637691381101,0.0710776858204782
0.514010188022641,0.8036544675721892,0.916438943765422,0.9636628605005659,1.0,0.973596465682404,0.9487760686656991,0.932801376321537,0.917219160558908,0.9044991816437091,0.8833298777058491,0.8710023927908249,0.858919121795624,0.843141471602086,0.8332323771009399,0.8175616819092449,0.7987969912941691,0.7845958891949231,0.767807057672639,0.753311720252336,0.7345440423155201,0.711735678079703,0.6906474771108121,0.669385448935384,0.632920548988024,0.6005697196294699,0.55014637411054,0.502514565824426,0.42477506037838797,0.310462383032575,0.18741730986679103,0.0877917164101902
0.49345048923249296,0.7741323777627289,0.890051498136223,0.93723763350475,0.973596465682404,1.0,0.980975091020422,0.9632942126568492,0.947740648519506,0.934433513406394,0.9144389223702359,0.9015620372376371,0.88567884945309,0.8703408299651809,0.86123114670955,0.845673044301716,0.8251028201481729,0.811052798423463,0.7952176778795109,0.7790266298095091,0.760524731944268,0.7396557641875501,0.7178517292262259,0.695081727381303,0.6591898401036961,0.6279889310093121,0.5754304579928728,0.527260633570745,0.443622991871465,0.32827279775067897,0.205963498440964,0.102649246060593
0.48051200801624394,0.7559817798689692,0.8654655537104058,0.9128556322471559,0.9487760686656991,0.980975091020422,1.0,0.9836619751818649,0.968428828346863,0.9527986164484491,0.9347797101489019,0.921051455601148,0.9060089204925859,0.8909538071011841,0.8809568475511791,0.865691953993185,0.846789374627534,0.8321219343247379,0.8170668320169059,0.7996020529543308,0.7822160594552,0.763504993997817,0.7445407056427221,0.7219096384928579,0.6867559550717459,0.655081510537562,0.6013720063207939,0.551895471194786,0.465283789574781,0.33639750411550795,0.21491307104219,0.10693238786429402
0.472073571223865,0.742957292286867,0.8453160029815442,0.8919927336975301,0.932801376321537,0.9632942126568492,0.9836619751818649,1.0,0.9868277304627909,0.970611984032229,0.9526577621654371,0.9392826731898258,0.924871077943007,0.9090806962060509,0.8973311235425531,0.8802623038346049,0.8607972540837109,0.844235533090678,0.829744671564831,0.812023988749049,0.7947864595060059,0.774227139876312,0.755841221394377,0.7343764703869429,0.697796703612083,0.666818707953192,0.610221457357822,0.55883595086851,0.47284360803311604,0.34411489540988105,0.21493556646747,0.12002636781321302
0.45799703566559,0.7271284682960041,0.8276992468861508,0.8743341055604771,0.917219160558908,0.947740648519506,0.968428828346863,0.9868277304627909,1.0,0.9870250682682999,0.968013646285385,0.9537706074817149,0.9389296702797121,0.9225468106479392,0.9094080676625469,0.892370084894114,0.8729003788380991,0.8563660244705791,0.841670909157861,0.82314316797524,0.8066557193662851,0.786364850988139,0.7685735556690719,0.7484187154394549,0.7091919662114391,0.677204482320402,0.618870572072449,0.5683348151145339,0.481682735579544,0.35098500611517897,0.217407106943607,0.120471350228405
0.444952018650238,0.712731815766721,0.8132663303792049,0.8618628461100609,0.9044991816437091,0.934433513406394,0.9527986164484491,0.970611984032229,0.9870250682682999,1.0,0.984899597639468,0.9709653788578101,0.9534642537492521,0.9350338253412099,0.920013891118422,0.904082638808952,0.887415779972032,0.871630428844153,0.8566849472086508,0.83835235347644,0.823364216526725,0.8028311407073242,0.783545202120591,0.7635563393750531,0.7251616256194009,0.6929081319511271,0.633009654397432,0.581870197672948,0.49248224490593,0.355691984555672,0.22621661769164103,0.12304094564163001
0.426537200450105,0.6921828674073671,0.7952931487671929,0.8413037786168471,0.8833298777058491,0.9144389223702359,0.9347797101489019,0.9526577621654371,0.968013646285385,0.984899597639468,1.0,0.9883088915150309,0.970528564094216,0.954260907389601,0.938210461074894,0.921689749271047,0.9051126679106009,0.8897218739470141,0.8741627408407711,0.855767031242048,0.8416830990091999,0.822878325785516,0.8046623356187329,0.785533831099645,0.7472195600055049,0.717688220642733,0.658771681151997,0.6068007827292211,0.514802671711588,0.3730480989441571,0.23787413161521498,0.136986973300617
0.42311099284762604,0.68052052926726,0.7860758518287809,0.8298539714613059,0.8710023927908249,0.9015620372376371,0.921051455601148,0.9392826731898258,0.9537706074817149,0.9709653788578101,0.9883088915150309,1.0,0.9868630043693091,0.9693481936849359,0.9519067976206659,0.9343931477177242,0.9170462039976149,0.9006404360255071,0.8835032457380679,0.866102839895965,0.852028201759225,0.8329235182924449,0.814139541679375,0.794881691097249,0.7567876643249141,0.727344753861109,0.666744332435998,0.6123466808953921,0.518389541723539,0.37666906046665793,0.23713584778513602,0.132634370009689
0.408166974029366,0.6635605650106179,0.771907314650792,0.816238344726733,0.858919121795624,0.88567884945309,0.9060089204925859,0.924871077943007,0.9389296702797121,0.9534642537492521,0.970528564094216,0.9868630043693091,1.0,0.9860850422332651,0.9687368120904641,0.950480557567507,0.93114997351252,0.913352205181577,0.8948241970884241,0.877662282820267,0.863846422199581,0.8449636669862859,0.8283179558022501,0.809943679292381,0.771300275286458,0.7409818649149109,0.6808323477362509,0.624971940411338,0.528080240493241,0.38539842498026095,0.23947304927285396,0.136456391967816
0.38489989797980195,0.645184602265503,0.7541141697749001,0.7985235086346859,0.843141471602086,0.8703408299651809,0.8909538071011841,0.9090806962060509,0.9225468106479392,0.9350338253412099,0.954260907389601,0.9693481936849359,0.9860850422332651,1.0,0.9877916595851921,0.9695218045997069,0.9493731335187571,0.932181024781903,0.912237010608898,0.8947718971934879,0.880936728177083,0.861398375554051,0.846455209030735,0.8296616510849101,0.790995842146891,0.7610992716623509,0.704367017157861,0.649247921303501,0.554263478204585,0.409327157527629,0.253614093620657,0.156987774438577
0.37668221510806704,0.6318110713080639,0.7417818373881109,0.7877251088879101,0.8332323771009399,0.86123114670955,0.8809568475511791,0.8973311235425531,0.9094080676625469,0.920013891118422,0.938210461074894,0.9519067976206659,0.9687368120904641,0.9877916595851921,1.0,0.9883187923912921,0.9699631942021251,0.9525153270405309,0.9328849481106941,0.9145943846038349,0.901212753723322,0.8803013911618979,0.8642629051902829,0.8478761899354158,0.808864157214813,0.780252449133018,0.7248599433000369,0.669865201733245,0.573715988298337,0.42477929310654605,0.25803867576949,0.16157331853097598
0.36891325543857895,0.618699106489744,0.726570743858104,0.7726112878959571,0.8175616819092449,0.845673044301716,0.865691953993185,0.8802623038346049,0.892370084894114,0.904082638808952,0.921689749271047,0.9343931477177242,0.950480557567507,0.9695218045997069,0.9883187923912921,1.0,0.984422637301235,0.9679017765730229,0.949961445391673,0.9305965913028441,0.9158606081594141,0.893834683699837,0.877066882435342,0.8585146601463699,0.817343008650342,0.78958216801623,0.7355140105990341,0.6803206777927421,0.579617080525734,0.42892427065231004,0.261787467469941,0.162506204553574
0.352547465357089,0.598904433514966,0.70562814852126,0.7522041877373851,0.7987969912941691,0.8251028201481729,0.846789374627534,0.8607972540837109,0.8729003788380991,0.887415779972032,0.9051126679106009,0.9170462039976149,0.93114997351252,0.9493731335187571,0.9699631942021251,0.984422637301235,1.0,0.9873299549446191,0.9709942651936629,0.953087741165599,0.93762390588511,0.915757442888427,0.899171196574508,0.878619494352919,0.8393909769703309,0.8137046473580579,0.769078069965855,0.718897965267265,0.6178216465855121,0.45611365155032896,0.27615260913546696,0.171698968159083
0.345544897807366,0.585409429547437,0.690134828645322,0.7386832828267591,0.7845958891949231,0.811052798423463,0.8321219343247379,0.844235533090678,0.8563660244705791,0.871630428844153,0.8897218739470141,0.9006404360255071,0.913352205181577,0.932181024781903,0.9525153270405309,0.9679017765730229,0.9873299549446191,1.0,0.9885848791071209,0.9728914654858429,0.957504083994726,0.936373256427924,0.921110783556299,0.89924016546531,0.8601390014190861,0.8356844360351781,0.7914583316563191,0.741753540325518,0.6424688545308951,0.47926323393094705,0.302735195099383,0.205747270068589
0.330965067162787,0.565448621879125,0.676423036033265,0.7236051396310971,0.767807057672639,0.7952176778795109,0.8170668320169059,0.829744671564831,0.841670909157861,0.8566849472086508,0.8741627408407711,0.8835032457380679,0.8948241970884241,0.912237010608898,0.9328849481106941,0.949961445391673,0.9709942651936629,0.9885848791071209,1.0,0.9867734064572551,0.9722666833805379,0.9515641550458759,0.9362315549882192,0.9131796041179201,0.8744671966757809,0.8512367814227241,0.8070525901697321,0.758103232005317,0.6608992483023299,0.506102592283896,0.32781679759257104,0.232718895151007
0.31355124520348104,0.55084073858115,0.666815630332622,0.7118010189011359,0.753311720252336,0.7790266298095091,0.7996020529543308,0.812023988749049,0.82314316797524,0.83835235347644,0.855767031242048,0.866102839895965,0.877662282820267,0.8947718971934879,0.9145943846038349,0.9305965913028441,0.953087741165599,0.9728914654858429,0.9867734064572551,1.0,0.98882403458376,0.9717010336750121,0.9553146347663208,0.9306209058588101,0.893124716855172,0.869061030795048,0.824877378703951,0.7764147657220429,0.6857129989271489,0.52836982025098,0.35366944695328795,0.25338236687065097
0.300941780242128,0.535488975375393,0.649609086430173,0.6920932280448511,0.7345440423155201,0.760524731944268,0.7822160594552,0.7947864595060059,0.8066557193662851,0.823364216526725,0.8416830990091999,0.852028201759225,0.863846422199581,0.880936728177083,0.901212753723322,0.9158606081594141,0.93762390588511,0.957504083994726,0.9722666833805379,0.98882403458376,1.0,0.987623463183538,0.972829434097976,0.948492398313461,0.912396990046979,0.8877031485278291,0.844664926051243,0.796417653981676,0.705630969065794,0.549465115683644,0.369634982549439,0.255433177710085
0.285585348601047,0.5131144150867221,0.627510485118717,0.668585413195747,0.711735678079703,0.7396557641875501,0.763504993997817,0.774227139876312,0.786364850988139,0.8028311407073242,0.822878325785516,0.8329235182924449,0.8449636669862859,0.861398375554051,0.8803013911618979,0.893834683699837,0.915757442888427,0.936373256427924,0.9515641550458759,0.9717010336750121,0.987623463183538,1.0,0.9869057335466122,0.9622717473444972,0.9282949144260191,0.904572879915485,0.864028713117564,0.820275961084743,0.7321461452315899,0.5763422103508531,0.39396433068667897,0.26579834249727896
0.276390299530144,0.487218997339856,0.6072541560943101,0.649392447509515,0.6906474771108121,0.7178517292262259,0.7445407056427221,0.755841221394377,0.7685735556690719,0.783545202120591,0.8046623356187329,0.814139541679375,0.8283179558022501,0.846455209030735,0.8642629051902829,0.877066882435342,0.899171196574508,0.921110783556299,0.9362315549882192,0.9553146347663208,0.972829434097976,0.9869057335466122,1.0,0.9816091012945479,0.951844762133501,0.9257428241641009,0.8827000112102079,0.8424075985515179,0.756472824477897,0.5931661746546241,0.40595321435932397,0.28029230189628696
0.276558843625272,0.469202896509682,0.583719877689353,0.626473146198019,0.669385448935384,0.695081727381303,0.7219096384928579,0.7343764703869429,0.7484187154394549,0.7635563393750531,0.785533831099645,0.794881691097249,0.809943679292381,0.8296616510849101,0.8478761899354158,0.8585146601463699,0.878619494352919,0.89924016546531,0.9131796041179201,0.9306209058588101,0.948492398313461,0.9622717473444972,0.9816091012945479,1.0,0.9787074387507909,0.952379870905891,0.9074382579818331,0.862481752745974,0.7819930392670099,0.61636921244162,0.423101062197671,0.30267062648101195
0.262253439067689,0.436970578989111,0.548625201040034,0.589292487047966,0.632920548988024,0.6591898401036961,0.6867559550717459,0.697796703612083,0.7091919662114391,0.7251616256194009,0.7472195600055049,0.7567876643249141,0.771300275286458,0.790995842146891,0.808864157214813,0.817343008650342,0.8393909769703309,0.8601390014190861,0.8744671966757809,0.893124716855172,0.912396990046979,0.9282949144260191,0.951844762133501,0.9787074387507909,1.0,0.979798026349763,0.9418710238565899,0.8952773994503629,0.817976679489141,0.6454858692239119,0.44969920051921397,0.32601762964092895
0.243334526247375,0.408561672280395,0.51617218755548,0.555272974278109,0.6005697196294699,0.6279889310093121,0.655081510537562,0.666818707953192,0.677204482320402,0.6929081319511271,0.717688220642733,0.727344753861109,0.7409818649149109,0.7610992716623509,0.780252449133018,0.78958216801623,0.8137046473580579,0.8356844360351781,0.8512367814227241,0.869061030795048,0.8877031485278291,0.904572879915485,0.9257428241641009,0.952379870905891,0.979798026349763,1.0,0.967714989727657,0.921133185087167,0.8454540241052579,0.68436378499417,0.478088059540909,0.348258610020653
0.20584189803037195,0.35994035498241606,0.46076194163246603,0.500105370787037,0.55014637411054,0.5754304579928728,0.6013720063207939,0.610221457357822,0.618870572072449,0.633009654397432,0.658771681151997,0.666744332435998,0.6808323477362509,0.704367017157861,0.7248599433000369,0.7355140105990341,0.769078069965855,0.7914583316563191,0.8070525901697321,0.824877378703951,0.844664926051243,0.864028713117564,0.8827000112102079,0.9074382579818331,0.9418710238565899,0.967714989727657,1.0,0.965880636390575,0.896049958343272,0.712699475430305,0.49869658273417294,0.3583553646725421
0.191041361269186,0.32954588513668104,0.42096836819080097,0.453832197274789,0.502514565824426,0.527260633570745,0.551895471194786,0.55883595086851,0.5683348151145339,0.581870197672948,0.6068007827292211,0.6123466808953921,0.624971940411338,0.649247921303501,0.669865201733245,0.6803206777927421,0.718897965267265,0.741753540325518,0.758103232005317,0.7764147657220429,0.796417653981676,0.820275961084743,0.8424075985515179,0.862481752745974,0.8952773994503629,0.921133185087167,0.965880636390575,1.0,0.936594611620389,0.7510377098618759,0.526080211238476,0.399449238555524
0.14570081579511598,0.261283761528613,0.34929448427752696,0.380886343164373,0.42477506037838797,0.443622991871465,0.465283789574781,0.47284360803311604,0.481682735579544,0.49248224490593,0.514802671711588,0.518389541723539,0.528080240493241,0.554263478204585,0.573715988298337,0.579617080525734,0.6178216465855121,0.6424688545308951,0.6608992483023299,0.6857129989271489,0.705630969065794,0.7321461452315899,0.756472824477897,0.7819930392670099,0.817976679489141,0.8454540241052579,0.896049958343272,0.936594611620389,1.0,0.831892135384994,0.608833065506731,0.471583926549948
0.0745711610288849,0.17970329303163604,0.253111464956771,0.266001883018108,0.310462383032575,0.32827279775067897,0.33639750411550795,0.34411489540988105,0.35098500611517897,0.355691984555672,0.3730480989441571,0.37666906046665793,0.38539842498026095,0.409327157527629,0.42477929310654605,0.42892427065231004,0.45611365155032896,0.47926323393094705,0.506102592283896,0.52836982025098,0.549465115683644,0.5763422103508531,0.5931661746546241,0.61636921244162,0.6454858692239119,0.68436378499417,0.712699475430305,0.7510377098618759,0.831892135384994,1.0,0.7541185942915991,0.505875315430502
0.00323962989781228,0.0735092229138151,0.135088954598166,0.15704637691381101,0.18741730986679103,0.205963498440964,0.21491307104219,0.21493556646747,0.217407106943607,0.22621661769164103,0.23787413161521498,0.23713584778513602,0.23947304927285396,0.253614093620657,0.25803867576949,0.261787467469941,0.27615260913546696,0.302735195099383,0.32781679759257104,0.35366944695328795,0.369634982549439,0.39396433068667897,0.40595321435932397,0.423101062197671,0.44969920051921397,0.478088059540909,0.49869658273417294,0.526080211238476,0.608833065506731,0.7541185942915991,1.0,0.5915476341040289
0.00629501430598872,0.0266762418371126,0.0639943662452559,0.0710776858204782,0.0877917164101902,0.102649246060593,0.10693238786429402,0.12002636781321302,0.120471350228405,0.12304094564163001,0.136986973300617,0.132634370009689,0.136456391967816,0.156987774438577,0.16157331853097598,0.162506204553574,0.171698968159083,0.205747270068589,0.232718895151007,0.25338236687065097,0.255433177710085,0.26579834249727896,0.28029230189628696,0.30267062648101195,0.32601762964092895,0.348258610020653,0.3583553646725421,0.399449238555524,0.471583926549948,0.505875315430502,0.5915476341040289,1.0
