1.0,0.716746237698029,0.6003289841665921,0.554775831439941,0.517580488303616,0.502054000694186,0.48329785778791295,0.480994393481288,0.47689140874340996,0.469748695504447,0.457523703236604,0.44036220150217803,0.420316274149276,0.407531613588432,0.39146500325376204,0.37761029279221103,0.365677159868968,0.35498136096739397,0.345888387571622,0.33870831839922994,0.338999810496137,0.331965385386575,0.325282698173014,0.32134072004710196,0.31454436191175,0.31079370390695,0.30041381238411496,0.241137773765375,0.152292275253504,0.135173173365751,0.13386099430377002,0.147371938487876
0.716746237698029,1.0,0.883975102294697,0.8264618696263539,0.791384061905521,0.7720999285706401,0.7518969781908209,0.7452303648778209,0.738180547423499,0.724123105396141,0.708155618243899,0.6871944478677321,0.665094917603217,0.6496945964356371,0.6265443863089829,0.6087807838861761,0.5931842026670611,0.581466652601706,0.5698446793280649,0.560542788697813,0.558774718871505,0.54987981881377,0.538414017224876,0.531321214417671,0.519103977536443,0.509839886964775,0.490810587928861,0.3831397568391339,0.23030223852723103,0.19698243738714397,0.17272959209385,0.18632742971654
0.6003289841665921,0.883975102294697,1.0,0.9394061730232959,0.8968523787424899,0.874643697117044,0.8490692012616199,0.838640784555944,0.8290403812944491,0.814918807430007,0.799457166507763,0.7792815928382208,0.760136695961885,0.746267947353338,0.726281486420532,0.711191395841828,0.6923528255342459,0.6802066920096719,0.667128672501004,0.655685365188787,0.651776743777402,0.639980857226955,0.628747989681167,0.6196515155048851,0.605885175632342,0.5919269807961011,0.5655460035668379,0.4348694636357979,0.255158464528804,0.223204246341418,0.19764854463819898,0.22736445539906197
0.554775831439941,0.8264618696263539,0.9394061730232959,1.0,0.96879499895637,0.95027852118974,0.9261695870618329,0.911774291457629,0.9018307294341071,0.889106535227562,0.8763994424105509,0.862870080314243,0.847032036398624,0.834374255647376,0.815495605390167,0.801527319481529,0.7850268256510501,0.7721947151949949,0.759629934989555,0.749336077734916,0.7434694711695391,0.730787288427687,0.719651377653825,0.712036521923576,0.6963604912690389,0.679078552507608,0.654898308146808,0.509326490605646,0.307995266729174,0.267430681185545,0.247348846801822,0.264258701907974
0.517580488303616,0.791384061905521,0.8968523787424899,0.96879499895637,1.0,0.979856326141866,0.957643645170667,0.942952443913085,0.9335313822993622,0.923900837369386,0.9131022788250409,0.901676354719965,0.8853917217743571,0.8719322691989091,0.8562241379213381,0.8408366176230849,0.82368146246465,0.8123622011718822,0.7991244432637,0.7905746205258269,0.783108802018598,0.7721407806503029,0.759021775773453,0.750821245408825,0.7355732236782929,0.7167644995007808,0.693877965034316,0.547167256191041,0.340017799436789,0.29635494876454604,0.27469959704423896,0.27358402485385996
0.502054000694186,0.7720999285706401,0.874643697117044,0.95027852118974,0.979856326141866,1.0,0.981651559709951,0.966836854247136,0.954564515265711,0.943374363118092,0.931365610063518,0.919312020557799,0.9040167053222551,0.8914493996935491,0.8761615542997611,0.861872078711828,0.8456648809126671,0.835134418222188,0.822470076637968,0.8139063657481259,0.807675740719489,0.79533084209797,0.784175275663,0.7775680497974351,0.7603613199406121,0.7413054025083791,0.7202418511998969,0.5745305452230229,0.36105029150691703,0.31714162065519297,0.300757562048083,0.299732425924693
0.48329785778791295,0.7518969781908209,0.8490692012616199,0.9261695870618329,0.957643645170667,0.981651559709951,1.0,0.9863767296995771,0.972548373130008,0.9597206329417071,0.9472948318609649,0.936144511535924,0.923016191884035,0.9101113228659059,0.8955857362896329,0.880858314440909,0.864910419800908,0.853755148079547,0.84006800383702,0.8318365061359491,0.826311961412397,0.8141298461757049,0.805125679590432,0.7981679363815759,0.780995225180945,0.7612161724921841,0.7394260172057671,0.590878414239942,0.37128538474834494,0.32488644333524797,0.30634532312636,0.315978192717659
0.480994393481288,0.7452303648778209,0.838640784555944,0.911774291457629,0.942952443913085,0.966836854247136,0.9863767296995771,1.0,0.988544440337082,0.973992938794076,0.9615494118745931,0.950564476389067,0.93759915776044,0.923038800018581,0.9087275437793121,0.8941961473548491,0.877514483435236,0.86544437687665,0.851532379997775,0.8434498850262541,0.8378847568586479,0.8274161222681851,0.817277247786271,0.810997812097055,0.7950733584937411,0.7773914581100642,0.754720199140195,0.6076021972742061,0.38701186269307397,0.34071059610284193,0.32192297087465005,0.32718050710112895
0.47689140874340996,0.738180547423499,0.8290403812944491,0.9018307294341071,0.9335313822993622,0.954564515265711,0.972548373130008,0.988544440337082,1.0,0.988268669238662,0.9757106008117071,0.964505402563617,0.950811356192562,0.9340814445097241,0.920879812843249,0.906372011147577,0.890087234565594,0.8785731909459351,0.8645252717045601,0.8567851841401399,0.8521323431109649,0.843470844418029,0.8332439740435821,0.826751128062277,0.811664636233938,0.794746168001327,0.774940524480478,0.628194105067551,0.405410543458104,0.358539081082998,0.34252763523713103,0.346629762530471
0.469748695504447,0.724123105396141,0.814918807430007,0.889106535227562,0.923900837369386,0.943374363118092,0.9597206329417071,0.973992938794076,0.988268669238662,1.0,0.9885098934265859,0.977304202493948,0.9644121950605649,0.947212434424537,0.933705998050376,0.919097810910967,0.9033810188594359,0.8932059967894921,0.8791634963457321,0.8709563186869099,0.866213303326818,0.8582003423533019,0.847026144671572,0.8410230264017572,0.826733243621278,0.8109839534782621,0.7915677284929941,0.641754446616548,0.418366013920564,0.37289790762885794,0.35944669553811603,0.362855453010979
0.457523703236604,0.708155618243899,0.799457166507763,0.8763994424105509,0.9131022788250409,0.931365610063518,0.9472948318609649,0.9615494118745931,0.9757106008117071,0.9885098934265859,1.0,0.9901223426332271,0.9773647192626099,0.959189683219053,0.947070529532223,0.9323327171345991,0.9178233167338931,0.907528177525004,0.893144022674035,0.886047613948221,0.8817390424073909,0.8732186203228709,0.862512806335185,0.8559043145107672,0.8414407771643391,0.8241534449471991,0.8054451796196669,0.652133817724676,0.423861442553918,0.37914323526413596,0.366260013044573,0.36597253422833703
0.44036220150217803,0.6871944478677321,0.7792815928382208,0.862870080314243,0.901676354719965,0.919312020557799,0.936144511535924,0.950564476389067,0.964505402563617,0.977304202493948,0.9901223426332271,1.0,0.9895846302974441,0.9730995431678471,0.960619034958294,0.946544812865157,0.93249455242817,0.9231398944443711,0.908870622070718,0.9017385831519091,0.8969809577582399,0.8887570828576631,0.8779534654876571,0.87139013567471,0.8569051430610558,0.8394571991073191,0.8214010963110859,0.666497124061556,0.4327756007570349,0.3887550173066379,0.37376196830507397,0.37398612002004294
0.420316274149276,0.665094917603217,0.760136695961885,0.847032036398624,0.8853917217743571,0.9040167053222551,0.923016191884035,0.93759915776044,0.950811356192562,0.9644121950605649,0.9773647192626099,0.9895846302974441,1.0,0.989289993248532,0.977569878407049,0.963486955959051,0.9493187221973259,0.9400306836155491,0.927838389432159,0.9200631811597529,0.914616642806298,0.90510408136699,0.894554294612208,0.8869009043197859,0.8725446027346049,0.8551551976760571,0.8363769885114859,0.67846491331348,0.43800749785483795,0.39399036847206304,0.38092216252330197,0.38286140584772704
0.407531613588432,0.6496945964356371,0.746267947353338,0.834374255647376,0.8719322691989091,0.8914493996935491,0.9101113228659059,0.923038800018581,0.9340814445097241,0.947212434424537,0.959189683219053,0.9730995431678471,0.989289993248532,1.0,0.991957094123432,0.979152053985813,0.9664693103178629,0.957851805264962,0.947235094752465,0.938482380967595,0.931154683624456,0.9218442107500191,0.911435479377812,0.904169500720453,0.8907936197937579,0.8747838647205591,0.85615421122005,0.703821842817785,0.4634731413121071,0.41871681893243895,0.40545859483269103,0.39898422413244
0.39146500325376204,0.6265443863089829,0.726281486420532,0.815495605390167,0.8562241379213381,0.8761615542997611,0.8955857362896329,0.9087275437793121,0.920879812843249,0.933705998050376,0.947070529532223,0.960619034958294,0.977569878407049,0.991957094123432,1.0,0.9911267955811099,0.980036169220306,0.971163598983464,0.9605598239205259,0.95149543160024,0.944011766752881,0.9355968379453091,0.9261801467961029,0.918086315670256,0.904648920213723,0.8894350677502729,0.871262162223443,0.71812297760861,0.474335754609695,0.43022908241605395,0.421352914600491,0.419235394390146
0.37761029279221103,0.6087807838861761,0.711191395841828,0.801527319481529,0.8408366176230849,0.861872078711828,0.880858314440909,0.8941961473548491,0.906372011147577,0.919097810910967,0.9323327171345991,0.946544812865157,0.963486955959051,0.979152053985813,0.9911267955811099,1.0,0.992261353485875,0.9843335061211049,0.974284098146503,0.965969941397461,0.9575183373699621,0.9500788151296359,0.9409513932139091,0.9332821907729109,0.9202360772700021,0.9046658601849571,0.887210997003984,0.7307697504584799,0.480568587223932,0.43800912409517995,0.431501010003451,0.43443252257416204
0.365677159868968,0.5931842026670611,0.6923528255342459,0.7850268256510501,0.82368146246465,0.8456648809126671,0.864910419800908,0.877514483435236,0.890087234565594,0.9033810188594359,0.9178233167338931,0.93249455242817,0.9493187221973259,0.9664693103178629,0.980036169220306,0.992261353485875,1.0,0.9936780284744,0.984066542460386,0.9775312446178721,0.9680719157549399,0.9598078998034091,0.9514792183150451,0.94380097562196,0.931102418124682,0.916147791245654,0.9001059834677378,0.748209804154086,0.499639321148167,0.458019874843226,0.450929255863455,0.45296407600053296
0.35498136096739397,0.581466652601706,0.6802066920096719,0.7721947151949949,0.8123622011718822,0.835134418222188,0.853755148079547,0.86544437687665,0.8785731909459351,0.8932059967894921,0.907528177525004,0.9231398944443711,0.9400306836155491,0.957851805264962,0.971163598983464,0.9843335061211049,0.9936780284744,1.0,0.9924498157197741,0.9855407044409621,0.9758871912861271,0.9672887506062199,0.959304978086527,0.951745725860982,0.938878204928889,0.92299685096838,0.908540880813374,0.7535093697610501,0.501070416001923,0.45793689044991903,0.449788348741251,0.454575576674015
0.345888387571622,0.5698446793280649,0.667128672501004,0.759629934989555,0.7991244432637,0.822470076637968,0.84006800383702,0.851532379997775,0.8645252717045601,0.8791634963457321,0.893144022674035,0.908870622070718,0.927838389432159,0.947235094752465,0.9605598239205259,0.974284098146503,0.984066542460386,0.9924498157197741,1.0,0.9938414424398841,0.985053446503519,0.976007647298828,0.96781266270204,0.959328322655623,0.946098682104381,0.931519852807409,0.9173643966278242,0.761036983778145,0.506844976972991,0.463167009161202,0.45756833726600105,0.457258393449078
0.33870831839922994,0.560542788697813,0.655685365188787,0.749336077734916,0.7905746205258269,0.8139063657481259,0.8318365061359491,0.8434498850262541,0.8567851841401399,0.8709563186869099,0.886047613948221,0.9017385831519091,0.9200631811597529,0.938482380967595,0.95149543160024,0.965969941397461,0.9775312446178721,0.9855407044409621,0.9938414424398841,1.0,0.992915274318077,0.9845423680919251,0.976907763938808,0.968033308412005,0.954029062732388,0.9390021476949691,0.9238225354120201,0.771995394393486,0.5194443153428979,0.47821825138532303,0.46930816329564795,0.464280014239495
0.338999810496137,0.558774718871505,0.651776743777402,0.7434694711695391,0.783108802018598,0.807675740719489,0.826311961412397,0.8378847568586479,0.8521323431109649,0.866213303326818,0.8817390424073909,0.8969809577582399,0.914616642806298,0.931154683624456,0.944011766752881,0.9575183373699621,0.9680719157549399,0.9758871912861271,0.985053446503519,0.992915274318077,1.0,0.991616039992692,0.9838459720105949,0.9743875715861591,0.961335379393321,0.944653223381846,0.9291213551568441,0.7758650229966441,0.520971541821734,0.477822915567289,0.47054740710917,0.46173096432046706
0.331965385386575,0.54987981881377,0.639980857226955,0.730787288427687,0.7721407806503029,0.79533084209797,0.8141298461757049,0.8274161222681851,0.843470844418029,0.8582003423533019,0.8732186203228709,0.8887570828576631,0.90510408136699,0.9218442107500191,0.9355968379453091,0.9500788151296359,0.9598078998034091,0.9672887506062199,0.976007647298828,0.9845423680919251,0.991616039992692,1.0,0.9926875052941372,0.9835028766993041,0.9717959165584509,0.9555767224012031,0.940148796260244,0.7865256700790072,0.526538335903311,0.485417884410808,0.483650745160034,0.47566692368281394
0.325282698173014,0.538414017224876,0.628747989681167,0.719651377653825,0.759021775773453,0.784175275663,0.805125679590432,0.817277247786271,0.8332439740435821,0.847026144671572,0.862512806335185,0.8779534654876571,0.894554294612208,0.911435479377812,0.9261801467961029,0.9409513932139091,0.9514792183150451,0.959304978086527,0.96781266270204,0.976907763938808,0.9838459720105949,0.9926875052941372,1.0,0.9921066184893341,0.979259244817563,0.961597863077966,0.9459488374583341,0.797320290232512,0.540193325136349,0.498384044788679,0.4945852468680739,0.48839466943628296
0.32134072004710196,0.531321214417671,0.6196515155048851,0.712036521923576,0.750821245408825,0.7775680497974351,0.7981679363815759,0.810997812097055,0.826751128062277,0.8410230264017572,0.8559043145107672,0.87139013567471,0.8869009043197859,0.904169500720453,0.918086315670256,0.9332821907729109,0.94380097562196,0.951745725860982,0.959328322655623,0.968033308412005,0.9743875715861591,0.9835028766993041,0.9921066184893341,1.0,0.9895617609495669,0.9718517432417041,0.9548790890921178,0.809617500204961,0.554086086618131,0.5116679627098579,0.5127918032143579,0.506812038126905
0.31454436191175,0.519103977536443,0.605885175632342,0.6963604912690389,0.7355732236782929,0.7603613199406121,0.780995225180945,0.7950733584937411,0.811664636233938,0.826733243621278,0.8414407771643391,0.8569051430610558,0.8725446027346049,0.8907936197937579,0.904648920213723,0.9202360772700021,0.931102418124682,0.938878204928889,0.946098682104381,0.954029062732388,0.961335379393321,0.9717959165584509,0.979259244817563,0.9895617609495669,1.0,0.9861241559550551,0.9687664015252491,0.8237625735496329,0.568165493799939,0.524102047566557,0.528608647239461,0.52081435150957
0.31079370390695,0.509839886964775,0.5919269807961011,0.679078552507608,0.7167644995007808,0.7413054025083791,0.7612161724921841,0.7773914581100642,0.794746168001327,0.8109839534782621,0.8241534449471991,0.8394571991073191,0.8551551976760571,0.8747838647205591,0.8894350677502729,0.9046658601849571,0.916147791245654,0.92299685096838,0.931519852807409,0.9390021476949691,0.944653223381846,0.9555767224012031,0.961597863077966,0.9718517432417041,0.9861241559550551,1.0,0.9847580273602908,0.844553442393318,0.5945395703914761,0.552035969114844,0.552226700676087,0.540037498196984
0.30041381238411496,0.490810587928861,0.5655460035668379,0.654898308146808,0.693877965034316,0.7202418511998969,0.7394260172057671,0.754720199140195,0.774940524480478,0.7915677284929941,0.8054451796196669,0.8214010963110859,0.8363769885114859,0.85615421122005,0.871262162223443,0.887210997003984,0.9001059834677378,0.908540880813374,0.9173643966278242,0.9238225354120201,0.9291213551568441,0.940148796260244,0.9459488374583341,0.9548790890921178,0.9687664015252491,0.9847580273602908,1.0,0.880493130997121,0.642922273224772,0.598283338544542,0.5973611424306929,0.555117678644121
0.241137773765375,0.3831397568391339,0.4348694636357979,0.509326490605646,0.547167256191041,0.5745305452230229,0.590878414239942,0.6076021972742061,0.628194105067551,0.641754446616548,0.652133817724676,0.666497124061556,0.67846491331348,0.703821842817785,0.71812297760861,0.7307697504584799,0.748209804154086,0.7535093697610501,0.761036983778145,0.771995394393486,0.7758650229966441,0.7865256700790072,0.797320290232512,0.809617500204961,0.8237625735496329,0.844553442393318,0.880493130997121,1.0,0.914515504401251,0.8768429314987,0.8008086676527428,0.580167890710439
0.152292275253504,0.23030223852723103,0.255158464528804,0.307995266729174,0.340017799436789,0.36105029150691703,0.37128538474834494,0.38701186269307397,0.405410543458104,0.418366013920564,0.423861442553918,0.4327756007570349,0.43800749785483795,0.4634731413121071,0.474335754609695,0.480568587223932,0.499639321148167,0.501070416001923,0.506844976972991,0.5194443153428979,0.520971541821734,0.526538335903311,0.540193325136349,0.554086086618131,0.568165493799939,0.5945395703914761,0.642922273224772,0.914515504401251,1.0,0.972634264926491,0.8410539949220429,0.519376192595649
0.135173173365751,0.19698243738714397,0.223204246341418,0.267430681185545,0.29635494876454604,0.31714162065519297,0.32488644333524797,0.34071059610284193,0.358539081082998,0.37289790762885794,0.37914323526413596,0.3887550173066379,0.39399036847206304,0.41871681893243895,0.43022908241605395,0.43800912409517995,0.458019874843226,0.45793689044991903,0.463167009161202,0.47821825138532303,0.477822915567289,0.485417884410808,0.498384044788679,0.5116679627098579,0.524102047566557,0.552035969114844,0.598283338544542,0.8768429314987,0.972634264926491,1.0,0.8887583004255221,0.56864364189689
0.13386099430377002,0.17272959209385,0.19764854463819898,0.247348846801822,0.27469959704423896,0.300757562048083,0.30634532312636,0.32192297087465005,0.34252763523713103,0.35944669553811603,0.366260013044573,0.37376196830507397,0.38092216252330197,0.40545859483269103,0.421352914600491,0.431501010003451,0.450929255863455,0.449788348741251,0.45756833726600105,0.46930816329564795,0.47054740710917,0.483650745160034,0.4945852468680739,0.5127918032143579,0.528608647239461,0.552226700676087,0.5973611424306929,0.8008086676527428,0.8410539949220429,0.8887583004255221,1.0,0.72694062425392
0.147371938487876,0.18632742971654,0.22736445539906197,0.264258701907974,0.27358402485385996,0.299732425924693,0.315978192717659,0.32718050710112895,0.346629762530471,0.362855453010979,0.36597253422833703,0.37398612002004294,0.38286140584772704,0.39898422413244,0.419235394390146,0.43443252257416204,0.45296407600053296,0.454575576674015,0.457258393449078,0.464280014239495,0.46173096432046706,0.47566692368281394,0.48839466943628296,0.506812038126905,0.52081435150957,0.540037498196984,0.555117678644121,0.580167890710439,0.519376192595649,0.56864364189689,0.72694062425392,1.0
