1.0,0.9661223134430741,0.8102324449330841,0.7180510536622959,0.681281027577739,0.608934025329235,0.5953139614591091,0.552102693444198,0.5057035185138,0.485049002720513,0.44393288618888,0.42122060123355604,0.39731512987643897,0.36440708444746894,0.33534540871776697,0.29186768680861996,0.25714773558580106,0.23178354955054198,0.19965818619604397,0.162716539490373,0.11994303554289998,0.0799865026591779,0.0445045495854113,0.013098938296847001,0.0069185196259552795,0.0104836389185957,0.0115282910224051,0.0126372888000672,0.0111161007081768,0.0195194556687668,0.0511454401626513,0.0570230973142854
0.9661223134430741,1.0,0.934049285152636,0.87097857759906,0.8297821014778269,0.74580492583192,0.733114522268793,0.684814039383261,0.630805165285124,0.605347350879151,0.554389881156077,0.528648786931364,0.5022342733629961,0.46391371738794496,0.42626174368885206,0.37024423807501794,0.32478227006800603,0.290710650513259,0.248333676392191,0.19740185884232997,0.139504713428405,0.0867526483163776,0.0421011515944686,0.00314317739779612,0.0118999029242216,0.0111907218270152,0.0101618804962398,0.00667647108356714,0.0046908244278893296,0.0419905614084827,0.07652334091975,0.0816301692073427
0.8102324449330841,0.934049285152636,1.0,0.9843297681802641,0.941656118176976,0.851060082987223,0.841088044839042,0.791194793012009,0.732749325593042,0.703517027332852,0.6446904495425899,0.6176624182673721,0.5907562175803679,0.549269457413248,0.503978338544152,0.4369284990204129,0.38173099569257796,0.33945415896027104,0.28767220138393396,0.22312714101391898,0.150834135614137,0.08632738058056001,0.0340249305201947,0.0109885096314046,0.0365986349473491,0.0399215924308173,0.0390307161923054,0.0326500314173543,0.0260355803529027,0.06834879525111401,0.103007686080675,0.10647161036195699
0.7180510536622959,0.87097857759906,0.9843297681802641,1.0,0.980330314080758,0.913486202888343,0.9024881967060809,0.848594050764856,0.7860209934580308,0.755649591267519,0.693608897246603,0.666659359846915,0.64019740606196,0.597897135104532,0.550764679252854,0.47999015155671,0.4215676638887961,0.37657561746360396,0.320891415070091,0.250487940230913,0.171174332909161,0.100174760852715,0.0423672754971876,0.007577033200190221,0.0393793855902211,0.0465930591896529,0.0471372095359199,0.0409796114748506,0.0332065040451381,0.0765587612957745,0.11050689352468099,0.11329034590702301
0.681281027577739,0.8297821014778269,0.941656118176976,0.980330314080758,1.0,0.9758069608271809,0.961035910389676,0.899963269866276,0.8315922450691059,0.8009094244560699,0.736833694413511,0.7101265456082919,0.6840281464544661,0.6412595783910721,0.5946630771702671,0.5227882472455471,0.46360670504757,0.41809265182342603,0.36036433166318893,0.286917784329986,0.20286061678800402,0.126535843333949,0.0627904553526851,0.007064357632326001,0.0292749274542085,0.0406735814475339,0.0435711593851221,0.0394858566049622,0.0325175477530595,0.0755617201914198,0.10912919020054901,0.111890218651491
0.608934025329235,0.74580492583192,0.851060082987223,0.913486202888343,0.9758069608271809,1.0,0.9830479346756801,0.918358778101341,0.847650052733368,0.8180079630221521,0.754454895297506,0.729219271397054,0.704692097928653,0.663275776188609,0.619436317791606,0.549537019429904,0.492132336816151,0.44803041566081003,0.390478291584285,0.316970723978662,0.23133864389751002,0.15243327964709802,0.085003576655924,0.0253032031029633,0.0147852788378524,0.0309706535144545,0.0367413913463922,0.035059315651062996,0.0294147919411359,0.0700946856751535,0.101863772381911,0.10456683913179401
0.5953139614591091,0.733114522268793,0.841088044839042,0.9024881967060809,0.961035910389676,0.9830479346756801,1.0,0.9753507511512579,0.9298282901417941,0.899980264406784,0.833140674460731,0.807608024445264,0.7826012623522879,0.73936714368744,0.696632769474782,0.624970554158666,0.5657853425485521,0.51973234444691,0.45768156863397597,0.383673560149206,0.294817725850761,0.212481897629974,0.145387063956876,0.0835179199940419,0.0342603784868585,0.00143958150725963,0.0142352755462276,0.0104207445844875,0.00764256535559402,0.0466648574874573,0.0822416530598096,0.087286987727056
0.552102693444198,0.684814039383261,0.791194793012009,0.848594050764856,0.899963269866276,0.918358778101341,0.9753507511512579,1.0,0.986840039377705,0.9580888547757171,0.8903051299983259,0.865565281967396,0.841107916099154,0.797633821847845,0.758154645012472,0.6875992179470639,0.628937496293381,0.58261111361728,0.517941664144048,0.44666551414014705,0.357932941371926,0.27517786635925395,0.21150874103288003,0.149816752532391,0.0917433535100111,0.0403804398601091,0.0134921456763203,0.0197012375820054,0.0189046117442662,0.0163647616014691,0.0549213619832959,0.062558318080837
0.5057035185138,0.630805165285124,0.732749325593042,0.7860209934580308,0.8315922450691059,0.847650052733368,0.9298282901417941,0.986840039377705,1.0,0.9842003364591841,0.9298824232664621,0.908448114711636,0.883484169492753,0.839152087548581,0.80298598111339,0.734232457631533,0.6763284073521121,0.629548370946302,0.5626938799947869,0.49727940075904203,0.41253205479965,0.331944051377067,0.27100609001551,0.20918039620021897,0.145018623779493,0.078612096132528,0.0422155811143759,0.0462772923731801,0.0410714274576648,0.0132120909155865,0.0232794114129202,0.0323271127857295
0.485049002720513,0.605347350879151,0.703517027332852,0.755649591267519,0.8009094244560699,0.8180079630221521,0.899980264406784,0.9580888547757171,0.9842003364591841,1.0,0.9803227646878271,0.965160887477998,0.936613207073396,0.8881878479799621,0.8531919583403821,0.783769498083516,0.7240130603372941,0.674147525689857,0.602767721639496,0.544731993015692,0.46604439779937396,0.387868996320505,0.32500085531327194,0.25937576536518697,0.19148719581586604,0.11477649649632002,0.0712502562853898,0.0655667223552394,0.0547570717705419,0.0384694111742221,0.010903313880325002,0.0022622058893929198
0.44393288618888,0.554389881156077,0.6446904495425899,0.693608897246603,0.736833694413511,0.754454895297506,0.833140674460731,0.8903051299983259,0.9298824232664621,0.9803227646878271,1.0,0.992396634595681,0.9609180765543571,0.9097350367393409,0.87734888698229,0.8097695481372661,0.750176343403984,0.698730401384456,0.62496726378203,0.577322334250605,0.508325146904239,0.43575487029225796,0.373079274496113,0.305665565229943,0.236153726594381,0.15081568303182,0.100963747362791,0.0846272550817131,0.0679730961431117,0.0651940231804152,0.0486068009523186,0.0407412469673808
0.42122060123355604,0.528648786931364,0.6176624182673721,0.666659359846915,0.7101265456082919,0.729219271397054,0.807608024445264,0.865565281967396,0.908448114711636,0.965160887477998,0.992396634595681,1.0,0.9868340942963492,0.951875237301207,0.922471878658952,0.8563339964378509,0.796780950983731,0.7438467496546899,0.6670125236096021,0.6212340462563679,0.552450206103686,0.47937810436169603,0.417919699873812,0.34970347347293196,0.27699868862724397,0.18181194743240603,0.125366193574526,0.0999009214522192,0.0784031930377381,0.0785368391899356,0.0633878387095985,0.0549998423363167
0.39731512987643897,0.5022342733629961,0.5907562175803679,0.64019740606196,0.6840281464544661,0.704692097928653,0.7826012623522879,0.841107916099154,0.883484169492753,0.936613207073396,0.9609180765543571,0.9868340942963492,1.0,0.9887646871352629,0.963036634839843,0.8992458723310591,0.8405684236586469,0.78688396494329,0.7077378143500022,0.6617851988532599,0.5911221396545849,0.51659199555372,0.45764570654876,0.389914624252664,0.314420204440263,0.209923342097052,0.147317936427966,0.11317420875362198,0.087252173647746,0.0869525221943543,0.0703980395422947,0.0611602264492773
0.36440708444746894,0.46391371738794496,0.549269457413248,0.597897135104532,0.6412595783910721,0.663275776188609,0.73936714368744,0.797633821847845,0.839152087548581,0.8881878479799621,0.9097350367393409,0.951875237301207,0.9887646871352629,1.0,0.982561687621522,0.9267982772124399,0.872624832724159,0.8196740677021059,0.739970805956266,0.6952883919200901,0.6243853324449,0.549877993237199,0.494531364531704,0.42830788075068704,0.351219647761472,0.23833846864249397,0.169994270319297,0.12561366819466802,0.0949268369706872,0.0952068782312996,0.0786726271538592,0.0689159880111235
0.33534540871776697,0.42626174368885206,0.503978338544152,0.550764679252854,0.5946630771702671,0.619436317791606,0.696632769474782,0.758154645012472,0.80298598111339,0.8531919583403821,0.87734888698229,0.922471878658952,0.963036634839843,0.982561687621522,1.0,0.9804668515586701,0.946186953069643,0.895928969842792,0.815840352296597,0.775200374525965,0.7046683713749159,0.629066071658239,0.575250014327487,0.507030836879352,0.425386827755754,0.296023533778716,0.21628494703356305,0.147422278366346,0.10647375895274099,0.11419480670289699,0.105014572887104,0.0957085100588457
0.29186768680861996,0.37024423807501794,0.4369284990204129,0.47999015155671,0.5227882472455471,0.549537019429904,0.624970554158666,0.6875992179470639,0.734232457631533,0.783769498083516,0.8097695481372661,0.8563339964378509,0.8992458723310591,0.9267982772124399,0.9804668515586701,1.0,0.988065462725746,0.9425646785884381,0.8651101508365941,0.8302897528405758,0.762829018899965,0.688939800000684,0.6387866870156012,0.571047386399853,0.487685061499908,0.34580009941344,0.257036933132793,0.164892453313926,0.11464430222661,0.129943219623814,0.128890739092779,0.12041473567831801
0.25714773558580106,0.32478227006800603,0.38173099569257796,0.4215676638887961,0.46360670504757,0.492132336816151,0.5657853425485521,0.628937496293381,0.6763284073521121,0.7240130603372941,0.750176343403984,0.796780950983731,0.8405684236586469,0.872624832724159,0.946186953069643,0.988065462725746,1.0,0.97876803566569,0.922342574477013,0.89185141754933,0.8230928900162859,0.747417515083854,0.698764093447172,0.629844253311053,0.543625233646618,0.38976444357626094,0.29259534968500606,0.18364152742885698,0.125804029877485,0.14708925388150598,0.151159515545918,0.14274887682967902
0.23178354955054198,0.290710650513259,0.33945415896027104,0.37657561746360396,0.41809265182342603,0.44803041566081003,0.51973234444691,0.58261111361728,0.629548370946302,0.674147525689857,0.698730401384456,0.7438467496546899,0.78688396494329,0.8196740677021059,0.895928969842792,0.9425646785884381,0.97876803566569,1.0,0.981954731562933,0.954229136799078,0.8801464287802209,0.799558398164181,0.7503618239054201,0.678896915395633,0.589099823471187,0.42481936160272493,0.32053430792619003,0.20223530052226898,0.13901260072488,0.16438360365763902,0.170377371055923,0.16130291869615898
0.19965818619604397,0.248333676392191,0.28767220138393396,0.320891415070091,0.36036433166318893,0.390478291584285,0.45768156863397597,0.517941664144048,0.5626938799947869,0.602767721639496,0.62496726378203,0.6670125236096021,0.7077378143500022,0.739970805956266,0.815840352296597,0.8651101508365941,0.922342574477013,0.981954731562933,1.0,0.9758694952994351,0.8996625382480641,0.8175747782436059,0.76972857331263,0.6986050371714609,0.608886148546905,0.441174676281129,0.33424885426943,0.211779702076932,0.145967736364665,0.174153639671933,0.18169655082371697,0.17235114825811
0.162716539490373,0.19740185884232997,0.22312714101391898,0.250487940230913,0.286917784329986,0.316970723978662,0.383673560149206,0.44666551414014705,0.49727940075904203,0.544731993015692,0.577322334250605,0.6212340462563679,0.6617851988532599,0.6952883919200901,0.775200374525965,0.8302897528405758,0.89185141754933,0.954229136799078,0.9758694952994351,1.0,0.97312344483339,0.922695354764239,0.8761561947754609,0.801808161553058,0.700585333538504,0.5070071388224481,0.38372653819154406,0.251596432056035,0.17730417393316,0.207988218506082,0.21174214143626802,0.199398956498432
0.11994303554289998,0.139504713428405,0.150834135614137,0.171174332909161,0.20286061678800402,0.23133864389751002,0.294817725850761,0.357932941371926,0.41253205479965,0.46604439779937396,0.508325146904239,0.552450206103686,0.5911221396545849,0.6243853324449,0.7046683713749159,0.762829018899965,0.8230928900162859,0.8801464287802209,0.8996625382480641,0.97312344483339,1.0,0.985729739853303,0.9426927169195392,0.868568781604666,0.760184307799572,0.549305031422591,0.415192723098092,0.279949142360094,0.200717420431422,0.232145290226137,0.231500555625472,0.216636037504456
0.0799865026591779,0.0867526483163776,0.08632738058056001,0.100174760852715,0.126535843333949,0.15243327964709802,0.212481897629974,0.27517786635925395,0.331944051377067,0.387868996320505,0.43575487029225796,0.47937810436169603,0.51659199555372,0.549877993237199,0.629066071658239,0.688939800000684,0.747417515083854,0.799558398164181,0.8175747782436059,0.922695354764239,0.985729739853303,1.0,0.973455986361558,0.911844305375908,0.8025782194760029,0.579268320835268,0.437399980961633,0.2986087719238161,0.21569161336608303,0.247618258177712,0.244373682572496,0.22794316113517002
0.0445045495854113,0.0421011515944686,0.0340249305201947,0.0423672754971876,0.0627904553526851,0.085003576655924,0.145387063956876,0.21150874103288003,0.27100609001551,0.32500085531327194,0.373079274496113,0.417919699873812,0.45764570654876,0.494531364531704,0.575250014327487,0.6387866870156012,0.698764093447172,0.7503618239054201,0.76972857331263,0.8761561947754609,0.9426927169195392,0.973455986361558,1.0,0.981601478339376,0.8786298104372909,0.633589137857222,0.478041999293405,0.32169958849810903,0.230391547856471,0.265035962170848,0.263078970769941,0.245833742648382
0.013098938296847001,0.00314317739779612,0.0109885096314046,0.007577033200190221,0.007064357632326001,0.0253032031029633,0.0835179199940419,0.149816752532391,0.20918039620021897,0.25937576536518697,0.305665565229943,0.34970347347293196,0.389914624252664,0.42830788075068704,0.507030836879352,0.571047386399853,0.629844253311053,0.678896915395633,0.6986050371714609,0.801808161553058,0.868568781604666,0.911844305375908,0.981601478339376,1.0,0.9064543275492328,0.653219220845222,0.49256675390802396,0.327920657826088,0.233314340135772,0.268821491913866,0.268018026114474,0.25079229551684395
0.0069185196259552795,0.0118999029242216,0.0365986349473491,0.0393793855902211,0.0292749274542085,0.0147852788378524,0.0342603784868585,0.0917433535100111,0.145018623779493,0.19148719581586604,0.236153726594381,0.27699868862724397,0.314420204440263,0.351219647761472,0.425386827755754,0.487685061499908,0.543625233646618,0.589099823471187,0.608886148546905,0.700585333538504,0.760184307799572,0.8025782194760029,0.8786298104372909,0.9064543275492328,1.0,0.910686680833265,0.8119542775490258,0.508342752096416,0.3461068550037801,0.373796102405188,0.35700289612771,0.329523696749551
0.0104836389185957,0.0111907218270152,0.0399215924308173,0.0465930591896529,0.0406735814475339,0.0309706535144545,0.00143958150725963,0.0403804398601091,0.078612096132528,0.11477649649632002,0.15081568303182,0.18181194743240603,0.209923342097052,0.23833846864249397,0.296023533778716,0.34580009941344,0.38976444357626094,0.42481936160272493,0.441174676281129,0.5070071388224481,0.549305031422591,0.579268320835268,0.633589137857222,0.653219220845222,0.910686680833265,1.0,0.9805698067045151,0.595765775904667,0.39624163665914797,0.411234935093466,0.381265819699364,0.34844840692883
0.0115282910224051,0.0101618804962398,0.0390307161923054,0.0471372095359199,0.0435711593851221,0.0367413913463922,0.0142352755462276,0.0134921456763203,0.0422155811143759,0.0712502562853898,0.100963747362791,0.125366193574526,0.147317936427966,0.169994270319297,0.21628494703356305,0.257036933132793,0.29259534968500606,0.32053430792619003,0.33424885426943,0.38372653819154406,0.415192723098092,0.437399980961633,0.478041999293405,0.49256675390802396,0.8119542775490258,0.9805698067045151,1.0,0.6004369827036871,0.39554470055837604,0.40358175914992206,0.36920909262383095,0.335886214401403
0.0126372888000672,0.00667647108356714,0.0326500314173543,0.0409796114748506,0.0394858566049622,0.035059315651062996,0.0104207445844875,0.0197012375820054,0.0462772923731801,0.0655667223552394,0.0846272550817131,0.0999009214522192,0.11317420875362198,0.12561366819466802,0.147422278366346,0.164892453313926,0.18364152742885698,0.20223530052226898,0.211779702076932,0.251596432056035,0.279949142360094,0.2986087719238161,0.32169958849810903,0.327920657826088,0.508342752096416,0.595765775904667,0.6004369827036871,1.0,0.971954494535483,0.885649336409293,0.52804694541736,0.39143673412601704
0.0111161007081768,0.0046908244278893296,0.0260355803529027,0.0332065040451381,0.0325175477530595,0.0294147919411359,0.00764256535559402,0.0189046117442662,0.0410714274576648,0.0547570717705419,0.0679730961431117,0.0784031930377381,0.087252173647746,0.0949268369706872,0.10647375895274099,0.11464430222661,0.125804029877485,0.13901260072488,0.145967736364665,0.17730417393316,0.200717420431422,0.21569161336608303,0.230391547856471,0.233314340135772,0.3461068550037801,0.39624163665914797,0.39554470055837604,0.971954494535483,1.0,0.898586193166571,0.4980455188737679,0.35095464086135
0.0195194556687668,0.0419905614084827,0.06834879525111401,0.0765587612957745,0.0755617201914198,0.0700946856751535,0.0466648574874573,0.0163647616014691,0.0132120909155865,0.0384694111742221,0.0651940231804152,0.0785368391899356,0.0869525221943543,0.0952068782312996,0.11419480670289699,0.129943219623814,0.14708925388150598,0.16438360365763902,0.174153639671933,0.207988218506082,0.232145290226137,0.247618258177712,0.265035962170848,0.268821491913866,0.373796102405188,0.411234935093466,0.40358175914992206,0.885649336409293,0.898586193166571,1.0,0.8262074033547729,0.723700746157136
0.0511454401626513,0.07652334091975,0.103007686080675,0.11050689352468099,0.10912919020054901,0.101863772381911,0.0822416530598096,0.0549213619832959,0.0232794114129202,0.010903313880325002,0.0486068009523186,0.0633878387095985,0.0703980395422947,0.0786726271538592,0.105014572887104,0.128890739092779,0.151159515545918,0.170377371055923,0.18169655082371697,0.21174214143626802,0.231500555625472,0.244373682572496,0.263078970769941,0.268018026114474,0.35700289612771,0.381265819699364,0.36920909262383095,0.52804694541736,0.4980455188737679,0.8262074033547729,1.0,0.986713682946766
0.0570230973142854,0.0816301692073427,0.10647161036195699,0.11329034590702301,0.111890218651491,0.10456683913179401,0.087286987727056,0.062558318080837,0.0323271127857295,0.0022622058893929198,0.0407412469673808,0.0549998423363167,0.0611602264492773,0.0689159880111235,0.0957085100588457,0.12041473567831801,0.14274887682967902,0.16130291869615898,0.17235114825811,0.199398956498432,0.216636037504456,0.22794316113517002,0.245833742648382,0.25079229551684395,0.329523696749551,0.34844840692883,0.335886214401403,0.39143673412601704,0.35095464086135,0.723700746157136,0.986713682946766,1.0
