1.0,0.7578021449883071,0.654475074947162,0.605729392635139,0.5732055346891949,0.5654338317249721,0.556195416284176,0.545548624831812,0.52848395814313,0.516606262666071,0.49842655472239,0.49007666210143797,0.472257974903808,0.46580378303611,0.45211498920601706,0.444921894021516,0.437489293111039,0.43445134011767,0.42237745036160296,0.42297270188100106,0.422561174089598,0.41596845418138795,0.397746527503792,0.39401757273630106,0.38339825064116606,0.360331027947686,0.334793140871825,0.30514239377885805,0.260336391757756,0.20564087748489604,0.0385141334505041,0.0641735769026041
0.7578021449883071,1.0,0.9007381943963442,0.8463567848372671,0.8097013923769609,0.795430237206425,0.78215069645356,0.7692349556345641,0.75166080540464,0.743914981973805,0.7249045206074258,0.7165771007017491,0.7050598640863102,0.693949917922219,0.680422222327855,0.6749162587430639,0.668932249502194,0.6677513708604129,0.655892597182027,0.655105292762829,0.6543955478359611,0.6463281604361529,0.6357754256615961,0.621746844849849,0.6104704096467309,0.5873281866564991,0.55533490301421,0.520899840551842,0.464362140078688,0.39380986138354207,0.172301029796923,0.0668699659561393
0.654475074947162,0.9007381943963442,1.0,0.957113660318206,0.918215881356074,0.8981951740611149,0.8809261901900749,0.8694489360032819,0.849736144887292,0.842811365711865,0.8284959211790609,0.823892697463668,0.812613059748066,0.8041048545412651,0.7927173413559822,0.7869026614238359,0.778264331800995,0.7758889139176559,0.765409593638252,0.7614703639530469,0.7582855377417521,0.7492468748402059,0.7379614740367791,0.725198742167972,0.7142426989618671,0.6922820771881489,0.665949734240025,0.6254617288415569,0.564990483439797,0.487305419803403,0.21829340562713298,0.117259331360496
0.605729392635139,0.8463567848372671,0.957113660318206,1.0,0.9678353627355469,0.943678464700364,0.926088686032131,0.908945394851048,0.8926315524250591,0.88305945147847,0.864711639802732,0.8570447336926541,0.845702674341896,0.835416628968658,0.8243006536854909,0.817970484915564,0.807566152254042,0.8054320888942759,0.7977151596270101,0.793456630126293,0.789402403405073,0.7808060106467758,0.7688511815545129,0.7566271429929179,0.747575410530229,0.723419970900058,0.698761875550137,0.662465512049994,0.597817729373516,0.509882092422724,0.23156135583630902,0.131000708172662
0.5732055346891949,0.8097013923769609,0.918215881356074,0.9678353627355469,1.0,0.977705571772404,0.9605593685133399,0.944414884507391,0.927883107974558,0.9172168206423751,0.898926137127683,0.8918826137648129,0.881071313302922,0.8702470721623949,0.861773169555081,0.853992167970575,0.8419658268398091,0.8382570052585291,0.829834653931378,0.826007844015429,0.8210788269033,0.813156385623253,0.803374397029918,0.7911625483286551,0.782962466263266,0.760273212219789,0.7392516020486272,0.702858799343634,0.631507738662505,0.543757321160026,0.265890104318516,0.163838553320096
0.5654338317249721,0.795430237206425,0.8981951740611149,0.943678464700364,0.977705571772404,1.0,0.9857771538304398,0.970324866472114,0.9537170267827461,0.943365405896884,0.926947396203802,0.9196566233245079,0.9099323238699419,0.8980460442705109,0.8871029208294431,0.8788609942192851,0.866930045847558,0.8621518369713481,0.853328060346072,0.8494048266670379,0.8441276280101191,0.836254187532747,0.82669823550058,0.8143871432737809,0.8034252493691542,0.7807997575957859,0.759142646289797,0.7228669972359051,0.652535659227499,0.560746542160293,0.295834357235776,0.17683956724529798
0.556195416284176,0.78215069645356,0.8809261901900749,0.926088686032131,0.9605593685133399,0.9857771538304398,1.0,0.9866802672165841,0.9696584241085451,0.958667814244773,0.9424326883436009,0.933110571426074,0.923092608635172,0.911278417616891,0.8991579846759731,0.891174419402194,0.8803772053151651,0.8759703677764571,0.8690141357144799,0.8646628776896841,0.8605250151561271,0.853436205544687,0.843173139317815,0.8314248173389008,0.819922017240044,0.7969477358414291,0.7776062358264939,0.742303764498425,0.6752002237041099,0.580019999860147,0.322627642424541,0.189215761334675
0.545548624831812,0.7692349556345641,0.8694489360032819,0.908945394851048,0.944414884507391,0.970324866472114,0.9866802672165841,1.0,0.9863191297440699,0.974129634787463,0.9574836948541849,0.9470736056017909,0.9373980206401709,0.925010609420566,0.912726169135157,0.904444042098205,0.8936890363657171,0.88980247401468,0.8834263271841751,0.878220990652461,0.8739957424441479,0.8658956968366229,0.85597699434963,0.8440420981393659,0.8330469443290259,0.812549892534898,0.79292522410576,0.757864709986108,0.6907106491777409,0.59409344856392,0.32900924871460496,0.20237199235702696
0.52848395814313,0.75166080540464,0.849736144887292,0.8926315524250591,0.927883107974558,0.9537170267827461,0.9696584241085451,0.9863191297440699,1.0,0.989002273873013,0.9734589725618058,0.9617468850674559,0.9500684639708729,0.937203963790787,0.9235757741184059,0.9151052672099359,0.903425142100252,0.898181676874239,0.891484284951629,0.8850972032749399,0.8825085478968749,0.873913539876054,0.862075357723884,0.84868356633992,0.8379485354362429,0.816872046660438,0.796112229803107,0.7589399727148171,0.6920936725106249,0.5937890780895579,0.32521276323500803,0.212880340174874
0.516606262666071,0.743914981973805,0.842811365711865,0.88305945147847,0.9172168206423751,0.943365405896884,0.958667814244773,0.974129634787463,0.989002273873013,1.0,0.988112297225758,0.975491266747226,0.9636038670837671,0.9515593506034541,0.9385576327014751,0.930313967279384,0.9188803167929259,0.9126682606656059,0.9064646269964901,0.90013337541475,0.8975417276536469,0.890421907547725,0.879261282706415,0.8653899062035442,0.854709709532932,0.8331824294869491,0.812162670363119,0.774233801211226,0.7051427166091329,0.6055706662748841,0.331867461104117,0.22037957675276604
0.49842655472239,0.7249045206074258,0.8284959211790609,0.864711639802732,0.898926137127683,0.926947396203802,0.9424326883436009,0.9574836948541849,0.9734589725618058,0.988112297225758,1.0,0.988886029935395,0.9760881571841941,0.963561023162123,0.9485042060986429,0.940243657490125,0.9287203558574558,0.922076496530761,0.9145470100779559,0.9076002462165609,0.9049528373616821,0.898587504453717,0.8872211464603209,0.8738242463027801,0.864083945839947,0.843928471362197,0.8220298936326841,0.7846026544016971,0.713639539541928,0.613549613092913,0.344324661693836,0.23383307377822302
0.49007666210143797,0.7165771007017491,0.823892697463668,0.8570447336926541,0.8918826137648129,0.9196566233245079,0.933110571426074,0.9470736056017909,0.9617468850674559,0.975491266747226,0.988886029935395,1.0,0.989727578831532,0.9770255104897758,0.962368387936412,0.9529831142035909,0.9412380181654381,0.934186267629208,0.925405388311397,0.9180422170421021,0.9138948001109721,0.9086679008903911,0.8967873623503241,0.8818678074949509,0.8720149476471241,0.853044327091832,0.8312370010717399,0.7939507502453449,0.7230507742229499,0.625740858552546,0.36415428653402204,0.24568027652427105
0.472257974903808,0.7050598640863102,0.812613059748066,0.845702674341896,0.881071313302922,0.9099323238699419,0.923092608635172,0.9373980206401709,0.9500684639708729,0.9636038670837671,0.9760881571841941,0.989727578831532,1.0,0.990480992256049,0.977835442122409,0.9667325034801909,0.9547488803995842,0.94748444849968,0.937495290167848,0.9294173140033659,0.925160961134582,0.9195080835946469,0.907242390410355,0.891282668702285,0.8810840782202409,0.8620038717609579,0.8382990870149079,0.8020861884754159,0.7320613978593309,0.633307072787586,0.366304602111453,0.249390805251536
0.46580378303611,0.693949917922219,0.8041048545412651,0.835416628968658,0.8702470721623949,0.8980460442705109,0.911278417616891,0.925010609420566,0.937203963790787,0.9515593506034541,0.963561023162123,0.9770255104897758,0.990480992256049,1.0,0.990151950711302,0.978500085026562,0.965252738066548,0.9565098165428059,0.946046577563986,0.9381217582429141,0.9329600803988759,0.926658841822617,0.914283637561228,0.898933897025358,0.8885984571059009,0.8685538875032299,0.8430256525614279,0.807113747044797,0.7362607049490909,0.637365058978427,0.37034616610171706,0.25521778221353303
0.45211498920601706,0.680422222327855,0.7927173413559822,0.8243006536854909,0.861773169555081,0.8871029208294431,0.8991579846759731,0.912726169135157,0.9235757741184059,0.9385576327014751,0.9485042060986429,0.962368387936412,0.977835442122409,0.990151950711302,1.0,0.99228175279827,0.9790695181806609,0.9693874027693571,0.9575867078976241,0.949205068540104,0.941903178279681,0.935557964690742,0.923066553880225,0.905848746570272,0.895181726519388,0.875672642680597,0.849448815130353,0.8132345879883571,0.743647852400582,0.648263721789004,0.37876956055100397,0.25927426299954703
0.444921894021516,0.6749162587430639,0.7869026614238359,0.817970484915564,0.853992167970575,0.8788609942192851,0.891174419402194,0.904444042098205,0.9151052672099359,0.930313967279384,0.940243657490125,0.9529831142035909,0.9667325034801909,0.978500085026562,0.99228175279827,1.0,0.9899448844431842,0.9801544521238349,0.9680212375173101,0.959360620863949,0.9512361003846751,0.944827900460676,0.93310335127353,0.91709541648702,0.907146456467568,0.8884123137792641,0.862894925000547,0.827421562651769,0.7562580330498492,0.665327486218574,0.387817960129345,0.26640662168534196
0.437489293111039,0.668932249502194,0.778264331800995,0.807566152254042,0.8419658268398091,0.866930045847558,0.8803772053151651,0.8936890363657171,0.903425142100252,0.9188803167929259,0.9287203558574558,0.9412380181654381,0.9547488803995842,0.965252738066548,0.9790695181806609,0.9899448844431842,1.0,0.9925038256623109,0.9816085563979229,0.971831658212305,0.9627085942186321,0.955497772232658,0.944121996068802,0.9270029230462159,0.9152884754193321,0.8972378877042231,0.871541733075648,0.8352572260779292,0.762744978436377,0.6736270040932361,0.39602014266358504,0.275154582995529
0.43445134011767,0.6677513708604129,0.7758889139176559,0.8054320888942759,0.8382570052585291,0.8621518369713481,0.8759703677764571,0.88980247401468,0.898181676874239,0.9126682606656059,0.922076496530761,0.934186267629208,0.94748444849968,0.9565098165428059,0.9693874027693571,0.9801544521238349,0.9925038256623109,1.0,0.9919935025338259,0.9829623408894609,0.9740766542804541,0.966290553256886,0.9549609063071249,0.9398073939397441,0.928757667393736,0.9125197014903029,0.889283496411893,0.854426171928833,0.783240900169348,0.694276364706018,0.412062296286983,0.27567205064158196
0.42237745036160296,0.655892597182027,0.765409593638252,0.7977151596270101,0.829834653931378,0.853328060346072,0.8690141357144799,0.8834263271841751,0.891484284951629,0.9064646269964901,0.9145470100779559,0.925405388311397,0.937495290167848,0.946046577563986,0.9575867078976241,0.9680212375173101,0.9816085563979229,0.9919935025338259,1.0,0.9921245255165391,0.98295468615001,0.974344200617453,0.9636466613890059,0.949694741625521,0.9381628571843879,0.9213879239454491,0.9011666134731691,0.8656723818245471,0.7967503739912359,0.7085484887839879,0.424753924958125,0.28984094222913104
0.42297270188100106,0.655105292762829,0.7614703639530469,0.793456630126293,0.826007844015429,0.8494048266670379,0.8646628776896841,0.878220990652461,0.8850972032749399,0.90013337541475,0.9076002462165609,0.9180422170421021,0.9294173140033659,0.9381217582429141,0.949205068540104,0.959360620863949,0.971831658212305,0.9829623408894609,0.9921245255165391,1.0,0.992925965562785,0.984570439239252,0.9749413225638441,0.962566993412403,0.9505702967894208,0.93319712829366,0.912259638035277,0.878347401297641,0.8091102397421209,0.7185447172990179,0.431892912960176,0.29982601917229806
0.422561174089598,0.6543955478359611,0.7582855377417521,0.789402403405073,0.8210788269033,0.8441276280101191,0.8605250151561271,0.8739957424441479,0.8825085478968749,0.8975417276536469,0.9049528373616821,0.9138948001109721,0.925160961134582,0.9329600803988759,0.941903178279681,0.9512361003846751,0.9627085942186321,0.9740766542804541,0.98295468615001,0.992925965562785,1.0,0.991477059898452,0.9815739990236971,0.9698533885372191,0.9587284167284079,0.9415022811283159,0.9212925080793409,0.8885835299891179,0.823971150020448,0.733980403395513,0.448080145919632,0.31371603073715504
0.41596845418138795,0.6463281604361529,0.7492468748402059,0.7808060106467758,0.813156385623253,0.836254187532747,0.853436205544687,0.8658956968366229,0.873913539876054,0.890421907547725,0.898587504453717,0.9086679008903911,0.9195080835946469,0.926658841822617,0.935557964690742,0.944827900460676,0.955497772232658,0.966290553256886,0.974344200617453,0.984570439239252,0.991477059898452,1.0,0.9916987562005269,0.9798472297252199,0.9679293298875259,0.950951676052461,0.929895522422749,0.895645261071,0.829486060303396,0.7403651541479119,0.455569666590423,0.309565441457661
0.397746527503792,0.6357754256615961,0.7379614740367791,0.7688511815545129,0.803374397029918,0.82669823550058,0.843173139317815,0.85597699434963,0.862075357723884,0.879261282706415,0.8872211464603209,0.8967873623503241,0.907242390410355,0.914283637561228,0.923066553880225,0.93310335127353,0.944121996068802,0.9549609063071249,0.9636466613890059,0.9749413225638441,0.9815739990236971,0.9916987562005269,1.0,0.989439613334064,0.9786546294373959,0.9633824286720041,0.940677140691769,0.90640202194539,0.8388252310727289,0.7497134903938879,0.468793926054892,0.32470039351085805
0.39401757273630106,0.621746844849849,0.725198742167972,0.7566271429929179,0.7911625483286551,0.8143871432737809,0.8314248173389008,0.8440420981393659,0.84868356633992,0.8653899062035442,0.8738242463027801,0.8818678074949509,0.891282668702285,0.898933897025358,0.905848746570272,0.91709541648702,0.9270029230462159,0.9398073939397441,0.949694741625521,0.962566993412403,0.9698533885372191,0.9798472297252199,0.989439613334064,1.0,0.990504814409475,0.975757377137313,0.954750375257252,0.9200602946573441,0.855751537084543,0.768823862790588,0.47789029331455296,0.33758475209121697
0.38339825064116606,0.6104704096467309,0.7142426989618671,0.747575410530229,0.782962466263266,0.8034252493691542,0.819922017240044,0.8330469443290259,0.8379485354362429,0.854709709532932,0.864083945839947,0.8720149476471241,0.8810840782202409,0.8885984571059009,0.895181726519388,0.907146456467568,0.9152884754193321,0.928757667393736,0.9381628571843879,0.9505702967894208,0.9587284167284079,0.9679293298875259,0.9786546294373959,0.990504814409475,1.0,0.987781215882618,0.9680349521306351,0.9370870754852021,0.876892035591896,0.7921844043125691,0.5040232556779,0.35621280951474604
0.360331027947686,0.5873281866564991,0.6922820771881489,0.723419970900058,0.760273212219789,0.7807997575957859,0.7969477358414291,0.812549892534898,0.816872046660438,0.8331824294869491,0.843928471362197,0.853044327091832,0.8620038717609579,0.8685538875032299,0.875672642680597,0.8884123137792641,0.8972378877042231,0.9125197014903029,0.9213879239454491,0.93319712829366,0.9415022811283159,0.950951676052461,0.9633824286720041,0.975757377137313,0.987781215882618,1.0,0.9835257312216771,0.954327461358885,0.8970083218218249,0.8161054627547369,0.535597061694809,0.37979499366005
0.334793140871825,0.55533490301421,0.665949734240025,0.698761875550137,0.7392516020486272,0.759142646289797,0.7776062358264939,0.79292522410576,0.796112229803107,0.812162670363119,0.8220298936326841,0.8312370010717399,0.8382990870149079,0.8430256525614279,0.849448815130353,0.862894925000547,0.871541733075648,0.889283496411893,0.9011666134731691,0.912259638035277,0.9212925080793409,0.929895522422749,0.940677140691769,0.954750375257252,0.9680349521306351,0.9835257312216771,1.0,0.976199398072653,0.924366830046042,0.8446914459304621,0.567317375691285,0.3976221836462229
0.30514239377885805,0.520899840551842,0.6254617288415569,0.662465512049994,0.702858799343634,0.7228669972359051,0.742303764498425,0.757864709986108,0.7589399727148171,0.774233801211226,0.7846026544016971,0.7939507502453449,0.8020861884754159,0.807113747044797,0.8132345879883571,0.827421562651769,0.8352572260779292,0.854426171928833,0.8656723818245471,0.878347401297641,0.8885835299891179,0.895645261071,0.90640202194539,0.9200602946573441,0.9370870754852021,0.954327461358885,0.976199398072653,1.0,0.9556304230668391,0.885059828117644,0.586822174627833,0.41868666040404795
0.260336391757756,0.464362140078688,0.564990483439797,0.597817729373516,0.631507738662505,0.652535659227499,0.6752002237041099,0.6907106491777409,0.6920936725106249,0.7051427166091329,0.713639539541928,0.7230507742229499,0.7320613978593309,0.7362607049490909,0.743647852400582,0.7562580330498492,0.762744978436377,0.783240900169348,0.7967503739912359,0.8091102397421209,0.823971150020448,0.829486060303396,0.8388252310727289,0.855751537084543,0.876892035591896,0.8970083218218249,0.924366830046042,0.9556304230668391,1.0,0.9513376424483929,0.658652890254553,0.45294571446728105
0.20564087748489604,0.39380986138354207,0.487305419803403,0.509882092422724,0.543757321160026,0.560746542160293,0.580019999860147,0.59409344856392,0.5937890780895579,0.6055706662748841,0.613549613092913,0.625740858552546,0.633307072787586,0.637365058978427,0.648263721789004,0.665327486218574,0.6736270040932361,0.694276364706018,0.7085484887839879,0.7185447172990179,0.733980403395513,0.7403651541479119,0.7497134903938879,0.768823862790588,0.7921844043125691,0.8161054627547369,0.8446914459304621,0.885059828117644,0.9513376424483929,1.0,0.726755713372183,0.473941872927479
0.0385141334505041,0.172301029796923,0.21829340562713298,0.23156135583630902,0.265890104318516,0.295834357235776,0.322627642424541,0.32900924871460496,0.32521276323500803,0.331867461104117,0.344324661693836,0.36415428653402204,0.366304602111453,0.37034616610171706,0.37876956055100397,0.387817960129345,0.39602014266358504,0.412062296286983,0.424753924958125,0.431892912960176,0.448080145919632,0.455569666590423,0.468793926054892,0.47789029331455296,0.5040232556779,0.535597061694809,0.567317375691285,0.586822174627833,0.658652890254553,0.726755713372183,1.0,0.547674300583388
0.0641735769026041,0.0668699659561393,0.117259331360496,0.131000708172662,0.163838553320096,0.17683956724529798,0.189215761334675,0.20237199235702696,0.212880340174874,0.22037957675276604,0.23383307377822302,0.24568027652427105,0.249390805251536,0.25521778221353303,0.25927426299954703,0.26640662168534196,0.275154582995529,0.27567205064158196,0.28984094222913104,0.29982601917229806,0.31371603073715504,0.309565441457661,0.32470039351085805,0.33758475209121697,0.35621280951474604,0.37979499366005,0.3976221836462229,0.41868666040404795,0.45294571446728105,0.473941872927479,0.547674300583388,1.0
