1.0,0.99552732081956,0.9792117841873441,0.94619993647909,0.891922526813318,0.8140181097583989,0.7143401041636641,0.5994215406687591,0.519167172487234,0.4938607872175921,0.46438923961989703,0.432308000400894,0.399109202426386,0.3660351259035129,0.33400097763925796,0.303603064830555,0.287423520177716,0.23690526182918697,0.20315679706256895,0.183315864535755,0.170685580114764,0.162031484752525,0.155758863718094,0.15101380339396697,0.14485545558141197,0.111318612338039,0.0894653609906542,0.0767599800780119,0.0687503181495201,0.0633037881356248,0.059379224839407004,0.056424096250533
0.99552732081956,1.0,0.9939952585768279,0.972538056343343,0.93065331573496,0.8652515499208471,0.7772579344195609,0.6723607478724649,0.5974869314924189,0.572631526245069,0.542758135376752,0.5095594445563101,0.47469785523676894,0.439586783447448,0.405291901969755,0.372529561663486,0.348837629190832,0.281400750267278,0.238151229016045,0.212985979533997,0.197041441428311,0.186145822069533,0.178262287415855,0.172305921716321,0.16584328341108098,0.12816322148363,0.103418517681449,0.0890009589955118,0.0799027637335814,0.0737124284054313,0.069250207704043,0.0658893296893098
0.9792117841873441,0.9939952585768279,1.0,0.99216578905876,0.965103152719634,0.914913917856711,0.8414377882942701,0.749320997486093,0.681516596995252,0.657461543881918,0.627456862709996,0.593335233305609,0.556937673862137,0.519860006550729,0.48333025932489293,0.448195809264302,0.41606776780861,0.329789450373356,0.276019230070579,0.24496865007965,0.22536377105791397,0.211993810406168,0.20233263853672895,0.195039920002946,0.18829712754338,0.146239703980994,0.118422793438756,0.102183393956012,0.09192618652022198,0.0849435900508122,0.0799085466056091,0.0761153075353346
0.94619993647909,0.972538056343343,0.99216578905876,1.0,0.9902572720894709,0.9581734202858231,0.9023512225189692,0.826178959283177,0.7674417289797031,0.744653800294655,0.7149399883665151,0.680265882318873,0.64264938247058,0.603871121352668,0.5653264479585439,0.527999883902166,0.48671231046843394,0.38019017682722905,0.315198372223314,0.27788465064991497,0.254388760524225,0.238390252124238,0.226841476593538,0.21813017566216397,0.211166582174602,0.16472935018336402,0.1338135332052,0.115732695850539,0.10430292323522301,0.0965183770073802,0.0909033069476495,0.0866721641880192
0.891922526813318,0.93065331573496,0.965103152719634,0.9902572720894709,1.0,0.9886898786645079,0.953576772990126,0.89658420044247,0.849038771780302,0.8280842384943341,0.7992436051740609,0.764594292570375,0.7263140800395179,0.6863566998095889,0.646278224412735,0.607197853125657,0.556463491262276,0.429344797190497,0.35304569554402704,0.309440200296675,0.282041322285621,0.26340850333280397,0.24996909394126798,0.239837526406363,0.23275647205958103,0.18229526171168103,0.148496451724401,0.128697118907206,0.11617152416176699,0.10763691274182198,0.10147906066545499,0.0968379836239506
0.8140181097583989,0.8652515499208471,0.914913917856711,0.9581734202858231,0.9886898786645079,1.0,0.987956501591565,0.9528633884484258,0.918408354717367,0.8998852939549549,0.8726139062437901,0.838746762401986,0.8005863515572299,0.7602302395186079,0.719373673328318,0.6792565001747429,0.6194539647341779,0.472924033860636,0.386110353656846,0.33667925499026397,0.305674178655022,0.28461041939569,0.269427788663726,0.25798747145032397,0.25093429947533397,0.19723941469179898,0.161072496448268,0.139854004816552,0.126421289820608,0.11726492780125901,0.110656751525219,0.105675358910575
0.7143401041636641,0.7772579344195609,0.8414377882942701,0.9023512225189692,0.953576772990126,0.987956501591565,1.0,0.9883331782398929,0.968200801695597,0.952625570299816,0.9276198774585269,0.8953627853380409,0.858230851318717,0.8184202991365049,0.7777297668378009,0.737494176942044,0.6697538706552371,0.50667151962639,0.411068280025448,0.35679890918673707,0.32280844412788695,0.299736102997552,0.283114969385243,0.27059566394990897,0.26373850644015395,0.207980603695419,0.17022806087959805,0.148048533468612,0.133998444612167,0.124417728240905,0.117501638373468,0.11228725552482101
0.5994215406687591,0.6723607478724649,0.749320997486093,0.826178959283177,0.89658420044247,0.9528633884484258,0.9883331782398929,1.0,0.994439402536038,0.9821321649985408,0.9599448396162992,0.930031309759112,0.894785140020096,0.8564480074600559,0.816878014219242,0.777472268872569,0.7035119309074399,0.527972481466046,0.42596614945999195,0.368210821008109,0.332081256173483,0.307574504539759,0.289928363977758,0.276641451361634,0.270138528310942,0.21366144893014002,0.17523612748397,0.15263232108038,0.138305012784467,0.128531945198363,0.121475444045932,0.116154372397122
0.519167172487234,0.5974869314924189,0.681516596995252,0.7674417289797031,0.849038771780302,0.918408354717367,0.968200801695597,0.994439402536038,1.0,0.994355671349182,0.978421994869527,0.954211235305433,0.924043873768418,0.890148463410708,0.8544130531193991,0.8182900114662119,0.7401468520836278,0.552594443199091,0.444202364902267,0.38293073579510295,0.344631111061498,0.318664182753928,0.299972222885118,0.285900826212489,0.280056752153,0.2224396072159,0.182961862358045,0.15969595166794598,0.14493646341904298,0.13486368822221198,0.127588484331004,0.12210127541170301
0.4938607872175921,0.572631526245069,0.657461543881918,0.744653800294655,0.8280842384943341,0.8998852939549549,0.952625570299816,0.9821321649985408,0.994355671349182,1.0,0.994821075510125,0.9805628502424429,0.9593881166456999,0.93346994273453,0.9047184235466049,0.874657072249006,0.793729686104243,0.591431917638218,0.4747562518532071,0.40884205172745003,0.367652388142622,0.339730782455726,0.31963402726712603,0.304506297424249,0.299646672135597,0.23932514731663504,0.197594966478246,0.17293995036793303,0.15728134299270702,0.14658794243077802,0.13886119249011902,0.13303166833627803
0.46438923961989703,0.542758135376752,0.627456862709996,0.7149399883665151,0.7992436051740609,0.8726139062437901,0.9276198774585269,0.9599448396162992,0.978421994869527,0.994821075510125,1.0,0.995427216362575,0.9830915560221679,0.965089927896935,0.9433333265754742,0.9193972933799659,0.836659336944785,0.622377112850481,0.499000941334203,0.429336949797969,0.3858146776798621,0.356316079275159,0.335086281680151,0.319106732269902,0.315241651151518,0.25296791185921197,0.20952166636289302,0.18379689328274001,0.167442696941775,0.15626794114578502,0.14819040802158498,0.142094659149214
0.432308000400894,0.5095594445563101,0.593335233305609,0.680265882318873,0.764594292570375,0.838746762401986,0.8953627853380409,0.930031309759112,0.954211235305433,0.9805628502424429,0.995427216362575,1.0,0.996087769139273,0.9856960634907299,0.970718683351852,0.9527651931957571,0.869106700692833,0.645584270731521,0.51707561318896,0.444545183534164,0.39924156854720005,0.368539374001109,0.346445148736882,0.329815903457282,0.326921983416958,0.263401409363442,0.218752532669987,0.19226524005881498,0.175411710376888,0.163890064942367,0.155559116470944,0.14927071255026
0.399109202426386,0.47469785523676894,0.556937673862137,0.64264938247058,0.7263140800395179,0.8005863515572299,0.858230851318717,0.894785140020096,0.924043873768418,0.9593881166456999,0.9830915560221679,0.996087769139273,1.0,0.996732931434938,0.9881490367283889,0.9758762495604559,0.8920473536588749,0.661796754248971,0.5295863679166289,0.45499474878341795,0.408412081678377,0.376846421808007,0.35413240872883095,0.33703752741339105,0.33506560296387605,0.27090878878157104,0.22551090117794198,0.19853386790402397,0.181355630444838,0.16960688935681797,0.161109338864384,0.15469391138835198
0.3660351259035129,0.439586783447448,0.519860006550729,0.603871121352668,0.6863566998095889,0.7602302395186079,0.8184202991365049,0.8564480074600559,0.890148463410708,0.93346994273453,0.965089927896935,0.9856960634907299,0.996732931434938,1.0,0.9973183657017229,0.990321611742658,0.9069105924624922,0.6720861279625389,0.537397118259037,0.461432025038426,0.41399908347404396,0.38186022952221,0.358735169116419,0.341331681797392,0.340215937022694,0.275916622069103,0.230144800303726,0.20290475117691398,0.18554728382026697,0.173671375631621,0.16507970089852697,0.15859207564473402
0.33400097763925796,0.405291901969755,0.48333025932489293,0.5653264479585439,0.646278224412735,0.719373673328318,0.7777297668378009,0.816878014219242,0.8544130531193991,0.9047184235466049,0.9433333265754742,0.970718683351852,0.9881490367283889,0.9973183657017229,1.0,0.99782342530928,0.915261654541332,0.677617607975592,0.5414425881586981,0.464661560234547,0.41672578622317896,0.38424887813286,0.36088183187912004,0.343296901537004,0.342963250785463,0.278897588956521,0.23304518280954503,0.205720498366658,0.188298558240499,0.17637442541893697,0.167745937169824,0.16122949533526199
0.303603064830555,0.372529561663486,0.448195809264302,0.527999883902166,0.607197853125657,0.6792565001747429,0.737494176942044,0.777472268872569,0.8182900114662119,0.874657072249006,0.9193972933799659,0.9527651931957571,0.9758762495604559,0.990321611742658,0.99782342530928,1.0,0.918582623866705,0.679489490607032,0.542600950576149,0.465437378127128,0.417268694717141,0.384636348511397,0.361158585106832,0.34349093261808195,0.343863508764394,0.28030261891198,0.234588195335175,0.20731274889021103,0.18991273238619896,0.17799991288221198,0.169377883461972,0.16286540572483
0.287423520177716,0.348837629190832,0.41606776780861,0.48671231046843394,0.556463491262276,0.6194539647341779,0.6697538706552371,0.7035119309074399,0.7401468520836278,0.793729686104243,0.836659336944785,0.869106700692833,0.8920473536588749,0.9069105924624922,0.915261654541332,0.918582623866705,1.0,0.9138777291794079,0.829978420845408,0.7768272574572399,0.741893443528457,0.717527595300198,0.699665199409026,0.6860458781195911,0.639581532167328,0.47115706674925795,0.36685623943413304,0.30710025913403005,0.269689314962284,0.24435262213933698,0.226144268640308,0.212459350441219
0.23690526182918697,0.281400750267278,0.329789450373356,0.38019017682722905,0.429344797190497,0.472924033860636,0.50667151962639,0.527972481466046,0.552594443199091,0.591431917638218,0.622377112850481,0.645584270731521,0.661796754248971,0.6720861279625389,0.677617607975592,0.679489490607032,0.9138777291794079,1.0,0.984957926174405,0.965582319231168,0.9502230994901079,0.938516406513947,0.9294761298962779,0.9223430918861378,0.835262805643791,0.5872417015270539,0.440254945248645,0.35717137971049706,0.305492736353455,0.27062691977770803,0.24563365049678798,0.226883047923542
0.20315679706256895,0.238151229016045,0.276019230070579,0.315198372223314,0.35304569554402704,0.386110353656846,0.411068280025448,0.42596614945999195,0.444202364902267,0.4747562518532071,0.499000941334203,0.51707561318896,0.5295863679166289,0.537397118259037,0.5414425881586981,0.542600950576149,0.829978420845408,0.984957926174405,1.0,0.996001359352235,0.989767360179272,0.984053764446581,0.9792356482153399,0.9752320107340992,0.8753668338524692,0.6062902825433979,0.44873459562708795,0.360017666913867,0.30493812940840404,0.267819047450744,0.24123010357772,0.221292827321425
0.183315864535755,0.212985979533997,0.24496865007965,0.27788465064991497,0.309440200296675,0.33667925499026397,0.35679890918673707,0.368210821008109,0.38293073579510295,0.40884205172745003,0.429336949797969,0.444545183534164,0.45499474878341795,0.461432025038426,0.464661560234547,0.465437378127128,0.7768272574572399,0.965582319231168,0.996001359352235,1.0,0.99855732929101,0.9960095644422791,0.993431124958978,0.991092594800147,0.8857933588418899,0.6089992883164761,0.44783458282046207,0.357249797330244,0.301060530056775,0.263213568272829,0.23611273233511898,0.21579669757219602
0.170685580114764,0.197041441428311,0.22536377105791397,0.254388760524225,0.282041322285621,0.305674178655022,0.32280844412788695,0.332081256173483,0.344631111061498,0.367652388142622,0.3858146776798621,0.39924156854720005,0.408412081678377,0.41399908347404396,0.41672578622317896,0.417268694717141,0.741893443528457,0.9502230994901079,0.989767360179272,0.99855732929101,1.0,0.999364833376424,0.998142451935361,0.996813716377828,0.888653362450547,0.6082852902821589,0.44557125399487196,0.35421219816610605,0.297572041237211,0.25943315295380104,0.232128878516429,0.21166332969285603
0.162031484752525,0.186145822069533,0.211993810406168,0.238390252124238,0.26340850333280397,0.28461041939569,0.299736102997552,0.307574504539759,0.318664182753928,0.339730782455726,0.356316079275159,0.368539374001109,0.376846421808007,0.38186022952221,0.38424887813286,0.384636348511397,0.717527595300198,0.938516406513947,0.984053764446581,0.9960095644422791,0.999364833376424,1.0,0.999679531595812,0.9990230760420079,0.889136160243524,0.6068426718320079,0.443359541958174,0.35163213091181206,0.29478294090458196,0.256511052201012,0.229115248237353,0.208583066116648
0.155758863718094,0.178262287415855,0.20233263853672895,0.226841476593538,0.24996909394126798,0.269427788663726,0.283114969385243,0.289928363977758,0.299972222885118,0.31963402726712603,0.335086281680151,0.346445148736882,0.35413240872883095,0.358735169116419,0.36088183187912004,0.361158585106832,0.699665199409026,0.9294761298962779,0.9792356482153399,0.993431124958978,0.998142451935361,0.999679531595812,1.0,0.9998216167321802,0.8887930043056491,0.6053496006049389,0.441446286836039,0.349527991585537,0.292574180132628,0.25423734555015,0.226797662525517,0.20623399035946
0.15101380339396697,0.172305921716321,0.195039920002946,0.21813017566216397,0.239837526406363,0.25798747145032397,0.27059566394990897,0.276641451361634,0.285900826212489,0.304506297424249,0.319106732269902,0.329815903457282,0.33703752741339105,0.341331681797392,0.343296901537004,0.34349093261808195,0.6860458781195911,0.9223430918861378,0.9752320107340992,0.991092594800147,0.996813716377828,0.9990230760420079,0.9998216167321802,1.0,0.8881659150790719,0.603982887715197,0.43983450008295594,0.347812159826802,0.290804067239643,0.252434781323785,0.22497381560977303,0.20439523361891002
0.14485545558141197,0.16584328341108098,0.18829712754338,0.211166582174602,0.23275647205958103,0.25093429947533397,0.26373850644015395,0.270138528310942,0.280056752153,0.299646672135597,0.315241651151518,0.326921983416958,0.33506560296387605,0.340215937022694,0.342963250785463,0.343863508764394,0.639581532167328,0.835262805643791,0.8753668338524692,0.8857933588418899,0.888653362450547,0.889136160243524,0.8887930043056491,0.8881659150790719,1.0,0.902665292418111,0.803316421882943,0.739725881317066,0.697922186628443,0.668819571745349,0.647530777933607,0.63133148616132
0.111318612338039,0.12816322148363,0.146239703980994,0.16472935018336402,0.18229526171168103,0.19723941469179898,0.207980603695419,0.21366144893014002,0.2224396072159,0.23932514731663504,0.25296791185921197,0.263401409363442,0.27090878878157104,0.275916622069103,0.278897588956521,0.28030261891198,0.47115706674925795,0.5872417015270539,0.6062902825433979,0.6089992883164761,0.6082852902821589,0.6068426718320079,0.6053496006049389,0.603982887715197,0.902665292418111,1.0,0.9814178712476359,0.957306481226928,0.938190655552315,0.923648092855139,0.9124420776282901,0.9036178960398571
0.0894653609906542,0.103418517681449,0.118422793438756,0.1338135332052,0.148496451724401,0.161072496448268,0.17022806087959805,0.17523612748397,0.182961862358045,0.197594966478246,0.20952166636289302,0.218752532669987,0.22551090117794198,0.230144800303726,0.23304518280954503,0.234588195335175,0.36685623943413304,0.440254945248645,0.44873459562708795,0.44783458282046207,0.44557125399487196,0.443359541958174,0.441446286836039,0.43983450008295594,0.803316421882943,0.9814178712476359,1.0,0.994986155859999,0.987171297574809,0.980022188655098,0.974006482085785,0.969017675607592
0.0767599800780119,0.0890009589955118,0.102183393956012,0.115732695850539,0.128697118907206,0.139854004816552,0.148048533468612,0.15263232108038,0.15969595166794598,0.17293995036793303,0.18379689328274001,0.19226524005881498,0.19853386790402397,0.20290475117691398,0.205720498366658,0.20731274889021103,0.30710025913403005,0.35717137971049706,0.360017666913867,0.357249797330244,0.35421219816610605,0.35163213091181206,0.349527991585537,0.347812159826802,0.739725881317066,0.957306481226928,0.994986155859999,1.0,0.9981902838772979,0.994999863861322,0.991777866726823,0.9888614590360649
0.0687503181495201,0.0799027637335814,0.09192618652022198,0.10430292323522301,0.11617152416176699,0.126421289820608,0.133998444612167,0.138305012784467,0.14493646341904298,0.15728134299270702,0.167442696941775,0.175411710376888,0.181355630444838,0.18554728382026697,0.188298558240499,0.18991273238619896,0.269689314962284,0.305492736353455,0.30493812940840404,0.301060530056775,0.297572041237211,0.29478294090458196,0.292574180132628,0.290804067239643,0.697922186628443,0.938190655552315,0.987171297574809,0.9981902838772979,1.0,0.999205205845896,0.9976785217147071,0.9960222515366759
0.0633037881356248,0.0737124284054313,0.0849435900508122,0.0965183770073802,0.10763691274182198,0.11726492780125901,0.124417728240905,0.128531945198363,0.13486368822221198,0.14658794243077802,0.15626794114578502,0.163890064942367,0.16960688935681797,0.173671375631621,0.17637442541893697,0.17799991288221198,0.24435262213933698,0.27062691977770803,0.267819047450744,0.263213568272829,0.25943315295380104,0.256511052201012,0.25423734555015,0.252434781323785,0.668819571745349,0.923648092855139,0.980022188655098,0.994999863861322,0.999205205845896,1.0,0.999600143200866,0.9987824913648079
0.059379224839407004,0.069250207704043,0.0799085466056091,0.0909033069476495,0.10147906066545499,0.110656751525219,0.117501638373468,0.121475444045932,0.127588484331004,0.13886119249011902,0.14819040802158498,0.155559116470944,0.161109338864384,0.16507970089852697,0.167745937169824,0.169377883461972,0.226144268640308,0.24563365049678798,0.24123010357772,0.23611273233511898,0.232128878516429,0.229115248237353,0.226797662525517,0.22497381560977303,0.647530777933607,0.9124420776282901,0.974006482085785,0.991777866726823,0.9976785217147071,0.999600143200866,1.0,0.9997780199212
0.056424096250533,0.0658893296893098,0.0761153075353346,0.0866721641880192,0.0968379836239506,0.105675358910575,0.11228725552482101,0.116154372397122,0.12210127541170301,0.13303166833627803,0.142094659149214,0.14927071255026,0.15469391138835198,0.15859207564473402,0.16122949533526199,0.16286540572483,0.212459350441219,0.226883047923542,0.221292827321425,0.21579669757219602,0.21166332969285603,0.208583066116648,0.20623399035946,0.20439523361891002,0.63133148616132,0.9036178960398571,0.969017675607592,0.9888614590360649,0.9960222515366759,0.9987824913648079,0.9997780199212,1.0
