1.0,0.713580479014028,0.6216657062273621,0.556933250865301,0.511611507441846,0.502994115809962,0.47715316514952205,0.45227703394181296,0.434213524975349,0.40116426629887797,0.38562320809495293,0.35580704685739295,0.331425157354351,0.309961252371175,0.29337108304091497,0.28344669732098,0.277117450145051,0.265288940680329,0.254446811344245,0.23907064010429502,0.22067312156861998,0.20041290987347501,0.179027855796632,0.158400416227293,0.14296579143361401,0.11405312102584401,0.109031378059856,0.0706907418349491,0.0440420149538663,0.0250850508264264,0.0431431464528959,0.0158347713300763
0.713580479014028,1.0,0.9143186692523879,0.839097050113918,0.801563912902939,0.781524659287634,0.7514281330056072,0.733659682163572,0.717529104633267,0.689605893452646,0.6755216922816889,0.64294128527181,0.6114764064956879,0.585143334793186,0.5590864734808979,0.5519707342697261,0.545670076979001,0.5366704258487449,0.526306466190362,0.506248430068588,0.489658162446386,0.467158976070899,0.43845207760384297,0.407823559957012,0.382575766700951,0.34758844304074293,0.32971780664085,0.277844272149209,0.224582163053971,0.172302371546619,0.14013617024388098,0.0531284003914515
0.6216657062273621,0.9143186692523879,1.0,0.940088085771141,0.900621024460146,0.874083200176686,0.8441485679962879,0.8268959181436379,0.8058220638092959,0.7839743832029201,0.765956007576596,0.7374702396454829,0.710736769556697,0.683261007048506,0.661577460844142,0.650934356448823,0.642306470264022,0.6338010032162099,0.6191897150120489,0.6020412537751141,0.584106672590229,0.563759904577822,0.536958025451146,0.5039371409502511,0.47677841961187295,0.44528904029286803,0.422664368916886,0.36653592698650606,0.307748150858181,0.240934521489396,0.181046934687678,0.0688774135145206
0.556933250865301,0.839097050113918,0.940088085771141,1.0,0.9655687166465942,0.9340293917146021,0.9035598405895491,0.884715100994398,0.861828679187645,0.8414097393254649,0.821982974766452,0.795952066827002,0.766975806003745,0.7388484588289599,0.7195947207539591,0.7083417612701159,0.697718663557204,0.6891468618485689,0.672647854308085,0.654983873185889,0.636634619155159,0.6149174398074039,0.5902828613175369,0.5607287461426379,0.534770448265612,0.510219467619053,0.48460330333458795,0.42661157371443303,0.356408232304996,0.27845582656119106,0.196398057414212,0.0872510234648883
0.511611507441846,0.801563912902939,0.900621024460146,0.9655687166465942,1.0,0.96830256445319,0.9408843393930509,0.918538795436169,0.895073858731367,0.8747212476516059,0.853074828031991,0.8294317757828901,0.802019520669049,0.7764935428196651,0.7580837503259459,0.74534652766329,0.7359467350234861,0.7273617871170741,0.712355101585958,0.69551778431939,0.6753162573165511,0.6556259517331079,0.630999229603594,0.602764826746343,0.5762635599880059,0.5521678910774929,0.524635700850095,0.462919203778114,0.39506498583994704,0.321417713178687,0.229166632446163,0.112018108039346
0.502994115809962,0.781524659287634,0.874083200176686,0.9340293917146021,0.96830256445319,1.0,0.977422758498944,0.9532298240319119,0.9303551532432192,0.90782451721435,0.8882449090291591,0.8648913933152971,0.8407707567351009,0.812333670747585,0.7936155543785369,0.7808947573147859,0.771384835475063,0.7640945644974241,0.7503745386033259,0.7342374429227959,0.71804401437774,0.6970846916794481,0.6725317512575419,0.644939777467399,0.6168711709125649,0.593489547275594,0.564828337313558,0.503902708439591,0.43822985451137103,0.36100252093599,0.26298573219298704,0.11759939417439802
0.47715316514952205,0.7514281330056072,0.8441485679962879,0.9035598405895491,0.9408843393930509,0.977422758498944,1.0,0.978579403945539,0.9570955603594871,0.936593304796925,0.9173395544890078,0.8951559705838029,0.8721278869584058,0.8429586654137992,0.8261178790585769,0.8145007661310959,0.8028781552736859,0.7946125441066079,0.7809368643285258,0.7661228235835841,0.7523246441329791,0.730905325488154,0.709325376771124,0.681444429049816,0.6540834576286989,0.632853040743041,0.6033351820784599,0.544633864354706,0.48069483479698605,0.403247791171895,0.296649605493642,0.131435476766888
0.45227703394181296,0.733659682163572,0.8268959181436379,0.884715100994398,0.918538795436169,0.9532298240319119,0.978579403945539,1.0,0.9816438185438001,0.9624963521256469,0.9450468782884559,0.9269075688273392,0.9051311873864691,0.879437578772708,0.8618755170301421,0.851868428280578,0.8395332599274109,0.831372274207109,0.81748601448586,0.803104827625122,0.7912918002857651,0.7705847434695229,0.747903406302027,0.720441872081513,0.6963313044481221,0.673244552892563,0.6449688265735091,0.58530393285923,0.518557039642428,0.4431270824579939,0.325235368609412,0.148203769329322
0.434213524975349,0.717529104633267,0.8058220638092959,0.861828679187645,0.895073858731367,0.9303551532432192,0.9570955603594871,0.9816438185438001,1.0,0.984064894418926,0.968474985221654,0.9488857399837959,0.925758263027957,0.9016660643096641,0.8836098092366709,0.8744604029522092,0.861937109269012,0.852226869352735,0.839132073030645,0.825261221916179,0.8144771865439759,0.794001154168622,0.771957415737879,0.745254497196597,0.721429355838095,0.6969450770588829,0.668270725951881,0.606665259948745,0.537943754194585,0.45887005654931606,0.34060728562198994,0.163738645766311
0.40116426629887797,0.689605893452646,0.7839743832029201,0.8414097393254649,0.8747212476516059,0.90782451721435,0.936593304796925,0.9624963521256469,0.984064894418926,1.0,0.9861379583458969,0.968483700386951,0.946334051054146,0.92262228934698,0.90441250792565,0.894744414578563,0.883937486077487,0.875485442873881,0.8634780566410071,0.849116320438004,0.8388682186211871,0.8193902929990691,0.7970843615349409,0.77227802366763,0.7503327975572759,0.727948861324603,0.697455172356657,0.637850570152084,0.567450403843937,0.492566895910685,0.36701503049000106,0.18222363165430397
0.38562320809495293,0.6755216922816889,0.765956007576596,0.821982974766452,0.853074828031991,0.8882449090291591,0.9173395544890078,0.9450468782884559,0.968474985221654,0.9861379583458969,1.0,0.9860226252442109,0.9658102669285029,0.9426732675238959,0.923510847499913,0.9128429040480129,0.9022893254845491,0.894893513300447,0.883006098056878,0.8693692040939829,0.8614195820762759,0.843734610552908,0.8228074374885529,0.799760665872516,0.7776157336222701,0.754176891623386,0.725347674696867,0.6688918264431,0.5992046974983779,0.528459948333435,0.4001197305146,0.185774657460279
0.35580704685739295,0.64294128527181,0.7374702396454829,0.795952066827002,0.8294317757828901,0.8648913933152971,0.8951559705838029,0.9269075688273392,0.9488857399837959,0.968483700386951,0.9860226252442109,1.0,0.98578239775765,0.96667430494189,0.9484926734992941,0.9378200622122019,0.9290648944691801,0.9218915577261869,0.91033913890111,0.8971973281356891,0.889988932713359,0.872847757396508,0.853943947072807,0.834695463174744,0.813964366832891,0.7898678191255291,0.76422771542164,0.708454108540647,0.640075342103682,0.569178852301321,0.444726758604458,0.20872067350020398
0.331425157354351,0.6114764064956879,0.710736769556697,0.766975806003745,0.802019520669049,0.8407707567351009,0.8721278869584058,0.9051311873864691,0.925758263027957,0.946334051054146,0.9658102669285029,0.98578239775765,1.0,0.986976876385252,0.9690470438532219,0.9588429433702309,0.948888716048058,0.9417699204991309,0.9294587393864291,0.9176690650298409,0.910413002834633,0.8956568324088,0.879096565445057,0.8619321377866779,0.839860868371086,0.8147112566411769,0.7916726029044201,0.7388434219636228,0.6718647877353691,0.5996011163806361,0.47462186333827505,0.226778412079953
0.309961252371175,0.585143334793186,0.683261007048506,0.7388484588289599,0.7764935428196651,0.812333670747585,0.8429586654137992,0.879437578772708,0.9016660643096641,0.92262228934698,0.9426732675238959,0.96667430494189,0.986976876385252,1.0,0.987509262757909,0.9760225201616791,0.9641131257803941,0.955066211615208,0.9432049396841179,0.9312631136373409,0.923421867930672,0.91081784247905,0.8971075333896309,0.8826379397286959,0.8604711774632929,0.8344707273766581,0.8139248059734809,0.767852329529162,0.7049742192406879,0.627775467720799,0.49241560192285605,0.234706622303357
0.29337108304091497,0.5590864734808979,0.661577460844142,0.7195947207539591,0.7580837503259459,0.7936155543785369,0.8261178790585769,0.8618755170301421,0.8836098092366709,0.90441250792565,0.923510847499913,0.9484926734992941,0.9690470438532219,0.987509262757909,1.0,0.990640516382076,0.976885472670148,0.966164857471871,0.953469629110556,0.9420796445951429,0.9348347394790619,0.9219403355900491,0.908627307764618,0.894428780357984,0.873488914864715,0.8482393580678791,0.828130548506521,0.783991067669133,0.7245164206650359,0.644736611767365,0.50616517402788,0.23811011385550102
0.28344669732098,0.5519707342697261,0.650934356448823,0.7083417612701159,0.74534652766329,0.7808947573147859,0.8145007661310959,0.851868428280578,0.8744604029522092,0.894744414578563,0.9128429040480129,0.9378200622122019,0.9588429433702309,0.9760225201616791,0.990640516382076,1.0,0.989698816747809,0.9780036475056479,0.965276861798232,0.9553829324125391,0.947497030281563,0.933455204598632,0.919389564879196,0.9033405079785221,0.881396465577501,0.8578887563861741,0.837238959228872,0.795550918479445,0.7354281586218001,0.652862663988544,0.517999638050511,0.256933504552882
0.277117450145051,0.545670076979001,0.642306470264022,0.697718663557204,0.7359467350234861,0.771384835475063,0.8028781552736859,0.8395332599274109,0.861937109269012,0.883937486077487,0.9022893254845491,0.9290648944691801,0.948888716048058,0.9641131257803941,0.976885472670148,0.989698816747809,1.0,0.9899110008524029,0.9763193038615559,0.966502105889016,0.957171164100381,0.9430491308455891,0.928659431492694,0.9128262303908271,0.890548138518436,0.8672210981101399,0.8474456221309741,0.8061135501473381,0.7456772752573628,0.6616130425771279,0.5270820500922481,0.259372026170705
0.265288940680329,0.5366704258487449,0.6338010032162099,0.6891468618485689,0.7273617871170741,0.7640945644974241,0.7946125441066079,0.831372274207109,0.852226869352735,0.875485442873881,0.894893513300447,0.9218915577261869,0.9417699204991309,0.955066211615208,0.966164857471871,0.9780036475056479,0.9899110008524029,1.0,0.989970403327183,0.979782406947182,0.971359740251748,0.957606860233085,0.943678376519019,0.9273992021449392,0.9067211577608091,0.883757242122425,0.862466078192192,0.8195235456592099,0.7563231661803851,0.6699615675417839,0.532953844535231,0.25922241444981997
0.254446811344245,0.526306466190362,0.6191897150120489,0.672647854308085,0.712355101585958,0.7503745386033259,0.7809368643285258,0.81748601448586,0.839132073030645,0.8634780566410071,0.883006098056878,0.91033913890111,0.9294587393864291,0.9432049396841179,0.953469629110556,0.965276861798232,0.9763193038615559,0.989970403327183,1.0,0.9902714411926229,0.981763064865766,0.969047032150352,0.954980189585432,0.938243897825702,0.918968549451452,0.8964193765422299,0.876257034859563,0.832726216870613,0.769730485557218,0.680790832296046,0.5437794675783061,0.26303671717088895
0.23907064010429502,0.506248430068588,0.6020412537751141,0.654983873185889,0.69551778431939,0.7342374429227959,0.7661228235835841,0.803104827625122,0.825261221916179,0.849116320438004,0.8693692040939829,0.8971973281356891,0.9176690650298409,0.9312631136373409,0.9420796445951429,0.9553829324125391,0.966502105889016,0.979782406947182,0.9902714411926229,1.0,0.991712793988221,0.978916048319895,0.964671684291907,0.9486463632936619,0.9294392022950541,0.909370272459597,0.889504937643133,0.845530878832763,0.7816577884304251,0.690433802711228,0.54609262847575,0.267119195518625
0.22067312156861998,0.489658162446386,0.584106672590229,0.636634619155159,0.6753162573165511,0.71804401437774,0.7523246441329791,0.7912918002857651,0.8144771865439759,0.8388682186211871,0.8614195820762759,0.889988932713359,0.910413002834633,0.923421867930672,0.9348347394790619,0.947497030281563,0.957171164100381,0.971359740251748,0.981763064865766,0.991712793988221,1.0,0.989466437570458,0.9775764862166161,0.962576331703503,0.9437613040750821,0.923172325234147,0.902328524549025,0.8597614373538249,0.797651190464585,0.708822419963396,0.562287529724869,0.28443249897392703
0.20041290987347501,0.467158976070899,0.563759904577822,0.6149174398074039,0.6556259517331079,0.6970846916794481,0.730905325488154,0.7705847434695229,0.794001154168622,0.8193902929990691,0.843734610552908,0.872847757396508,0.8956568324088,0.91081784247905,0.9219403355900491,0.933455204598632,0.9430491308455891,0.957606860233085,0.969047032150352,0.978916048319895,0.989466437570458,1.0,0.9892207486453259,0.974611822923039,0.9568595314151751,0.935985317894958,0.9140599293978859,0.8712545362926669,0.809208471797221,0.7181990821593471,0.5740761205508029,0.29109860980712104
0.179027855796632,0.43845207760384297,0.536958025451146,0.5902828613175369,0.630999229603594,0.6725317512575419,0.709325376771124,0.747903406302027,0.771957415737879,0.7970843615349409,0.8228074374885529,0.853943947072807,0.879096565445057,0.8971075333896309,0.908627307764618,0.919389564879196,0.928659431492694,0.943678376519019,0.954980189585432,0.964671684291907,0.9775764862166161,0.9892207486453259,1.0,0.9870342226535541,0.971602756301746,0.951963539926572,0.933271634315909,0.8946943866479179,0.8372193648120999,0.7434270001294542,0.591235427172189,0.306940331274553
0.158400416227293,0.407823559957012,0.5039371409502511,0.5607287461426379,0.602764826746343,0.644939777467399,0.681444429049816,0.720441872081513,0.745254497196597,0.77227802366763,0.799760665872516,0.834695463174744,0.8619321377866779,0.8826379397286959,0.894428780357984,0.9033405079785221,0.9128262303908271,0.9273992021449392,0.938243897825702,0.9486463632936619,0.962576331703503,0.974611822923039,0.9870342226535541,1.0,0.986484336574322,0.96709466782478,0.948814382846271,0.91125381753258,0.8579686269544008,0.768007936551771,0.6099871765929039,0.314732186007386
0.14296579143361401,0.382575766700951,0.47677841961187295,0.534770448265612,0.5762635599880059,0.6168711709125649,0.6540834576286989,0.6963313044481221,0.721429355838095,0.7503327975572759,0.7776157336222701,0.813964366832891,0.839860868371086,0.8604711774632929,0.873488914864715,0.881396465577501,0.890548138518436,0.9067211577608091,0.918968549451452,0.9294392022950541,0.9437613040750821,0.9568595314151751,0.971602756301746,0.986484336574322,1.0,0.984236850421765,0.966831716536398,0.932579834447927,0.8822805771931259,0.784770559576266,0.6185386042395,0.326273933044786
0.11405312102584401,0.34758844304074293,0.44528904029286803,0.510219467619053,0.5521678910774929,0.593489547275594,0.632853040743041,0.673244552892563,0.6969450770588829,0.727948861324603,0.754176891623386,0.7898678191255291,0.8147112566411769,0.8344707273766581,0.8482393580678791,0.8578887563861741,0.8672210981101399,0.883757242122425,0.8964193765422299,0.909370272459597,0.923172325234147,0.935985317894958,0.951963539926572,0.96709466782478,0.984236850421765,1.0,0.983807936827226,0.9518854218506079,0.902256437288363,0.799855322620225,0.6188305308490589,0.34107713479869395
0.109031378059856,0.32971780664085,0.422664368916886,0.48460330333458795,0.524635700850095,0.564828337313558,0.6033351820784599,0.6449688265735091,0.668270725951881,0.697455172356657,0.725347674696867,0.76422771542164,0.7916726029044201,0.8139248059734809,0.828130548506521,0.837238959228872,0.8474456221309741,0.862466078192192,0.876257034859563,0.889504937643133,0.902328524549025,0.9140599293978859,0.933271634315909,0.948814382846271,0.966831716536398,0.983807936827226,1.0,0.9735057504479492,0.9279766642743441,0.822548334406158,0.6443523695726011,0.35163934444507206
0.0706907418349491,0.277844272149209,0.36653592698650606,0.42661157371443303,0.462919203778114,0.503902708439591,0.544633864354706,0.58530393285923,0.606665259948745,0.637850570152084,0.6688918264431,0.708454108540647,0.7388434219636228,0.767852329529162,0.783991067669133,0.795550918479445,0.8061135501473381,0.8195235456592099,0.832726216870613,0.845530878832763,0.8597614373538249,0.8712545362926669,0.8946943866479179,0.91125381753258,0.932579834447927,0.9518854218506079,0.9735057504479492,1.0,0.965969306258085,0.856078494346644,0.6713149265258671,0.368170483250713
0.0440420149538663,0.224582163053971,0.307748150858181,0.356408232304996,0.39506498583994704,0.43822985451137103,0.48069483479698605,0.518557039642428,0.537943754194585,0.567450403843937,0.5992046974983779,0.640075342103682,0.6718647877353691,0.7049742192406879,0.7245164206650359,0.7354281586218001,0.7456772752573628,0.7563231661803851,0.769730485557218,0.7816577884304251,0.797651190464585,0.809208471797221,0.8372193648120999,0.8579686269544008,0.8822805771931259,0.902256437288363,0.9279766642743441,0.965969306258085,1.0,0.898833641445277,0.7205141972731529,0.403218396821167
0.0250850508264264,0.172302371546619,0.240934521489396,0.27845582656119106,0.321417713178687,0.36100252093599,0.403247791171895,0.4431270824579939,0.45887005654931606,0.492566895910685,0.528459948333435,0.569178852301321,0.5996011163806361,0.627775467720799,0.644736611767365,0.652862663988544,0.6616130425771279,0.6699615675417839,0.680790832296046,0.690433802711228,0.708822419963396,0.7181990821593471,0.7434270001294542,0.768007936551771,0.784770559576266,0.799855322620225,0.822548334406158,0.856078494346644,0.898833641445277,1.0,0.865771862760037,0.533891872053896
0.0431431464528959,0.14013617024388098,0.181046934687678,0.196398057414212,0.229166632446163,0.26298573219298704,0.296649605493642,0.325235368609412,0.34060728562198994,0.36701503049000106,0.4001197305146,0.444726758604458,0.47462186333827505,0.49241560192285605,0.50616517402788,0.517999638050511,0.5270820500922481,0.532953844535231,0.5437794675783061,0.54609262847575,0.562287529724869,0.5740761205508029,0.591235427172189,0.6099871765929039,0.6185386042395,0.6188305308490589,0.6443523695726011,0.6713149265258671,0.7205141972731529,0.865771862760037,1.0,0.6605305152062779
0.0158347713300763,0.0531284003914515,0.0688774135145206,0.0872510234648883,0.112018108039346,0.11759939417439802,0.131435476766888,0.148203769329322,0.163738645766311,0.18222363165430397,0.185774657460279,0.20872067350020398,0.226778412079953,0.234706622303357,0.23811011385550102,0.256933504552882,0.259372026170705,0.25922241444981997,0.26303671717088895,0.267119195518625,0.28443249897392703,0.29109860980712104,0.306940331274553,0.314732186007386,0.326273933044786,0.34107713479869395,0.35163934444507206,0.368170483250713,0.403218396821167,0.533891872053896,0.6605305152062779,1.0
