1.0,0.990540017115335,0.9487245843878771,0.847342197863918,0.7394147496341379,0.7273358882211178,0.698918523172282,0.6498998323870121,0.60580177717242,0.587333959214183,0.5592686050998361,0.522436547989465,0.486346481596236,0.45002459768937797,0.4060597094977129,0.35870991182506395,0.277963629528883,0.18277373502485503,0.13135839848759598,0.102048891680659,0.0761987794760257,0.0512623291410791,0.0334440150128692,0.0208264640641694,0.008996832608839279,0.0344765621043955,0.0469132652045889,0.0537173716249277,0.0029163697564051397,0.0254486629973357,0.0344062344407405,0.0385837750384865
0.990540017115335,1.0,0.9831267605430091,0.9121988788244979,0.8246316719123821,0.8117701112903201,0.7807655355248231,0.7268279714079592,0.678583446494774,0.659245822031931,0.629180836471209,0.589255518911425,0.5509021782222371,0.5131083441924521,0.46640332125952205,0.415470057456443,0.327278438342149,0.220144481326635,0.16166491114418302,0.128194274944595,0.10020264328042801,0.0732776009680727,0.0536002173080603,0.0394786950579307,0.0127498859149193,0.0110020757729827,0.0233900656613629,0.0304545640500418,0.0120776468094196,0.0332169913456083,0.0394862841100667,0.0423310855836799
0.9487245843878771,0.9831267605430091,1.0,0.971760476066985,0.9139161399515301,0.9003904159981372,0.866851112153685,0.8079467672155329,0.7555972555869891,0.735670289040672,0.7038261405763679,0.660954526692803,0.62071494825902,0.5820732484825251,0.533092552072319,0.478884083193825,0.38336774076678204,0.26347056202792,0.19729827114205103,0.15926751594470198,0.129246448353181,0.100464381772802,0.0788889442317414,0.0631789210898805,0.0413632605740142,0.0206147839309654,0.00865697574529743,0.00145365213669061,0.0317092061440121,0.042593136551989,0.04509399832824,0.0460783270015098
0.847342197863918,0.9121988788244979,0.971760476066985,1.0,0.983389963583695,0.9696838472244491,0.934551959913782,0.872186137902669,0.817159063800247,0.797468320241131,0.764921481263496,0.720393038754278,0.679732464292295,0.641929339548625,0.59246238943548,0.5367397138860539,0.43655101173756206,0.306185124206537,0.233398399824333,0.191386955156909,0.16024918689171697,0.130510869401542,0.10756588210446902,0.0905923213678252,0.0762054044982797,0.0603688880844374,0.0495639606826052,0.0425417623932204,0.0554477895009658,0.0525582348705183,0.0500728578604477,0.0486080012176235
0.7394147496341379,0.8246316719123821,0.9139161399515301,0.983389963583695,1.0,0.991906641962145,0.9627783515897879,0.9063649029310309,0.855189041664761,0.836617455072148,0.8046265189438551,0.7600354187315941,0.720263477344856,0.6843203833550021,0.635706358100683,0.5799795739545921,0.47765086757362896,0.340185066285657,0.262698859622748,0.21781922053383498,0.18735471091940897,0.15871981692125198,0.1358184484492,0.118556978228209,0.11072258079105901,0.0986145762096142,0.0883813935510658,0.0812211200154534,0.0793277513578102,0.0640299275708504,0.0569814066724941,0.0532631214158268
0.7273358882211178,0.8117701112903201,0.9003904159981372,0.9696838472244491,0.991906641962145,1.0,0.989305057773953,0.952673374936303,0.913805737435787,0.896114760358571,0.864121730953081,0.8186004135688509,0.778374764006705,0.7423589318039301,0.6924357326399689,0.6344933045251719,0.5261173842653329,0.37762188159015203,0.29348798875764004,0.24466774877143105,0.215650294749438,0.18955354468964997,0.167584746597713,0.15060654699404097,0.144360837806917,0.130812530640186,0.11859261416638199,0.109881675206673,0.10371448283842201,0.0816714559490339,0.0718171080063732,0.0666589161354362
0.698918523172282,0.7807655355248231,0.866851112153685,0.934551959913782,0.9627783515897879,0.989305057773953,1.0,0.9868257925835849,0.962874794550299,0.946549141020398,0.9151933281445072,0.8695134714169809,0.829570818045408,0.794191472065241,0.7437623961523141,0.6844330711779539,0.5712768733695,0.41307934756322295,0.322990700772283,0.270619573298011,0.243844615826668,0.221185402626946,0.200727144679851,0.18441380081824102,0.180118029957885,0.165185980849993,0.15092802924457,0.140609853322064,0.129656228184984,0.10030506790136,0.0874244241706167,0.0807152057019125
0.6498998323870121,0.7268279714079592,0.8079467672155329,0.872186137902669,0.9063649029310309,0.952673374936303,0.9868257925835849,1.0,0.9931939047168359,0.9787913840431899,0.948927409440316,0.904215382718374,0.8655866605807709,0.8317990793410308,0.7820714789422241,0.722689253162376,0.607063937041259,0.44206588068695596,0.347627870918144,0.29262937521826005,0.269012111233177,0.250733061749871,0.23246247538763298,0.217295010952572,0.215269626151908,0.199176608615418,0.18301508206555703,0.171172524640013,0.1551841256204,0.118461786217298,0.10254692466561999,0.0942853152849199
0.60580177717242,0.678583446494774,0.7555972555869891,0.817159063800247,0.855189041664761,0.913805737435787,0.962874794550299,0.9931939047168359,1.0,0.992702203241404,0.969961066553088,0.93205445317104,0.898135265223258,0.8664733268170219,0.818014743952256,0.759138945763395,0.646073167999,0.47895618280801505,0.381980419611301,0.32523031615650894,0.303549288684176,0.287315676850532,0.269509854925104,0.254244857635067,0.252410158557354,0.23326745733074103,0.21418062659146397,0.200218633553042,0.18071987066188802,0.13751410229598401,0.11884254419899,0.109157421914488
0.587333959214183,0.659245822031931,0.735670289040672,0.797468320241131,0.836617455072148,0.896114760358571,0.946549141020398,0.9787913840431899,0.992702203241404,1.0,0.992217627370855,0.9689450462293309,0.943948745451865,0.9143417967413381,0.866803434937205,0.807884709629926,0.7024725842734512,0.536863668516555,0.43812144040398904,0.379799426053906,0.357451053578156,0.33901397913572306,0.318480926322422,0.300791324413414,0.29578972653560603,0.270385520475067,0.24652850374608698,0.22933761279404,0.208558666105365,0.15975972879932002,0.138544322804987,0.127521678378714
0.5592686050998361,0.629180836471209,0.7038261405763679,0.764921481263496,0.8046265189438551,0.864121730953081,0.9151933281445072,0.948927409440316,0.969961066553088,0.992217627370855,1.0,0.9921941387398979,0.9767939695709741,0.949762390828405,0.903902370878679,0.8458418178079571,0.749947068323562,0.58843203507471,0.489378358075568,0.4303266372732779,0.407631528186642,0.38720170079851096,0.364167188259384,0.344245045685583,0.336050107576709,0.304569773543562,0.276152777434208,0.255891240913563,0.23410873650500197,0.18028210769667896,0.15676504448338402,0.14453019454830499
0.522436547989465,0.589255518911425,0.660954526692803,0.720393038754278,0.7600354187315941,0.8186004135688509,0.8695134714169809,0.904215382718374,0.93205445317104,0.9689450462293309,0.9921941387398979,1.0,0.994450617777547,0.9704199678978092,0.926956223556197,0.870660871921443,0.7857937446397141,0.630898365267067,0.533078001343854,0.474216680354806,0.4515283558047511,0.429421485997027,0.404241093043549,0.38239384031347295,0.37112860582071105,0.334054107961101,0.301513586112933,0.27849287017553304,0.256045106052716,0.19802292518020997,0.172567611926526,0.15930959841014097
0.486346481596236,0.5509021782222371,0.62071494825902,0.679732464292295,0.720263477344856,0.778374764006705,0.829570818045408,0.8655866605807709,0.898135265223258,0.943948745451865,0.9767939695709741,0.994450617777547,1.0,0.9883803768230159,0.956269015031327,0.909778544086525,0.8332001350029651,0.676732133113948,0.5762449271974069,0.515465569905055,0.49277229050806204,0.469951490507247,0.44330631805660703,0.4200132235577921,0.40585461528954403,0.36324068209381105,0.326617325573241,0.30086474160779497,0.27606754171478803,0.213325232604743,0.185822132601627,0.171500780629865
0.45002459768937797,0.5131083441924521,0.5820732484825251,0.641929339548625,0.6843203833550021,0.7423589318039301,0.794191472065241,0.8317990793410308,0.8664733268170219,0.9143417967413381,0.949762390828405,0.9704199678978092,0.9883803768230159,1.0,0.98961601593477,0.9623018581035699,0.890975778854009,0.723916621053518,0.616569080521714,0.551629510594416,0.528986917217483,0.506647866832379,0.479425905924042,0.455330165656266,0.438558080983947,0.390658110882786,0.350155003374779,0.32181034016891097,0.292809084305355,0.22497990358532197,0.19540784522486399,0.18003167910468898
0.4060597094977129,0.46640332125952205,0.533092552072319,0.59246238943548,0.635706358100683,0.6924357326399689,0.7437623961523141,0.7820714789422241,0.818014743952256,0.866803434937205,0.903902370878679,0.926956223556197,0.956269015031327,0.98961601593477,1.0,0.991403278007414,0.9265683248343299,0.753064221983111,0.641523562951801,0.574037852439797,0.5519271031112879,0.530521035835082,0.50333543027997,0.478995655006818,0.46011064097439197,0.408235750370697,0.36492946285987804,0.33473943136567896,0.302382507505636,0.23119266669289604,0.20029615012968302,0.18425113787835798
0.35870991182506395,0.415470057456443,0.478884083193825,0.5367397138860539,0.5799795739545921,0.6344933045251719,0.6844330711779539,0.722689253162376,0.759138945763395,0.807884709629926,0.8458418178079571,0.870660871921443,0.909778544086525,0.9623018581035699,0.991403278007414,1.0,0.9422440649098491,0.766004799668365,0.652660404176162,0.584075029061965,0.562847491900784,0.5426770704498279,0.5160152358801899,0.491892630445591,0.47142509802003996,0.41686817778289004,0.371791827397342,0.34046688144158305,0.305639344113259,0.23267524676105106,0.20113074603806697,0.18476648919833605
0.277963629528883,0.327278438342149,0.38336774076678204,0.43655101173756206,0.47765086757362896,0.5261173842653329,0.5712768733695,0.607063937041259,0.646073167999,0.7024725842734512,0.749947068323562,0.7857937446397141,0.8332001350029651,0.890975778854009,0.9265683248343299,0.9422440649098491,1.0,0.9360309166783699,0.866959401580543,0.8200293224991619,0.8003346496505078,0.764457945814521,0.721942198049709,0.6846109508087871,0.6329479026198,0.536665338375645,0.46459643541475604,0.416110276752309,0.34607356332424893,0.24911671522573,0.208912585131227,0.18829925011273801
0.18277373502485503,0.220144481326635,0.26347056202792,0.306185124206537,0.340185066285657,0.37762188159015203,0.41307934756322295,0.44206588068695596,0.47895618280801505,0.536863668516555,0.58843203507471,0.630898365267067,0.676732133113948,0.723916621053518,0.753064221983111,0.766004799668365,0.9360309166783699,1.0,0.9868891522757048,0.9689829128155429,0.952798056762009,0.9038765430630641,0.8492877672940479,0.8022295005137071,0.724325703880208,0.596416578023056,0.5050556013986479,0.44462217361504,0.34668167025564806,0.236542646614496,0.192196945193522,0.169656249058224
0.13135839848759598,0.16166491114418302,0.19729827114205103,0.233398399824333,0.262698859622748,0.29348798875764004,0.322990700772283,0.347627870918144,0.381980419611301,0.43812144040398904,0.489378358075568,0.533078001343854,0.5762449271974069,0.616569080521714,0.641523562951801,0.652660404176162,0.866959401580543,0.9868891522757048,1.0,0.996165019299759,0.9822768942759641,0.929449323498711,0.8716407464480941,0.8221189628826441,0.7354873419542809,0.598502975324338,0.50217227674577,0.438824823271677,0.332244313420299,0.22073484821789802,0.17637213011861,0.15390431885241299
0.102048891680659,0.128194274944595,0.15926751594470198,0.191386955156909,0.21781922053383498,0.24466774877143105,0.270619573298011,0.29262937521826005,0.32523031615650894,0.379799426053906,0.4303266372732779,0.474216680354806,0.515465569905055,0.551629510594416,0.574037852439797,0.584075029061965,0.8200293224991619,0.9689829128155429,0.996165019299759,1.0,0.9875088963131831,0.933141918111779,0.8742204552341808,0.823905089040122,0.7334900869923849,0.593084982504087,0.495114292256489,0.430880321494584,0.32078232391779,0.20975012010549102,0.165863609326378,0.14368115925348698
0.0761987794760257,0.10020264328042801,0.129246448353181,0.16024918689171697,0.18735471091940897,0.215650294749438,0.243844615826668,0.269012111233177,0.303549288684176,0.357451053578156,0.407631528186642,0.4515283558047511,0.49277229050806204,0.528986917217483,0.5519271031112879,0.562847491900784,0.8003346496505078,0.952798056762009,0.9822768942759641,0.9875088963131831,1.0,0.9778403831061759,0.9392221922631371,0.902123919952693,0.819872609977601,0.6758480546106529,0.572815183655236,0.5046212392872871,0.371947798536771,0.23967164590539605,0.18767945769994798,0.161445215677599
0.0512623291410791,0.0732776009680727,0.100464381772802,0.130510869401542,0.15871981692125198,0.18955354468964997,0.221185402626946,0.250733061749871,0.287315676850532,0.33901397913572306,0.38720170079851096,0.429421485997027,0.469951490507247,0.506647866832379,0.530521035835082,0.5426770704498279,0.764457945814521,0.9038765430630641,0.929449323498711,0.933141918111779,0.9778403831061759,1.0,0.9902819369782341,0.9724637030293509,0.9056695151191491,0.763528996660116,0.658215278800171,0.587617368597163,0.431224606848249,0.275316252007326,0.21423985720371,0.18345385940078102
0.0334440150128692,0.0536002173080603,0.0788889442317414,0.10756588210446902,0.1358184484492,0.167584746597713,0.200727144679851,0.23246247538763298,0.269509854925104,0.318480926322422,0.364167188259384,0.404241093043549,0.44330631805660703,0.479425905924042,0.50333543027997,0.5160152358801899,0.721942198049709,0.8492877672940479,0.8716407464480941,0.8742204552341808,0.9392221922631371,0.9902819369782341,1.0,0.9954251353322141,0.940531636087943,0.803116459772109,0.698861305802229,0.628391754087148,0.46006409180252,0.29226687188362604,0.22664839327145897,0.19359099730039
0.0208264640641694,0.0394786950579307,0.0631789210898805,0.0905923213678252,0.118556978228209,0.15060654699404097,0.18441380081824102,0.217295010952572,0.254244857635067,0.300791324413414,0.344245045685583,0.38239384031347295,0.4200132235577921,0.455330165656266,0.478995655006818,0.491892630445591,0.6846109508087871,0.8022295005137071,0.8221189628826441,0.823905089040122,0.902123919952693,0.9724637030293509,0.9954251353322141,1.0,0.9538999482340601,0.821277192322399,0.718922274291851,0.649333773840255,0.474700670612182,0.30062366820084996,0.23262304470056697,0.19837712359556697
0.008996832608839279,0.0127498859149193,0.0413632605740142,0.0762054044982797,0.11072258079105901,0.144360837806917,0.180118029957885,0.215269626151908,0.252410158557354,0.29578972653560603,0.336050107576709,0.37112860582071105,0.40585461528954403,0.438558080983947,0.46011064097439197,0.47142509802003996,0.6329479026198,0.724325703880208,0.7354873419542809,0.7334900869923849,0.819872609977601,0.9056695151191491,0.940531636087943,0.9538999482340601,1.0,0.9544147615232521,0.893965296464562,0.8470945293651909,0.627307338957568,0.39673139557398795,0.306702031017677,0.261368733898278
0.0344765621043955,0.0110020757729827,0.0206147839309654,0.0603688880844374,0.0986145762096142,0.130812530640186,0.165185980849993,0.199176608615418,0.23326745733074103,0.270385520475067,0.304569773543562,0.334054107961101,0.36324068209381105,0.390658110882786,0.408235750370697,0.41686817778289004,0.536665338375645,0.596416578023056,0.598502975324338,0.593084982504087,0.6758480546106529,0.763528996660116,0.803116459772109,0.821277192322399,0.9544147615232521,1.0,0.9869749824659291,0.9671063204353721,0.7227416128897428,0.456967662317334,0.35320437660228604,0.300956975245105
0.0469132652045889,0.0233900656613629,0.00865697574529743,0.0495639606826052,0.0883813935510658,0.11859261416638199,0.15092802924457,0.18301508206555703,0.21418062659146397,0.24652850374608698,0.276152777434208,0.301513586112933,0.326617325573241,0.350155003374779,0.36492946285987804,0.371791827397342,0.46459643541475604,0.5050556013986479,0.50217227674577,0.495114292256489,0.572815183655236,0.658215278800171,0.698861305802229,0.718922274291851,0.893965296464562,0.9869749824659291,1.0,0.9954316166748771,0.7470070296668841,0.472253931807797,0.364989358111376,0.310979654094475
0.0537173716249277,0.0304545640500418,0.00145365213669061,0.0425417623932204,0.0812211200154534,0.109881675206673,0.140609853322064,0.171172524640013,0.200218633553042,0.22933761279404,0.255891240913563,0.27849287017553304,0.30086474160779497,0.32181034016891097,0.33473943136567896,0.34046688144158305,0.416110276752309,0.44462217361504,0.438824823271677,0.430880321494584,0.5046212392872871,0.587617368597163,0.628391754087148,0.649333773840255,0.8470945293651909,0.9671063204353721,0.9954316166748771,1.0,0.752221188952232,0.475518128826544,0.36749477724362395,0.313103406674583
0.0029163697564051397,0.0120776468094196,0.0317092061440121,0.0554477895009658,0.0793277513578102,0.10371448283842201,0.129656228184984,0.1551841256204,0.18071987066188802,0.208558666105365,0.23410873650500197,0.256045106052716,0.27606754171478803,0.292809084305355,0.302382507505636,0.305639344113259,0.34607356332424893,0.34668167025564806,0.332244313420299,0.32078232391779,0.371947798536771,0.431224606848249,0.46006409180252,0.474700670612182,0.627307338957568,0.7227416128897428,0.7470070296668841,0.752221188952232,1.0,0.9372749339463561,0.889131087942763,0.861170071070612
0.0254486629973357,0.0332169913456083,0.042593136551989,0.0525582348705183,0.0640299275708504,0.0816714559490339,0.10030506790136,0.118461786217298,0.13751410229598401,0.15975972879932002,0.18028210769667896,0.19802292518020997,0.213325232604743,0.22497990358532197,0.23119266669289604,0.23267524676105106,0.24911671522573,0.236542646614496,0.22073484821789802,0.20975012010549102,0.23967164590539605,0.275316252007326,0.29226687188362604,0.30062366820084996,0.39673139557398795,0.456967662317334,0.472253931807797,0.475518128826544,0.9372749339463561,1.0,0.9928938700341949,0.9843478403674271
0.0344062344407405,0.0394862841100667,0.04509399832824,0.0500728578604477,0.0569814066724941,0.0718171080063732,0.0874244241706167,0.10254692466561999,0.11884254419899,0.138544322804987,0.15676504448338402,0.172567611926526,0.185822132601627,0.19540784522486399,0.20029615012968302,0.20113074603806697,0.208912585131227,0.192196945193522,0.17637213011861,0.165863609326378,0.18767945769994798,0.21423985720371,0.22664839327145897,0.23262304470056697,0.306702031017677,0.35320437660228604,0.364989358111376,0.36749477724362395,0.889131087942763,0.9928938700341949,1.0,0.9983256535747521
0.0385837750384865,0.0423310855836799,0.0460783270015098,0.0486080012176235,0.0532631214158268,0.0666589161354362,0.0807152057019125,0.0942853152849199,0.109157421914488,0.127521678378714,0.14453019454830499,0.15930959841014097,0.171500780629865,0.18003167910468898,0.18425113787835798,0.18476648919833605,0.18829925011273801,0.169656249058224,0.15390431885241299,0.14368115925348698,0.161445215677599,0.18345385940078102,0.19359099730039,0.19837712359556697,0.261368733898278,0.300956975245105,0.310979654094475,0.313103406674583,0.861170071070612,0.9843478403674271,0.9983256535747521,1.0
