1.0,0.9749372595124671,0.8885594846298229,0.7642733451827,0.686740263152511,0.5813951225662309,0.48267778789659,0.461223179149329,0.43735466701439596,0.412106339724535,0.39083670326906206,0.370862292833561,0.35175170054928007,0.339775669571245,0.330398341557114,0.32059927005830396,0.314613788586437,0.311522423183941,0.30761799594599604,0.301516555789451,0.292009478677225,0.283216892452299,0.276998287006106,0.277069477561359,0.27479909286607,0.271400702204168,0.258095526252489,0.242854098436464,0.227083188513057,0.200638717390145,0.17198727930795002,0.14967344133888097
0.9749372595124671,1.0,0.9683549793075942,0.888191544762068,0.8130637734247459,0.7016621588121839,0.594158590755016,0.570113968953968,0.5427733870597939,0.513485750450236,0.49268832651085204,0.473599515592831,0.454899684968786,0.4438593252218329,0.435310728068642,0.425857103910466,0.419303563545541,0.41473507921709596,0.40915017620489597,0.40213536613082396,0.392896073548187,0.38394540747863704,0.37800940869938704,0.3803308976024,0.378988448247611,0.37579681753912203,0.3637756871545061,0.348261799513351,0.331175194606685,0.30192391414333003,0.26629189111083196,0.237353218450494
0.8885594846298229,0.9683549793075942,1.0,0.9741237811280441,0.9061839314789351,0.7946455862316959,0.683710108987508,0.658196936904698,0.628595285472255,0.596526609387826,0.57750177084867,0.56054717358801,0.543425640350271,0.534094686792389,0.526986622242954,0.518485470348709,0.511686325777512,0.505733830809343,0.49859753393678496,0.49097731710463205,0.482590566524066,0.47399746156018896,0.468733226432387,0.473440355797992,0.47321908474844104,0.47045012903945604,0.460587820532076,0.445695403046357,0.42815395840053105,0.397502078038299,0.35616864972076,0.321527654147565
0.7642733451827,0.888191544762068,0.9741237811280441,1.0,0.9559176391480609,0.8603062189558659,0.758794839370495,0.734215408604687,0.704590144406819,0.671833896960876,0.6556909402461409,0.641729405333702,0.626970585760819,0.619788088229298,0.6144052825629239,0.607131720029148,0.600383715008905,0.593352906428111,0.5849400576195,0.5769565416051059,0.5696283350438149,0.561569661948677,0.556810091421098,0.562440014317016,0.562207402921561,0.558980702905861,0.550861601362155,0.5363094746249301,0.5181378240890461,0.48559628239430896,0.438564633173044,0.398393004536394
0.686740263152511,0.8130637734247459,0.9061839314789351,0.9559176391480609,1.0,0.9720703977142691,0.916598519899891,0.8987496749042528,0.8732048303232859,0.8426307049007259,0.8298506030778241,0.81857853517822,0.8055621962863001,0.8001065762952501,0.7958594932582809,0.7889130948233691,0.7820415162596321,0.7741995782370491,0.764360222200573,0.7554256581046659,0.747959210669454,0.7391253388931371,0.7326334615295258,0.7327333287285909,0.726658581200149,0.7178738505634129,0.706651752145108,0.687268819599329,0.663341765871761,0.619153596714291,0.557169081082316,0.504697956747187
0.5813951225662309,0.7016621588121839,0.7946455862316959,0.8603062189558659,0.9720703977142691,1.0,0.984829221051152,0.973487217874658,0.9528171540921441,0.9259182467345201,0.9166331523243829,0.9082226310866051,0.8974211272461151,0.8936903160480091,0.8906192232766921,0.884373065916173,0.877836747859517,0.8698418277160009,0.8594838074989691,0.8503534436803271,0.843248107320093,0.83435262450277,0.826886235039263,0.822559864433658,0.812199452240137,0.799527299786478,0.78653393059164,0.7645142259456691,0.7374984290818409,0.686792667316113,0.6167720930646999,0.557784741041601
0.48267778789659,0.594158590755016,0.683710108987508,0.758794839370495,0.916598519899891,0.984829221051152,1.0,0.9938753607541451,0.9775500816394201,0.9543321445675859,0.9479638205688629,0.941970368385722,0.933193412060248,0.930871545924553,0.928779976670099,0.923275315759155,0.917221026202634,0.9093993836239208,0.899028910289744,0.8900808386235469,0.8834970274712479,0.8748746403943771,0.8669551669435159,0.859511070131001,0.8463530185510941,0.8312604925411742,0.817422911277687,0.794242391462274,0.765910565693101,0.7122021393235409,0.638748053028152,0.577055705166591
0.461223179149329,0.570113968953968,0.658196936904698,0.734215408604687,0.8987496749042528,0.973487217874658,0.9938753607541451,1.0,0.9948466244886729,0.981499699833442,0.976708018881423,0.9705918672074308,0.9616010258386679,0.9577193638577901,0.953468222834807,0.945906379343985,0.9386698325429119,0.930410087525293,0.9195801468421291,0.9096274328587851,0.9011763363026499,0.89097452873485,0.881835816344535,0.873794191538905,0.8600394731468621,0.844406236154155,0.83123497228216,0.808460789591202,0.78033775707385,0.728890618231537,0.6563614532179239,0.5948641084090649
0.43735466701439596,0.5427733870597939,0.628595285472255,0.704590144406819,0.8732048303232859,0.9528171540921441,0.9775500816394201,0.9948466244886729,1.0,0.9958544124661,0.9925420752470121,0.9863586452378019,0.977250259117191,0.9719623953541591,0.965760159222586,0.9563785911063329,0.948126535257281,0.939549815983484,0.9284120338298829,0.9176386197759471,0.9075538594925301,0.8960040388299599,0.8858434579939408,0.8773620450298899,0.8632265027205709,0.8472809175413301,0.834869928931153,0.8127212480448051,0.785099923509508,0.7363057645913921,0.665426641824075,0.60478416899976
0.412106339724535,0.513485750450236,0.596526609387826,0.671833896960876,0.8426307049007259,0.9259182467345201,0.9543321445675859,0.981499699833442,0.9958544124661,1.0,0.9980438762290921,0.991854310180711,0.982720340863975,0.9762172955875992,0.9683190541614699,0.9573872166316959,0.948296475165596,0.9395105958021359,0.9281943044601841,0.91677908376204,0.905317141621008,0.8926592526008961,0.881671016493009,0.872869427309882,0.8585161877630849,0.8424302091786879,0.8308101186888829,0.8094168145786451,0.78248779609302,0.736501581664996,0.667724294666264,0.60838052048585
0.39083670326906206,0.49268832651085204,0.57750177084867,0.6556909402461409,0.8298506030778241,0.9166331523243829,0.9479638205688629,0.976708018881423,0.9925420752470121,0.9980438762290921,1.0,0.997817695995177,0.9922233219131898,0.987212365643772,0.9798266116159359,0.969315556030431,0.960428638859586,0.951635701866024,0.940264194840889,0.928919675700896,0.917732464957229,0.905251114327295,0.894763059220355,0.887899188770663,0.8749655940361379,0.859928734187932,0.848586900540896,0.8272029655116829,0.8001001867478241,0.7525654329040701,0.6818176495033261,0.620887882784828
0.370862292833561,0.473599515592831,0.56054717358801,0.641729405333702,0.81857853517822,0.9082226310866051,0.941970368385722,0.9705918672074308,0.9863586452378019,0.991854310180711,0.997817695995177,1.0,0.9982766605112429,0.995118751928618,0.988613852235088,0.978868693813802,0.970380917097197,0.9616465476205741,0.9502844598340809,0.9391678519294109,0.9285595034331529,0.9165071351204191,0.906743786219396,0.902065759833188,0.890757010842649,0.876935592807367,0.865794644782553,0.8443590813975641,0.8170358117038939,0.767481199282662,0.6944568692629771,0.631777394111464
0.35175170054928007,0.454899684968786,0.543425640350271,0.626970585760819,0.8055621962863001,0.8974211272461151,0.933193412060248,0.9616010258386679,0.977250259117191,0.982720340863975,0.9922233219131898,0.9982766605112429,1.0,0.9985005471540821,0.9928023297503149,0.983773554483013,0.9756716017444101,0.9670212766320581,0.955709177819728,0.944835843627616,0.934780813483838,0.923153847563282,0.914070340144528,0.911352108923369,0.9015288574326371,0.888838284316281,0.87791668025189,0.856513747699225,0.829094598700873,0.7779263562684781,0.7031462318967329,0.639141296052787
0.339775669571245,0.4438593252218329,0.534094686792389,0.619788088229298,0.8001065762952501,0.8936903160480091,0.930871545924553,0.9577193638577901,0.9719623953541591,0.9762172955875992,0.987212365643772,0.995118751928618,0.9985005471540821,1.0,0.997760117210321,0.991853008795225,0.9856364942009529,0.9777374699010941,0.967023674173052,0.957141709316309,0.9487410478622941,0.938403251674302,0.9301761441439591,0.9273257730584941,0.9172629353016591,0.9043001009504958,0.893520328874003,0.872034828290285,0.844384940594217,0.793624227152585,0.718421500715722,0.6537985670251479
0.330398341557114,0.435310728068642,0.526986622242954,0.6144052825629239,0.7958594932582809,0.8906192232766921,0.928779976670099,0.953468222834807,0.965760159222586,0.9683190541614699,0.9798266116159359,0.988613852235088,0.9928023297503149,0.997760117210321,1.0,0.9981527866851979,0.994416318670288,0.9875513215989101,0.977680999372077,0.9691044344457801,0.96279503547987,0.954100219878345,0.9467959234427329,0.942918287723397,0.931904947593351,0.918108358840466,0.9074620142892991,0.8859086820175791,0.858057751023103,0.8087115492749309,0.733897176638376,0.669172883705413
0.32059927005830396,0.425857103910466,0.518485470348709,0.607131720029148,0.7889130948233691,0.884373065916173,0.923275315759155,0.945906379343985,0.9563785911063329,0.9573872166316959,0.969315556030431,0.978868693813802,0.983773554483013,0.991853008795225,0.9981527866851979,1.0,0.9985304500256,0.992631218286515,0.983565262877594,0.976207571441326,0.971821977917451,0.964653090531572,0.95821525643793,0.9534196948888729,0.941585842840524,0.9270855776018999,0.9166017377694631,0.8950704591875179,0.867145041311322,0.81927505763538,0.745103786232985,0.68053866519601
0.314613788586437,0.419303563545541,0.511686325777512,0.600383715008905,0.7820415162596321,0.877836747859517,0.917221026202634,0.9386698325429119,0.948126535257281,0.948296475165596,0.960428638859586,0.970380917097197,0.9756716017444101,0.9856364942009529,0.994416318670288,0.9985304500256,1.0,0.997438442312253,0.9912040867023721,0.985767064582037,0.982070122348862,0.975421368298121,0.969392890202483,0.9648779637397958,0.9531717572525491,0.938715168006994,0.9284827782007871,0.907015811683838,0.8790242738839731,0.8313418294191339,0.756735552324183,0.691627086483697
0.311522423183941,0.41473507921709596,0.505733830809343,0.593352906428111,0.7741995782370491,0.8698418277160009,0.9093993836239208,0.930410087525293,0.939549815983484,0.9395105958021359,0.951635701866024,0.9616465476205741,0.9670212766320581,0.9777374699010941,0.9875513215989101,0.992631218286515,0.997438442312253,1.0,0.99813150991452,0.995103282711778,0.991048151178198,0.984075652463145,0.978069368370205,0.974816017041448,0.9640328044645441,0.950259041165777,0.9403564976282222,0.9190234438075391,0.891025824001691,0.8425441166218092,0.766769665415368,0.700682894105227
0.30761799594599604,0.40915017620489597,0.49859753393678496,0.5849400576195,0.764360222200573,0.8594838074989691,0.899028910289744,0.9195801468421291,0.9284120338298829,0.9281943044601841,0.940264194840889,0.9502844598340809,0.955709177819728,0.967023674173052,0.977680999372077,0.983565262877594,0.9912040867023721,0.99813150991452,1.0,0.9990416928624051,0.994697039743299,0.9874762773125699,0.9815133169367399,0.979350823257251,0.969399791966785,0.9562651857076271,0.9466845735935401,0.9255524504535321,0.897663210951257,0.848695430683634,0.7722304922959841,0.705576123773229
0.301516555789451,0.40213536613082396,0.49097731710463205,0.5769565416051059,0.7554256581046659,0.8503534436803271,0.8900808386235469,0.9096274328587851,0.9176386197759471,0.91677908376204,0.928919675700896,0.9391678519294109,0.944835843627616,0.957141709316309,0.9691044344457801,0.976207571441326,0.985767064582037,0.995103282711778,0.9990416928624051,1.0,0.9974659913556742,0.99170269619413,0.986683430156122,0.9842122594546309,0.973974137657005,0.9605920941790229,0.9515328032311461,0.930798137659006,0.903201729067274,0.8539175716385491,0.776919389931454,0.7098159865491659
0.292009478677225,0.392896073548187,0.482590566524066,0.5696283350438149,0.747959210669454,0.843248107320093,0.8834970274712479,0.9011763363026499,0.9075538594925301,0.905317141621008,0.917732464957229,0.9285595034331529,0.934780813483838,0.9487410478622941,0.96279503547987,0.971821977917451,0.982070122348862,0.991048151178198,0.994697039743299,0.9974659913556742,1.0,0.9983355718409541,0.995663628183772,0.9907667778324569,0.978538431074,0.9635538030390799,0.9553394465305409,0.9353030460835748,0.9082692771413431,0.858857800709002,0.781457769589713,0.7139931886194021
0.283216892452299,0.38394540747863704,0.47399746156018896,0.561569661948677,0.7391253388931371,0.83435262450277,0.8748746403943771,0.89097452873485,0.8960040388299599,0.8926592526008961,0.905251114327295,0.9165071351204191,0.923153847563282,0.938403251674302,0.954100219878345,0.964653090531572,0.975421368298121,0.984075652463145,0.9874762773125699,0.99170269619413,0.9983355718409541,1.0,0.9992408035121819,0.9923958323053309,0.978599620292827,0.962371609610745,0.9548727284995091,0.935476869950282,0.908999720971293,0.859668776046087,0.78223081117073,0.714724320571864
0.276998287006106,0.37800940869938704,0.468733226432387,0.556810091421098,0.7326334615295258,0.826886235039263,0.8669551669435159,0.881835816344535,0.8858434579939408,0.881671016493009,0.894763059220355,0.906743786219396,0.914070340144528,0.9301761441439591,0.9467959234427329,0.95821525643793,0.969392890202483,0.978069368370205,0.9815133169367399,0.986683430156122,0.995663628183772,0.9992408035121819,1.0,0.9941410024678069,0.9811167277245849,0.96549562230858,0.958396232298951,0.9393075070145641,0.9130589219695991,0.863641795598333,0.7859178748938209,0.7181439944271449
0.277069477561359,0.3803308976024,0.473440355797992,0.562440014317016,0.7327333287285909,0.822559864433658,0.859511070131001,0.873794191538905,0.8773620450298899,0.872869427309882,0.887899188770663,0.902065759833188,0.911352108923369,0.9273257730584941,0.942918287723397,0.9534196948888729,0.9648779637397958,0.974816017041448,0.979350823257251,0.9842122594546309,0.9907667778324569,0.9923958323053309,0.9941410024678069,1.0,0.996274959498211,0.9879873863731529,0.9803891051888691,0.960564476120915,0.933456931033684,0.88318969704551,0.8039447320736779,0.7347845109829649
0.27479909286607,0.378988448247611,0.47321908474844104,0.562207402921561,0.726658581200149,0.812199452240137,0.8463530185510941,0.8600394731468621,0.8632265027205709,0.8585161877630849,0.8749655940361379,0.890757010842649,0.9015288574326371,0.9172629353016591,0.931904947593351,0.941585842840524,0.9531717572525491,0.9640328044645441,0.969399791966785,0.973974137657005,0.978538431074,0.978599620292827,0.9811167277245849,0.996274959498211,1.0,0.997632621453398,0.9897001521324301,0.9694549420407759,0.941889814570871,0.891366584859779,0.811573752284908,0.7418884237738199
0.271400702204168,0.37579681753912203,0.47045012903945604,0.558980702905861,0.7178738505634129,0.799527299786478,0.8312604925411742,0.844406236154155,0.8472809175413301,0.8424302091786879,0.859928734187932,0.876935592807367,0.888838284316281,0.9043001009504958,0.918108358840466,0.9270855776018999,0.938715168006994,0.950259041165777,0.9562651857076271,0.9605920941790229,0.9635538030390799,0.962371609610745,0.96549562230858,0.9879873863731529,0.997632621453398,1.0,0.992014862604788,0.971692057513175,0.9440364033168979,0.893625409779508,0.813819813824563,0.74407534810118
0.258095526252489,0.3637756871545061,0.460587820532076,0.550861601362155,0.706651752145108,0.78653393059164,0.817422911277687,0.83123497228216,0.834869928931153,0.8308101186888829,0.848586900540896,0.865794644782553,0.87791668025189,0.893520328874003,0.9074620142892991,0.9166017377694631,0.9284827782007871,0.9403564976282222,0.9466845735935401,0.9515328032311461,0.9553394465305409,0.9548727284995091,0.958396232298951,0.9803891051888691,0.9897001521324301,0.992014862604788,1.0,0.993729183432623,0.9780980623492072,0.9324185515558101,0.8530868141612921,0.7827564196763779
0.242854098436464,0.348261799513351,0.445695403046357,0.5363094746249301,0.687268819599329,0.7645142259456691,0.794242391462274,0.808460789591202,0.8127212480448051,0.8094168145786451,0.8272029655116829,0.8443590813975641,0.856513747699225,0.872034828290285,0.8859086820175791,0.8950704591875179,0.907015811683838,0.9190234438075391,0.9255524504535321,0.930798137659006,0.9353030460835748,0.935476869950282,0.9393075070145641,0.960564476120915,0.9694549420407759,0.971692057513175,0.993729183432623,1.0,0.9952380143038421,0.9543630687548751,0.8765105225212909,0.806599586262015
0.227083188513057,0.331175194606685,0.42815395840053105,0.5181378240890461,0.663341765871761,0.7374984290818409,0.765910565693101,0.78033775707385,0.785099923509508,0.78248779609302,0.8001001867478241,0.8170358117038939,0.829094598700873,0.844384940594217,0.858057751023103,0.867145041311322,0.8790242738839731,0.891025824001691,0.897663210951257,0.903201729067274,0.9082692771413431,0.908999720971293,0.9130589219695991,0.933456931033684,0.941889814570871,0.9440364033168979,0.9780980623492072,0.9952380143038421,1.0,0.9637315702405099,0.8879648461480891,0.819134668928465
0.200638717390145,0.30192391414333003,0.397502078038299,0.48559628239430896,0.619153596714291,0.686792667316113,0.7122021393235409,0.728890618231537,0.7363057645913921,0.736501581664996,0.7525654329040701,0.767481199282662,0.7779263562684781,0.793624227152585,0.8087115492749309,0.81927505763538,0.8313418294191339,0.8425441166218092,0.848695430683634,0.8539175716385491,0.858857800709002,0.859668776046087,0.863641795598333,0.88318969704551,0.891366584859779,0.893625409779508,0.9324185515558101,0.9543630687548751,0.9637315702405099,1.0,0.978465771382242,0.9424373008372541
0.17198727930795002,0.26629189111083196,0.35616864972076,0.438564633173044,0.557169081082316,0.6167720930646999,0.638748053028152,0.6563614532179239,0.665426641824075,0.667724294666264,0.6818176495033261,0.6944568692629771,0.7031462318967329,0.718421500715722,0.733897176638376,0.745103786232985,0.756735552324183,0.766769665415368,0.7722304922959841,0.776919389931454,0.781457769589713,0.78223081117073,0.7859178748938209,0.8039447320736779,0.811573752284908,0.813819813824563,0.8530868141612921,0.8765105225212909,0.8879648461480891,0.978465771382242,1.0,0.99116233144207
0.14967344133888097,0.237353218450494,0.321527654147565,0.398393004536394,0.504697956747187,0.557784741041601,0.577055705166591,0.5948641084090649,0.60478416899976,0.60838052048585,0.620887882784828,0.631777394111464,0.639141296052787,0.6537985670251479,0.669172883705413,0.68053866519601,0.691627086483697,0.700682894105227,0.705576123773229,0.7098159865491659,0.7139931886194021,0.714724320571864,0.7181439944271449,0.7347845109829649,0.7418884237738199,0.74407534810118,0.7827564196763779,0.806599586262015,0.819134668928465,0.9424373008372541,0.99116233144207,1.0
