1.0,0.653106270677166,0.4738307606115039,0.41772308540855496,0.367310504251682,0.33569111506278,0.31675584144707597,0.294693567939713,0.275449652746261,0.26493098398593695,0.250499247188192,0.23406387808464602,0.23334415145155601,0.22832898554497802,0.22441447728730604,0.20537283914399804,0.20299214627362602,0.19573756302666698,0.189164820386627,0.195763724554767,0.18506533665946398,0.174016043302489,0.168890473389359,0.160375065282396,0.15082899018965498,0.141683186027918,0.130693179511756,0.0907752462432127,0.0734499333938713,0.0526992065386269,0.0351853881743232,0.143257093013897
0.653106270677166,1.0,0.829081421908592,0.723005010550595,0.646768850065925,0.5990385444008921,0.573674854946204,0.545184382683577,0.525321974541045,0.5118860137112701,0.49458752336238,0.47925747899273297,0.468994907815295,0.459386700217848,0.449885022687301,0.43228607149921705,0.419813817719225,0.41125792979572995,0.400368899103747,0.40008470836022997,0.392652707108408,0.37323928932144396,0.373737726867008,0.36763874324261797,0.36952795135896294,0.366853785447633,0.34866442934011,0.31913599840490603,0.296866702018286,0.17853628001715602,0.0816478917438284,0.0688241153297585
0.4738307606115039,0.829081421908592,1.0,0.9085194226835028,0.8230311467829899,0.770367413835277,0.7448078291323559,0.711836919397468,0.693642286166022,0.676172393887032,0.657990281024099,0.6528799463825121,0.638857252912188,0.6267743287431651,0.6178795736770489,0.599758869487327,0.588248571691609,0.580326362071611,0.5741813200046529,0.572454183101715,0.565114448707496,0.5471104463649579,0.538599073345849,0.532845685286312,0.52453897404838,0.518662956700885,0.490134117188195,0.433768164432965,0.39288156111735,0.211000461911573,0.0732442828654141,0.0737227801127524
0.41772308540855496,0.723005010550595,0.9085194226835028,1.0,0.9469814662220241,0.8948756706860641,0.864439720332005,0.825804376808018,0.8078915672116059,0.7977224716529671,0.780055950462782,0.771910141964402,0.75919679702306,0.7437177343913441,0.7303365475726579,0.7114703229203271,0.699303133577037,0.6881134531174921,0.6791813329144879,0.6709792950646589,0.6609815136967729,0.6419101187247329,0.6367264084323969,0.628506562312703,0.6172476104286371,0.611076413028871,0.583768984917135,0.515916852016787,0.466073450713543,0.26251387313798996,0.117517953494784,0.0472726130816455
0.367310504251682,0.646768850065925,0.8230311467829899,0.9469814662220241,1.0,0.961803920645332,0.9288693597840241,0.890393505465636,0.8690229873907129,0.8587690456121669,0.841001071503057,0.8343283840702759,0.822927078215532,0.8075387544253969,0.796027798253902,0.7768359454845319,0.764891201002822,0.749487744159182,0.738288454543861,0.7281241369864551,0.7169967335853359,0.7001489177943989,0.6951338856361979,0.6866386978499041,0.674369010435957,0.66702111763953,0.6389237185684009,0.560539367052042,0.504394917105733,0.290656645943943,0.138905806130929,0.0351164057870003
0.33569111506278,0.5990385444008921,0.770367413835277,0.8948756706860641,0.961803920645332,1.0,0.9767670871853621,0.9387590838709499,0.9185702998527719,0.9044585659454109,0.8844989705689978,0.8757428484958599,0.8631184617771172,0.844451828208715,0.831845239896613,0.814233248269,0.8010180181144599,0.7865622866604158,0.776348241462241,0.7665915390037141,0.75671844466479,0.7422055352244901,0.735318110472004,0.726014213735737,0.7108592925578799,0.701896164687662,0.6748854506568649,0.5903259412406321,0.526301185612753,0.298534049707394,0.14116146743642802,0.035501510434715
0.31675584144707597,0.573674854946204,0.7448078291323559,0.864439720332005,0.9288693597840241,0.9767670871853621,1.0,0.9761049810131991,0.9544024028884379,0.9376109731027981,0.9161010191178,0.906694440859873,0.892738998122917,0.8748016951616421,0.861993983311377,0.843078814895173,0.828968984182273,0.814907177519712,0.806313961263157,0.7990500394585699,0.786269450431887,0.770405204181217,0.7656638134505999,0.7564705026364631,0.737397886590125,0.730389788275702,0.70540600419099,0.6164194445936,0.546863465630174,0.319658640492802,0.143584086288524,0.0305849209220152
0.294693567939713,0.545184382683577,0.711836919397468,0.825804376808018,0.890393505465636,0.9387590838709499,0.9761049810131991,1.0,0.977527574187015,0.95852905180848,0.936162341249173,0.9253609640151909,0.907243501243114,0.8890382129187121,0.87843994061588,0.8603869512439059,0.84592607477348,0.8313198252655559,0.8194577233669291,0.811250710920416,0.7984464121682561,0.784470687448126,0.780215618579896,0.7717251810021428,0.7502466736979109,0.7401521997521969,0.712420477504908,0.622851164122834,0.5503551650967641,0.323545612171861,0.15252673115234802,0.0249718703026248
0.275449652746261,0.525321974541045,0.693642286166022,0.8078915672116059,0.8690229873907129,0.9185702998527719,0.9544024028884379,0.977527574187015,1.0,0.9853191822363059,0.962476461628511,0.9492620507266758,0.929253810875652,0.9115401708319999,0.898876795416433,0.881114882088786,0.865672238822976,0.850546248821789,0.8364053162144399,0.8267622741869458,0.812603439479332,0.79961220021179,0.797433680528308,0.7902534189903009,0.7688684516590769,0.758670416580596,0.730827391240714,0.644875442418694,0.5736256215911241,0.341882522760401,0.153923205593528,0.0218104224263994
0.26493098398593695,0.5118860137112701,0.676172393887032,0.7977224716529671,0.8587690456121669,0.9044585659454109,0.9376109731027981,0.95852905180848,0.9853191822363059,1.0,0.984903928654766,0.9708115987459399,0.95107502584626,0.932508118423927,0.9180051422072459,0.8984585978783021,0.881381102297717,0.8652993939059019,0.8497868830341899,0.8396252404340849,0.824691474108187,0.809557277213023,0.807802208084103,0.7987078620914141,0.7749113875041371,0.7659803335132069,0.7415873326573579,0.652717436815004,0.5827320977694829,0.342487845732549,0.16020417538167903,0.0119628825818703
0.250499247188192,0.49458752336238,0.657990281024099,0.780055950462782,0.841001071503057,0.8844989705689978,0.9161010191178,0.936162341249173,0.962476461628511,0.984903928654766,1.0,0.9852458332311541,0.9653453733539291,0.944643115974388,0.929620677946525,0.9084667530352809,0.8903083923738709,0.8732412760836179,0.859563299779097,0.8505916916097499,0.8378712793372041,0.823955753568195,0.8212385623826359,0.8113442618671409,0.78651007519241,0.7768169173994308,0.752162678802096,0.662779224395144,0.59012657428654,0.345417669470786,0.16187532183477202,9.844120396664581e-05
0.23406387808464602,0.47925747899273297,0.6528799463825121,0.771910141964402,0.8343283840702759,0.8757428484958599,0.906694440859873,0.9253609640151909,0.9492620507266758,0.9708115987459399,0.9852458332311541,1.0,0.986291596753169,0.965200537776341,0.9484850621276949,0.926588617873204,0.906440038791692,0.89067971138191,0.8758612743161559,0.865460462035302,0.8527267534207009,0.840319776549712,0.837035060504995,0.8265433242247849,0.800822332179846,0.7901061523513259,0.765703798443319,0.670655890438189,0.596838065028577,0.35325010121064393,0.168385609456785,0.007430492985776521
0.23334415145155601,0.468994907815295,0.638857252912188,0.75919679702306,0.822927078215532,0.8631184617771172,0.892738998122917,0.907243501243114,0.929253810875652,0.95107502584626,0.9653453733539291,0.986291596753169,1.0,0.985295485142842,0.968423638929976,0.94475471419578,0.923719496643438,0.908944412992072,0.893147854715081,0.8813945373917978,0.8669416881329399,0.856214496801202,0.852668897251869,0.839174367731541,0.8120476686017699,0.8001726043425809,0.774065179654058,0.6822859051575979,0.608614029791061,0.37055260639279297,0.17808370497235199,0.00471135826244709
0.22832898554497802,0.459386700217848,0.6267743287431651,0.7437177343913441,0.8075387544253969,0.844451828208715,0.8748016951616421,0.8890382129187121,0.9115401708319999,0.932508118423927,0.944643115974388,0.965200537776341,0.985295485142842,1.0,0.985881666188688,0.961773116102218,0.939211086881004,0.9230718118213721,0.9065445723673299,0.894770460598042,0.8787268635398969,0.868447307643015,0.86419605420864,0.847370633547374,0.8181360190065541,0.8058230442219501,0.7756368136981221,0.684688164088826,0.6077027523964521,0.37339638546782106,0.18058188667951103,0.00958784926317388
0.22441447728730604,0.449885022687301,0.6178795736770489,0.7303365475726579,0.796027798253902,0.831845239896613,0.861993983311377,0.87843994061588,0.898876795416433,0.9180051422072459,0.929620677946525,0.9484850621276949,0.968423638929976,0.985881666188688,1.0,0.9856072578769008,0.963101507600272,0.9450006218533559,0.9280307437228951,0.9145656119671959,0.8969708416609911,0.885604232614773,0.879678562225003,0.862294313784534,0.833603230898443,0.8169279074509419,0.786572185364838,0.696936229370375,0.620228025910694,0.3806261744767371,0.183390162945893,0.00504628596282561
0.20537283914399804,0.43228607149921705,0.599758869487327,0.7114703229203271,0.7768359454845319,0.814233248269,0.843078814895173,0.8603869512439059,0.881114882088786,0.8984585978783021,0.9084667530352809,0.926588617873204,0.94475471419578,0.961773116102218,0.9856072578769008,1.0,0.984861588017642,0.965800490560378,0.947177076020325,0.9322878145532629,0.9148182620527651,0.9027825024604941,0.89411005978299,0.876962239809159,0.852166310180924,0.8326610044514928,0.801603666282433,0.7074418769593179,0.630333903287382,0.38495423694696096,0.195140522623469,0.00798278374560143
0.20299214627362602,0.419813817719225,0.588248571691609,0.699303133577037,0.764891201002822,0.8010180181144599,0.828968984182273,0.84592607477348,0.865672238822976,0.881381102297717,0.8903083923738709,0.906440038791692,0.923719496643438,0.939211086881004,0.963101507600272,0.984861588017642,1.0,0.98444504949385,0.962750725102937,0.94786699080349,0.928670908912353,0.9140355118445369,0.9039389102270708,0.887453436291731,0.8665233706269929,0.847942999737699,0.8153988830131859,0.721326255730044,0.6454692562288461,0.39718300230546005,0.20910521749101899,0.0122789078081075
0.19573756302666698,0.41125792979572995,0.580326362071611,0.6881134531174921,0.749487744159182,0.7865622866604158,0.814907177519712,0.8313198252655559,0.850546248821789,0.8652993939059019,0.8732412760836179,0.89067971138191,0.908944412992072,0.9230718118213721,0.9450006218533559,0.965800490560378,0.98444504949385,1.0,0.985134025653702,0.9686147492572929,0.949191010659949,0.9335808850489509,0.921082787689943,0.9050564471063359,0.8836399562796969,0.8649286815193079,0.8334589482972741,0.7396159803133922,0.66635831085586,0.41483302229123803,0.22471351425001998,0.0173068903305466
0.189164820386627,0.400368899103747,0.5741813200046529,0.6791813329144879,0.738288454543861,0.776348241462241,0.806313961263157,0.8194577233669291,0.8364053162144399,0.8497868830341899,0.859563299779097,0.8758612743161559,0.893147854715081,0.9065445723673299,0.9280307437228951,0.947177076020325,0.962750725102937,0.985134025653702,1.0,0.9856124745282109,0.9667880733766631,0.9483515687192041,0.935569647147139,0.9197572191220799,0.897685184839634,0.878592015741425,0.8469789541402291,0.7495034599029321,0.675378734571089,0.418250166421253,0.21994649035384803,0.0275260527442871
0.195763724554767,0.40008470836022997,0.572454183101715,0.6709792950646589,0.7281241369864551,0.7665915390037141,0.7990500394585699,0.811250710920416,0.8267622741869458,0.8396252404340849,0.8505916916097499,0.865460462035302,0.8813945373917978,0.894770460598042,0.9145656119671959,0.9322878145532629,0.94786699080349,0.9686147492572929,0.9856124745282109,1.0,0.987296911195869,0.9683827300026959,0.9531532159872439,0.935355177236874,0.915100411021393,0.8918453913858521,0.8593588547709491,0.7583830330918709,0.6865621229095862,0.42124168610787704,0.21643465590446398,0.032530333192555
0.18506533665946398,0.392652707108408,0.565114448707496,0.6609815136967729,0.7169967335853359,0.75671844466479,0.786269450431887,0.7984464121682561,0.812603439479332,0.824691474108187,0.8378712793372041,0.8527267534207009,0.8669416881329399,0.8787268635398969,0.8969708416609911,0.9148182620527651,0.928670908912353,0.949191010659949,0.9667880733766631,0.987296911195869,1.0,0.987634027395616,0.9713398999428541,0.9518722130108291,0.9314914264854659,0.9081754471136171,0.87464304864314,0.773734458235204,0.7003447315001601,0.42547002863612704,0.224015227116124,0.0393828320004
0.174016043302489,0.37323928932144396,0.5471104463649579,0.6419101187247329,0.7001489177943989,0.7422055352244901,0.770405204181217,0.784470687448126,0.79961220021179,0.809557277213023,0.823955753568195,0.840319776549712,0.856214496801202,0.868447307643015,0.885604232614773,0.9027825024604941,0.9140355118445369,0.9335808850489509,0.9483515687192041,0.9683827300026959,0.987634027395616,1.0,0.9825495970797908,0.960744567450749,0.938011112675235,0.913470940824498,0.879641976863857,0.775843252946721,0.7002652638584029,0.417187060108682,0.215268523925776,0.0306825391554984
0.168890473389359,0.373737726867008,0.538599073345849,0.6367264084323969,0.6951338856361979,0.735318110472004,0.7656638134505999,0.780215618579896,0.797433680528308,0.807802208084103,0.8212385623826359,0.837035060504995,0.852668897251869,0.86419605420864,0.879678562225003,0.89411005978299,0.9039389102270708,0.921082787689943,0.935569647147139,0.9531532159872439,0.9713398999428541,0.9825495970797908,1.0,0.9855202082836411,0.9610640570242679,0.9366514662299159,0.902036261798098,0.7989779311070649,0.725497724374178,0.4481503105227829,0.23706732499447897,0.0430078931561181
0.160375065282396,0.36763874324261797,0.532845685286312,0.628506562312703,0.6866386978499041,0.726014213735737,0.7564705026364631,0.7717251810021428,0.7902534189903009,0.7987078620914141,0.8113442618671409,0.8265433242247849,0.839174367731541,0.847370633547374,0.862294313784534,0.876962239809159,0.887453436291731,0.9050564471063359,0.9197572191220799,0.935355177236874,0.9518722130108291,0.960744567450749,0.9855202082836411,1.0,0.980727477964827,0.9551120939257859,0.9217918150389058,0.8211977618475351,0.7441203818380809,0.46078952907774606,0.243507690485978,0.0563235643341665
0.15082899018965498,0.36952795135896294,0.52453897404838,0.6172476104286371,0.674369010435957,0.7108592925578799,0.737397886590125,0.7502466736979109,0.7688684516590769,0.7749113875041371,0.78651007519241,0.800822332179846,0.8120476686017699,0.8181360190065541,0.833603230898443,0.852166310180924,0.8665233706269929,0.8836399562796969,0.897685184839634,0.915100411021393,0.9314914264854659,0.938011112675235,0.9610640570242679,0.980727477964827,1.0,0.974671820184901,0.9396512079553391,0.8418779802387341,0.7636367991973672,0.470255422138651,0.250314435735371,0.0750038458435077
0.141683186027918,0.366853785447633,0.518662956700885,0.611076413028871,0.66702111763953,0.701896164687662,0.730389788275702,0.7401521997521969,0.758670416580596,0.7659803335132069,0.7768169173994308,0.7901061523513259,0.8001726043425809,0.8058230442219501,0.8169279074509419,0.8326610044514928,0.847942999737699,0.8649286815193079,0.878592015741425,0.8918453913858521,0.9081754471136171,0.913470940824498,0.9366514662299159,0.9551120939257859,0.974671820184901,1.0,0.9755530343779271,0.872772326885478,0.7983469076809271,0.51482453487878,0.272809007417544,0.0785486106543393
0.130693179511756,0.34866442934011,0.490134117188195,0.583768984917135,0.6389237185684009,0.6748854506568649,0.70540600419099,0.712420477504908,0.730827391240714,0.7415873326573579,0.752162678802096,0.765703798443319,0.774065179654058,0.7756368136981221,0.786572185364838,0.801603666282433,0.8153988830131859,0.8334589482972741,0.8469789541402291,0.8593588547709491,0.87464304864314,0.879641976863857,0.902036261798098,0.9217918150389058,0.9396512079553391,0.9755530343779271,1.0,0.9121361627708441,0.833167337975384,0.545329984233169,0.30543944578106397,0.0961420722633432
0.0907752462432127,0.31913599840490603,0.433768164432965,0.515916852016787,0.560539367052042,0.5903259412406321,0.6164194445936,0.622851164122834,0.644875442418694,0.652717436815004,0.662779224395144,0.670655890438189,0.6822859051575979,0.684688164088826,0.696936229370375,0.7074418769593179,0.721326255730044,0.7396159803133922,0.7495034599029321,0.7583830330918709,0.773734458235204,0.775843252946721,0.7989779311070649,0.8211977618475351,0.8418779802387341,0.872772326885478,0.9121361627708441,1.0,0.9419045116175109,0.7197584043024621,0.40863213940870396,0.167742024164219
0.0734499333938713,0.296866702018286,0.39288156111735,0.466073450713543,0.504394917105733,0.526301185612753,0.546863465630174,0.5503551650967641,0.5736256215911241,0.5827320977694829,0.59012657428654,0.596838065028577,0.608614029791061,0.6077027523964521,0.620228025910694,0.630333903287382,0.6454692562288461,0.66635831085586,0.675378734571089,0.6865621229095862,0.7003447315001601,0.7002652638584029,0.725497724374178,0.7441203818380809,0.7636367991973672,0.7983469076809271,0.833167337975384,0.9419045116175109,1.0,0.8144067710750409,0.45455164193229897,0.20273684991432198
0.0526992065386269,0.17853628001715602,0.211000461911573,0.26251387313798996,0.290656645943943,0.298534049707394,0.319658640492802,0.323545612171861,0.341882522760401,0.342487845732549,0.345417669470786,0.35325010121064393,0.37055260639279297,0.37339638546782106,0.3806261744767371,0.38495423694696096,0.39718300230546005,0.41483302229123803,0.418250166421253,0.42124168610787704,0.42547002863612704,0.417187060108682,0.4481503105227829,0.46078952907774606,0.470255422138651,0.51482453487878,0.545329984233169,0.7197584043024621,0.8144067710750409,1.0,0.593489716988525,0.268725141388048
0.0351853881743232,0.0816478917438284,0.0732442828654141,0.117517953494784,0.138905806130929,0.14116146743642802,0.143584086288524,0.15252673115234802,0.153923205593528,0.16020417538167903,0.16187532183477202,0.168385609456785,0.17808370497235199,0.18058188667951103,0.183390162945893,0.195140522623469,0.20910521749101899,0.22471351425001998,0.21994649035384803,0.21643465590446398,0.224015227116124,0.215268523925776,0.23706732499447897,0.243507690485978,0.250314435735371,0.272809007417544,0.30543944578106397,0.40863213940870396,0.45455164193229897,0.593489716988525,1.0,0.47673328364108003
0.143257093013897,0.0688241153297585,0.0737227801127524,0.0472726130816455,0.0351164057870003,0.035501510434715,0.0305849209220152,0.0249718703026248,0.0218104224263994,0.0119628825818703,9.844120396664581e-05,0.007430492985776521,0.00471135826244709,0.00958784926317388,0.00504628596282561,0.00798278374560143,0.0122789078081075,0.0173068903305466,0.0275260527442871,0.032530333192555,0.0393828320004,0.0306825391554984,0.0430078931561181,0.0563235643341665,0.0750038458435077,0.0785486106543393,0.0961420722633432,0.167742024164219,0.20273684991432198,0.268725141388048,0.47673328364108003,1.0
