1.0,0.7586567995456579,0.6772246494737131,0.633565223640379,0.5982647501178149,0.5722546204658789,0.546928501902041,0.528049251458964,0.503843356560932,0.48753099327723803,0.474964541790057,0.45107912509449394,0.428547531006058,0.40754959701555105,0.38706491044997604,0.37550580600628497,0.351137420214604,0.34043663119798495,0.32438993128171,0.315832625135945,0.297633003653752,0.287646725282498,0.271526256334566,0.255075972325061,0.24268993752865198,0.20923350104298397,0.18288955991951303,0.12656564688014302,0.0497161554833849,0.0791468037091795,0.12673442778710098,0.25143332614534697
0.7586567995456579,1.0,0.917539786024389,0.860480858025276,0.828448447880902,0.8016562240070699,0.786467679918542,0.763848610655716,0.7420075894776359,0.726227843958326,0.7147702614742879,0.698813929090699,0.679846589590275,0.665008427749913,0.64505499268433,0.6317416972493299,0.6143750709672421,0.600615534253088,0.582833446291936,0.5745007559854219,0.559337857422474,0.546240432884724,0.527946961059555,0.507486656018581,0.49463165007520704,0.453831867380568,0.405869031659149,0.351379296157923,0.270398532120647,0.101765857952985,0.0666819124911321,0.15235235274000597
0.6772246494737131,0.917539786024389,1.0,0.9613278331767142,0.9293577866217141,0.9039359203168729,0.8869634782749879,0.867315736801323,0.8486235101755141,0.8323431061965608,0.819181151817046,0.8052012700358451,0.78871708479463,0.776754259848532,0.7595554475453501,0.748691531416227,0.733273987198277,0.719247020030328,0.7018802427214139,0.6907609471314541,0.6783853683686439,0.6684117388819311,0.65531760255621,0.6363991687739129,0.618140041662068,0.5791219912647579,0.531361231857754,0.48006750975143897,0.39780119668306796,0.21483958017049104,0.0286177173618744,0.0614112407604352
0.633565223640379,0.860480858025276,0.9613278331767142,1.0,0.9732566339622221,0.951736745697207,0.933767590955192,0.9176352895919392,0.9002682715454979,0.885471988600991,0.872224994667762,0.8582279395799799,0.8421207710000479,0.8326849231550171,0.8171826529932241,0.806101618385922,0.792693141406713,0.7765701771292791,0.76091380729526,0.7501727880875508,0.741886318170063,0.733601316750327,0.7220956086866022,0.701240441675919,0.6829254507267221,0.64594181689477,0.602147017992635,0.5543130594047221,0.46734173536633,0.27488589313676304,0.0912143052116142,0.0119120317614954
0.5982647501178149,0.828448447880902,0.9293577866217141,0.9732566339622221,1.0,0.980123423591228,0.962646642468809,0.9474016800628551,0.931464825385055,0.91698903287819,0.903422788043433,0.890767223797503,0.875417968087896,0.8664745755897759,0.8514115843547109,0.8418540126887589,0.8284985167254041,0.8133391579955591,0.796911308151848,0.7867615375219391,0.778613980177773,0.770512496784524,0.7606165428241449,0.740523964901902,0.72246706249071,0.6870634742407901,0.642291219237042,0.594124434571707,0.5035379181898371,0.309699617231532,0.111391546380542,0.0399093322071421
0.5722546204658789,0.8016562240070699,0.9039359203168729,0.951736745697207,0.980123423591228,1.0,0.9838933087405101,0.969458114272178,0.9550664032889742,0.942713720856182,0.929217029679547,0.917584029726569,0.902018679313837,0.892426739899604,0.8766447250631851,0.8669541934060859,0.8553420861058331,0.841676649034856,0.8273378253636691,0.8171753119054301,0.8093968019692349,0.8008852167587471,0.7924356586764071,0.771896761741446,0.7553540227629679,0.7218215822986279,0.6802551473615329,0.632698244986543,0.544422745158132,0.35357061016986496,0.151227145158504,0.0817515537778867
0.546928501902041,0.786467679918542,0.8869634782749879,0.933767590955192,0.962646642468809,0.9838933087405101,1.0,0.987993661292515,0.9744173725602591,0.9622816639498409,0.9473700314100791,0.9363912517000121,0.921687282144328,0.911575425562767,0.8975172576667679,0.88848785884425,0.878126365384876,0.865705442564304,0.853737965781859,0.843808582952377,0.8340925255041541,0.824711699561191,0.815961775328967,0.796968634897857,0.7817902573060329,0.748799821736297,0.707888687392879,0.660145483401401,0.572349892935661,0.38138272227529996,0.17010372808823498,0.0999894803202994
0.528049251458964,0.763848610655716,0.867315736801323,0.9176352895919392,0.9474016800628551,0.969458114272178,0.987993661292515,1.0,0.989284295627042,0.9764029065261371,0.962100925839428,0.9498672215130329,0.9354268921881759,0.9237732242869822,0.909458888311926,0.9004430259604642,0.8906594903642181,0.879183793063445,0.8678323179637429,0.85844652875716,0.848921810454193,0.840428995076301,0.831783633930802,0.8152032285784342,0.8017136110000709,0.7713051769389621,0.733467872097631,0.6867964184513872,0.597367234446031,0.40089923186705395,0.191300675194113,0.12756198593084
0.503843356560932,0.7420075894776359,0.8486235101755141,0.9002682715454979,0.931464825385055,0.9550664032889742,0.9744173725602591,0.989284295627042,1.0,0.990078871014501,0.977659232793173,0.9659368730408759,0.950871325850315,0.9378577513680899,0.9222656129969891,0.91221031677313,0.902094698938866,0.891030553082124,0.880967452216076,0.871229706213817,0.862291482672784,0.854835086765521,0.847285048355637,0.831112930280909,0.8183426591539079,0.790633730678167,0.752892833299228,0.707486079383979,0.6175203026154871,0.41603684756197296,0.20693028791294898,0.146875583434237
0.48753099327723803,0.726227843958326,0.8323431061965608,0.885471988600991,0.91698903287819,0.942713720856182,0.9622816639498409,0.9764029065261371,0.990078871014501,1.0,0.9894132343550591,0.9773321210458531,0.961268510645579,0.947703500992516,0.930013852506682,0.9201979289697472,0.9097955848662791,0.898842940522197,0.8884427914632329,0.879106504135389,0.8712364091115609,0.864463678615203,0.8566542280732191,0.8403850518627108,0.8277303902412909,0.800288373025085,0.7638452515272571,0.7188033824570021,0.6309383922443921,0.42969099136987604,0.215571591764187,0.156967284807086
0.474964541790057,0.7147702614742879,0.819181151817046,0.872224994667762,0.903422788043433,0.929217029679547,0.9473700314100791,0.962100925839428,0.977659232793173,0.9894132343550591,1.0,0.9908779603027059,0.976898865167647,0.962700954330996,0.9429107203486191,0.9324519464186128,0.9206578502972009,0.909589413418091,0.899320621934774,0.891109982164003,0.884683206738465,0.8785007603994849,0.8708002227919871,0.855255075120669,0.842834833048083,0.817516750477439,0.7830327793933121,0.739353563047924,0.651883656981654,0.44387834841723606,0.22248254072902698,0.16977282597814702
0.45107912509449394,0.698813929090699,0.8052012700358451,0.8582279395799799,0.890767223797503,0.917584029726569,0.9363912517000121,0.9498672215130329,0.9659368730408759,0.9773321210458531,0.9908779603027059,1.0,0.9903868162240641,0.9778484434252339,0.959825244677834,0.947895902375408,0.9364336095620258,0.9245350400264799,0.915788511547124,0.908509385633051,0.9031760681520801,0.8978186386197191,0.889851900932104,0.8755514925182242,0.863842149378478,0.8408251218570579,0.808663099223295,0.7682289690547751,0.682403879441486,0.464965579931489,0.24337016673978698,0.197535558995072
0.428547531006058,0.679846589590275,0.78871708479463,0.8421207710000479,0.875417968087896,0.902018679313837,0.921687282144328,0.9354268921881759,0.950871325850315,0.961268510645579,0.976898865167647,0.9903868162240641,1.0,0.9905067485771321,0.974904532150206,0.9619434510735659,0.948296155101587,0.935022793317399,0.924622905208126,0.9181540108686941,0.913357480066549,0.9087273562301509,0.900654688148534,0.887474836933178,0.876412188922507,0.855348132052537,0.8249255484902249,0.786703583228113,0.7018797696956739,0.47919426191819703,0.254979866391436,0.22244188857498898
0.40754959701555105,0.665008427749913,0.776754259848532,0.8326849231550171,0.8664745755897759,0.892426739899604,0.911575425562767,0.9237732242869822,0.9378577513680899,0.947703500992516,0.962700954330996,0.9778484434252339,0.9905067485771321,1.0,0.989464548282025,0.976886423175758,0.9634354811423249,0.9511544967873199,0.939688223408087,0.932817764963238,0.928019253345395,0.9231144609877341,0.914977683889127,0.9016650387939459,0.8893304398850942,0.8704168105866701,0.8399835436253421,0.8033434276597409,0.7213849889681501,0.501564054296577,0.27070752213724303,0.23939268564855198
0.38706491044997604,0.64505499268433,0.7595554475453501,0.8171826529932241,0.8514115843547109,0.8766447250631851,0.8975172576667679,0.909458888311926,0.9222656129969891,0.930013852506682,0.9429107203486191,0.959825244677834,0.974904532150206,0.989464548282025,1.0,0.990789887755762,0.9783870928417622,0.964758834144337,0.9526805172800329,0.9453419956663449,0.939201915469625,0.9333600853603851,0.925939023330208,0.912516245695283,0.9005343376266551,0.8837183329864441,0.855075504277937,0.8199729141687919,0.7424235905497258,0.526317379427892,0.289740880223298,0.24931762854776698
0.37550580600628497,0.6317416972493299,0.748691531416227,0.806101618385922,0.8418540126887589,0.8669541934060859,0.88848785884425,0.9004430259604642,0.91221031677313,0.9201979289697472,0.9324519464186128,0.947895902375408,0.9619434510735659,0.976886423175758,0.990789887755762,1.0,0.991003159416001,0.978927637122881,0.9664662996389809,0.9584811889500359,0.951645469159598,0.9462507204102909,0.9395191127908841,0.9261231739026851,0.9153735227362421,0.8978591564383979,0.8689246769970199,0.833746349803565,0.7544460008857359,0.543246571278296,0.301577988537593,0.264883431568886
0.351137420214604,0.6143750709672421,0.733273987198277,0.792693141406713,0.8284985167254041,0.8553420861058331,0.878126365384876,0.8906594903642181,0.902094698938866,0.9097955848662791,0.9206578502972009,0.9364336095620258,0.948296155101587,0.9634354811423249,0.9783870928417622,0.991003159416001,1.0,0.99175306083104,0.9800876382380369,0.9714614698981779,0.964842842345486,0.9583216877437108,0.950741503443803,0.9381197232059979,0.927665709820565,0.910801283708463,0.882759992739457,0.851871015890457,0.777778860412739,0.573437856120314,0.329118171764176,0.29201716806838895
0.34043663119798495,0.600615534253088,0.719247020030328,0.7765701771292791,0.8133391579955591,0.841676649034856,0.865705442564304,0.879183793063445,0.891030553082124,0.898842940522197,0.909589413418091,0.9245350400264799,0.935022793317399,0.9511544967873199,0.964758834144337,0.978927637122881,0.99175306083104,1.0,0.992285265807952,0.9826394988857241,0.9745606851027231,0.966305196378104,0.957142722446256,0.94486783840803,0.934144458138632,0.917093662973976,0.8877272257927691,0.857692471645332,0.78442455416086,0.5804992348226171,0.33340382688979203,0.299359588719603
0.32438993128171,0.582833446291936,0.7018802427214139,0.76091380729526,0.796911308151848,0.8273378253636691,0.853737965781859,0.8678323179637429,0.880967452216076,0.8884427914632329,0.899320621934774,0.915788511547124,0.924622905208126,0.939688223408087,0.9526805172800329,0.9664662996389809,0.9800876382380369,0.992285265807952,1.0,0.992664899482729,0.983738023947,0.974729005415231,0.965356008327705,0.9527152185107371,0.9416025464368759,0.924053947911308,0.8930715878707259,0.864217720684192,0.79149866930013,0.5927011325077409,0.34919206658356006,0.31373500503809
0.315832625135945,0.5745007559854219,0.6907609471314541,0.7501727880875508,0.7867615375219391,0.8171753119054301,0.843808582952377,0.85844652875716,0.871229706213817,0.879106504135389,0.891109982164003,0.908509385633051,0.9181540108686941,0.932817764963238,0.9453419956663449,0.9584811889500359,0.9714614698981779,0.9826394988857241,0.992664899482729,1.0,0.9933432526882221,0.9839871690598699,0.9747934737553822,0.9617615600094491,0.950806775791373,0.934312948465191,0.9047901413007929,0.87784637651015,0.808840329205887,0.608932364542847,0.36546797069029396,0.32307031035455397
0.297633003653752,0.559337857422474,0.6783853683686439,0.741886318170063,0.778613980177773,0.8093968019692349,0.8340925255041541,0.848921810454193,0.862291482672784,0.8712364091115609,0.884683206738465,0.9031760681520801,0.913357480066549,0.928019253345395,0.939201915469625,0.951645469159598,0.964842842345486,0.9745606851027231,0.983738023947,0.9933432526882221,1.0,0.9922327781135469,0.9819881738762242,0.9692980341107559,0.9581896852777809,0.9429191158232411,0.916364660902109,0.8903469675334621,0.819372763601317,0.625437148755174,0.38264054911181705,0.341547478219247
0.287646725282498,0.546240432884724,0.6684117388819311,0.733601316750327,0.770512496784524,0.8008852167587471,0.824711699561191,0.840428995076301,0.854835086765521,0.864463678615203,0.8785007603994849,0.8978186386197191,0.9087273562301509,0.9231144609877341,0.9333600853603851,0.9462507204102909,0.9583216877437108,0.966305196378104,0.974729005415231,0.9839871690598699,0.9922327781135469,1.0,0.9914526411628771,0.9805939949427209,0.968198553754338,0.9542239078708441,0.9295069442950671,0.9014627529195841,0.8303005930867622,0.633657427570247,0.38610750891597206,0.359808187970909
0.271526256334566,0.527946961059555,0.65531760255621,0.7220956086866022,0.7606165428241449,0.7924356586764071,0.815961775328967,0.831783633930802,0.847285048355637,0.8566542280732191,0.8708002227919871,0.889851900932104,0.900654688148534,0.914977683889127,0.925939023330208,0.9395191127908841,0.950741503443803,0.957142722446256,0.965356008327705,0.9747934737553822,0.9819881738762242,0.9914526411628771,1.0,0.990620896492923,0.978753076677615,0.9653674179565629,0.9399858056990351,0.91516943878689,0.8438565591090641,0.652484216232353,0.40160324181578705,0.379143585115832
0.255075972325061,0.507486656018581,0.6363991687739129,0.701240441675919,0.740523964901902,0.771896761741446,0.796968634897857,0.8152032285784342,0.831112930280909,0.8403850518627108,0.855255075120669,0.8755514925182242,0.887474836933178,0.9016650387939459,0.912516245695283,0.9261231739026851,0.9381197232059979,0.94486783840803,0.9527152185107371,0.9617615600094491,0.9692980341107559,0.9805939949427209,0.990620896492923,1.0,0.9904931019409711,0.976866829740978,0.950616214674359,0.927875317688648,0.8603458921555871,0.667472971680373,0.425166197156841,0.40043377120127
0.24268993752865198,0.49463165007520704,0.618140041662068,0.6829254507267221,0.72246706249071,0.7553540227629679,0.7817902573060329,0.8017136110000709,0.8183426591539079,0.8277303902412909,0.842834833048083,0.863842149378478,0.876412188922507,0.8893304398850942,0.9005343376266551,0.9153735227362421,0.927665709820565,0.934144458138632,0.9416025464368759,0.950806775791373,0.9581896852777809,0.968198553754338,0.978753076677615,0.9904931019409711,1.0,0.9868277693796809,0.9631219948788551,0.940231831348321,0.875305658016117,0.6778713747671999,0.440447388154099,0.408475625830729
0.20923350104298397,0.453831867380568,0.5791219912647579,0.64594181689477,0.6870634742407901,0.7218215822986279,0.748799821736297,0.7713051769389621,0.790633730678167,0.800288373025085,0.817516750477439,0.8408251218570579,0.855348132052537,0.8704168105866701,0.8837183329864441,0.8978591564383979,0.910801283708463,0.917093662973976,0.924053947911308,0.934312948465191,0.9429191158232411,0.9542239078708441,0.9653674179565629,0.976866829740978,0.9868277693796809,1.0,0.98205555638254,0.959970833821875,0.8998091767595899,0.701883112900645,0.456781981544966,0.43746697978423404
0.18288955991951303,0.405869031659149,0.531361231857754,0.602147017992635,0.642291219237042,0.6802551473615329,0.707888687392879,0.733467872097631,0.752892833299228,0.7638452515272571,0.7830327793933121,0.808663099223295,0.8249255484902249,0.8399835436253421,0.855075504277937,0.8689246769970199,0.882759992739457,0.8877272257927691,0.8930715878707259,0.9047901413007929,0.916364660902109,0.9295069442950671,0.9399858056990351,0.950616214674359,0.9631219948788551,0.98205555638254,1.0,0.9764387487921969,0.922187088330503,0.725951234989001,0.481627979004163,0.477002920631423
0.12656564688014302,0.351379296157923,0.48006750975143897,0.5543130594047221,0.594124434571707,0.632698244986543,0.660145483401401,0.6867964184513872,0.707486079383979,0.7188033824570021,0.739353563047924,0.7682289690547751,0.786703583228113,0.8033434276597409,0.8199729141687919,0.833746349803565,0.851871015890457,0.857692471645332,0.864217720684192,0.87784637651015,0.8903469675334621,0.9014627529195841,0.91516943878689,0.927875317688648,0.940231831348321,0.959970833821875,0.9764387487921969,1.0,0.9531816304264871,0.7666750026260029,0.530703331926342,0.529775479621968
0.0497161554833849,0.270398532120647,0.39780119668306796,0.46734173536633,0.5035379181898371,0.544422745158132,0.572349892935661,0.597367234446031,0.6175203026154871,0.6309383922443921,0.651883656981654,0.682403879441486,0.7018797696956739,0.7213849889681501,0.7424235905497258,0.7544460008857359,0.777778860412739,0.78442455416086,0.79149866930013,0.808840329205887,0.819372763601317,0.8303005930867622,0.8438565591090641,0.8603458921555871,0.875305658016117,0.8998091767595899,0.922187088330503,0.9531816304264871,1.0,0.8581444082138829,0.614098006384787,0.5753999859474599
0.0791468037091795,0.101765857952985,0.21483958017049104,0.27488589313676304,0.309699617231532,0.35357061016986496,0.38138272227529996,0.40089923186705395,0.41603684756197296,0.42969099136987604,0.44387834841723606,0.464965579931489,0.47919426191819703,0.501564054296577,0.526317379427892,0.543246571278296,0.573437856120314,0.5804992348226171,0.5927011325077409,0.608932364542847,0.625437148755174,0.633657427570247,0.652484216232353,0.667472971680373,0.6778713747671999,0.701883112900645,0.725951234989001,0.7666750026260029,0.8581444082138829,1.0,0.7914936075365141,0.648635279478874
0.12673442778710098,0.0666819124911321,0.0286177173618744,0.0912143052116142,0.111391546380542,0.151227145158504,0.17010372808823498,0.191300675194113,0.20693028791294898,0.215571591764187,0.22248254072902698,0.24337016673978698,0.254979866391436,0.27070752213724303,0.289740880223298,0.301577988537593,0.329118171764176,0.33340382688979203,0.34919206658356006,0.36546797069029396,0.38264054911181705,0.38610750891597206,0.40160324181578705,0.425166197156841,0.440447388154099,0.456781981544966,0.481627979004163,0.530703331926342,0.614098006384787,0.7914936075365141,1.0,0.6950977452746829
0.25143332614534697,0.15235235274000597,0.0614112407604352,0.0119120317614954,0.0399093322071421,0.0817515537778867,0.0999894803202994,0.12756198593084,0.146875583434237,0.156967284807086,0.16977282597814702,0.197535558995072,0.22244188857498898,0.23939268564855198,0.24931762854776698,0.264883431568886,0.29201716806838895,0.299359588719603,0.31373500503809,0.32307031035455397,0.341547478219247,0.359808187970909,0.379143585115832,0.40043377120127,0.408475625830729,0.43746697978423404,0.477002920631423,0.529775479621968,0.5753999859474599,0.648635279478874,0.6950977452746829,1.0
