1.0,0.47878132384106703,0.37775169486608706,0.305883760643539,0.282801491186296,0.241068636858036,0.20271676823682397,0.179054970648133,0.168332687493134,0.1552322204811,0.15456517134179998,0.153702278761652,0.152042265434313,0.135581367790888,0.12252251745981699,0.10994028614862401,0.10074935165654901,0.0983398206975365,0.0901925822281828,0.0817905711166664,0.0920922114954866,0.0996899874184581,0.0970355935018564,0.0953884765946853,0.0855360419841522,0.0728508629780034,0.0613932257426226,0.0422753970946735,0.0380467029284319,0.0034364213429010897,0.0390054901162551,0.11339891030700401
0.47878132384106703,1.0,0.8304107164974,0.7359884582364151,0.684951196603091,0.625429759081344,0.579872993304744,0.554133614375676,0.536799684681201,0.50678750751844,0.500151767611245,0.492703187749443,0.4874491521763879,0.468134571397065,0.452334379199204,0.43269548470572206,0.41392923159792105,0.40187813904685,0.3936930003293189,0.38290323389512104,0.38884115944362896,0.39360031704588005,0.39474792412587395,0.37733028166556604,0.37015595556246506,0.35549246626598,0.344811087520399,0.332944533397967,0.30821062238409996,0.23039576135578402,0.0925883094664552,0.00657951227351112
0.37775169486608706,0.8304107164974,1.0,0.9148880495863759,0.8525088961616629,0.804445907978436,0.759763849918839,0.726463538212681,0.7081902034191391,0.668015994716943,0.6567574635344849,0.646315424737038,0.639209903839223,0.611047601645701,0.59269703847723,0.571354968552525,0.553819923790621,0.553235291723963,0.553177459529414,0.5435049461254771,0.5480606528169799,0.547946826926879,0.543717943211168,0.521548696773819,0.516797085971461,0.5014921687041279,0.48241159016395396,0.460911888618445,0.425914324769846,0.32727320991578995,0.15465042751407002,0.068893149187289
0.305883760643539,0.7359884582364151,0.9148880495863759,1.0,0.9473759955583149,0.898699436749187,0.865113217027035,0.8306088446215959,0.804395992030893,0.7679986996425471,0.7586573077287869,0.746783866204682,0.73384602966438,0.709467557052828,0.6924384055171741,0.67283278595108,0.656982042658954,0.658755292344148,0.6584017742871341,0.647064554495792,0.648425769554891,0.6451056780627491,0.634579355620372,0.61724365850234,0.608732352122806,0.5945029578891221,0.575201906017454,0.5529898407179661,0.511445033881084,0.405075695427003,0.21260035387450896,0.112812966864547
0.282801491186296,0.684951196603091,0.8525088961616629,0.9473759955583149,1.0,0.9544758241594699,0.914437931181823,0.8819449855023129,0.8540103177651469,0.8202645992478271,0.8078062223361949,0.7941241049858231,0.7782779726961451,0.7551004303779549,0.7396542874626899,0.718974654921785,0.704355716113075,0.705637359904961,0.7065867941004279,0.6976628019434871,0.699671876511835,0.696148816836054,0.6863591024739011,0.672340334658085,0.666803620960195,0.649395644227661,0.6271337667697021,0.602756408715628,0.55612853508371,0.44640484147509396,0.259642972190058,0.128346249823119
0.241068636858036,0.625429759081344,0.804445907978436,0.898699436749187,0.9544758241594699,1.0,0.9687466358355,0.934973659730048,0.910342567616956,0.883760904936028,0.8672011619750241,0.854300049854799,0.8436310085856908,0.8206362536127672,0.804265390820999,0.780540983025854,0.76378211660298,0.7636598718820401,0.7638354352870992,0.7561115029763141,0.7518191676484759,0.744169307099706,0.7355447183219391,0.7231760881201279,0.7173948368520029,0.7037680461101371,0.6823353089224828,0.654922339352619,0.601273123294209,0.47928427262325707,0.283726213014532,0.164634383352821
0.20271676823682397,0.579872993304744,0.759763849918839,0.865113217027035,0.914437931181823,0.9687466358355,1.0,0.9741601514549201,0.9496172730818729,0.923781136894431,0.903245725574797,0.89026541201003,0.8789742252329609,0.8546212013395921,0.839903667587614,0.814732088146614,0.79751981184986,0.7979866476924509,0.7961268694579008,0.7891536377114069,0.7832793364535721,0.7755493882956921,0.765555048707988,0.7512050052875658,0.7446306400921701,0.73305671351132,0.7138797108645291,0.6879373562541979,0.636096313814646,0.508691744837267,0.311439355284814,0.18354727370359303
0.179054970648133,0.554133614375676,0.726463538212681,0.8306088446215959,0.8819449855023129,0.934973659730048,0.9741601514549201,1.0,0.979006887637902,0.9577598584160909,0.935880782996648,0.922337264249277,0.909265193252352,0.8864569633271501,0.8729648733817009,0.848549870435016,0.8315280671595459,0.8303612794785659,0.8259758832129781,0.8164891634175641,0.8107114997343259,0.803386526558949,0.7948400133488609,0.781378501968909,0.773080790914022,0.7573937448173208,0.73880269213387,0.712942585763759,0.662139749953897,0.530050840405715,0.319786667872368,0.191315202407112
0.168332687493134,0.536799684681201,0.7081902034191391,0.804395992030893,0.8540103177651469,0.910342567616956,0.9496172730818729,0.979006887637902,1.0,0.9802098091557071,0.9556040328964871,0.942852163616332,0.9308893659557621,0.909077104794254,0.892316113744601,0.869317548229173,0.851620399012894,0.849200512342637,0.844886067404353,0.836207765733516,0.8297834344048292,0.820338745201595,0.8123628453801741,0.799315977393323,0.7898870741306999,0.771124943033034,0.7507220749810941,0.722552659031546,0.6736457234963029,0.5392186495453449,0.329825797485836,0.20637408044067002
0.1552322204811,0.50678750751844,0.668015994716943,0.7679986996425471,0.8202645992478271,0.883760904936028,0.923781136894431,0.9577598584160909,0.9802098091557071,1.0,0.9785591995847478,0.9637457249233801,0.948067307293659,0.926709053381406,0.909569774739682,0.8870796863238779,0.870925176620609,0.868398624343011,0.8637666099489941,0.855444912826163,0.8470645789104959,0.835102589524897,0.8288767135954941,0.815411801639579,0.802517160759158,0.7831438462546558,0.763043743510558,0.7337551558194871,0.678981409137862,0.543537570803976,0.339573441024669,0.208635972194111
0.15456517134179998,0.500151767611245,0.6567574635344849,0.7586573077287869,0.8078062223361949,0.8672011619750241,0.903245725574797,0.935880782996648,0.9556040328964871,0.9785591995847478,1.0,0.985917385024486,0.9653063661330709,0.941482080795013,0.9185662675243941,0.893186947980028,0.876461803749088,0.872140195362808,0.8663637190657181,0.857173916249981,0.8499459372520909,0.839489063312721,0.834384131305667,0.8212710043267909,0.8076036605724829,0.7906537096006959,0.771566061272765,0.743345315238024,0.6917656185411439,0.557041969206731,0.343179114872805,0.20340603007758398
0.153702278761652,0.492703187749443,0.646315424737038,0.746783866204682,0.7941241049858231,0.854300049854799,0.89026541201003,0.922337264249277,0.942852163616332,0.9637457249233801,0.985917385024486,1.0,0.9838808198225771,0.958460740597187,0.932605299624664,0.9046827455956089,0.887016631426143,0.881165366810575,0.8732961192798409,0.8634295282719009,0.8559480342422741,0.846615044765889,0.842112400553189,0.8299846556102539,0.816247122273408,0.799860762072896,0.7806403927526991,0.750063237472516,0.699213023833589,0.564268190483442,0.353098500408168,0.216681055837442
0.152042265434313,0.4874491521763879,0.639209903839223,0.73384602966438,0.7782779726961451,0.8436310085856908,0.8789742252329609,0.909265193252352,0.9308893659557621,0.948067307293659,0.9653063661330709,0.9838808198225771,1.0,0.9801684216219742,0.955370766953675,0.9273334925488042,0.90647979688291,0.8958971067852809,0.8867367298201321,0.875582327606197,0.868016924932775,0.8597495233555329,0.855660100977588,0.846504791906991,0.8342467074424091,0.8182473436014351,0.7989667059313891,0.769052784395557,0.721486183013989,0.5858808516575831,0.373554948174559,0.235041907172276
0.135581367790888,0.468134571397065,0.611047601645701,0.709467557052828,0.7551004303779549,0.8206362536127672,0.8546212013395921,0.8864569633271501,0.909077104794254,0.926709053381406,0.941482080795013,0.958460740597187,0.9801684216219742,1.0,0.9809778495320279,0.953218011675178,0.93083337756724,0.916290816961787,0.906031178048787,0.892968554836729,0.8841798925662951,0.874909321559203,0.8699328926958271,0.862272646734879,0.8497576449915992,0.8326857859293191,0.8107960947796391,0.7787328126837579,0.733535776681409,0.6002204600906279,0.386970386874144,0.233707966908768
0.12252251745981699,0.452334379199204,0.59269703847723,0.6924384055171741,0.7396542874626899,0.804265390820999,0.839903667587614,0.8729648733817009,0.892316113744601,0.909569774739682,0.9185662675243941,0.932605299624664,0.955370766953675,0.9809778495320279,1.0,0.9820901486937241,0.962379690755965,0.945437994162592,0.9342612342052791,0.9184783627068001,0.90933465311123,0.8971401596272591,0.891133663120203,0.883708803634392,0.8723821407780419,0.856407139745559,0.832647805002934,0.798509703228273,0.754315248440631,0.624249792183525,0.39301175628548496,0.24800372824344397
0.10994028614862401,0.43269548470572206,0.571354968552525,0.67283278595108,0.718974654921785,0.780540983025854,0.814732088146614,0.848549870435016,0.869317548229173,0.8870796863238779,0.893186947980028,0.9046827455956089,0.9273334925488042,0.953218011675178,0.9820901486937241,1.0,0.985849738935052,0.967586846336336,0.953910616107619,0.9353376669059871,0.920311502191729,0.9061359153618079,0.8994892800462629,0.8903783263124649,0.8781924266004799,0.861898499672965,0.83388231948002,0.7964651560611821,0.7530193331682621,0.630424464645975,0.39953713310978295,0.26297867179650797
0.10074935165654901,0.41392923159792105,0.553819923790621,0.656982042658954,0.704355716113075,0.76378211660298,0.79751981184986,0.8315280671595459,0.851620399012894,0.870925176620609,0.876461803749088,0.887016631426143,0.90647979688291,0.93083337756724,0.962379690755965,0.985849738935052,1.0,0.9868900611510409,0.970125359622228,0.950595001547302,0.933684307451058,0.919387615518223,0.9113846178226508,0.9011550920397622,0.8893790544662321,0.873220680528765,0.843667498903134,0.8045330413214169,0.762772935986318,0.6418817535322171,0.411096754991692,0.27457293054432397
0.0983398206975365,0.40187813904685,0.553235291723963,0.658755292344148,0.705637359904961,0.7636598718820401,0.7979866476924509,0.8303612794785659,0.849200512342637,0.868398624343011,0.872140195362808,0.881165366810575,0.8958971067852809,0.916290816961787,0.945437994162592,0.967586846336336,0.9868900611510409,1.0,0.9870315859550659,0.9682416370405379,0.95111143697587,0.93474791336054,0.9260870821416929,0.914988974146264,0.9023887848967791,0.8854575025324442,0.856068980588044,0.815338330345196,0.773826919832871,0.6504367355315981,0.408963061509413,0.277547529360549
0.0901925822281828,0.3936930003293189,0.553177459529414,0.6584017742871341,0.7065867941004279,0.7638354352870992,0.7961268694579008,0.8259758832129781,0.844886067404353,0.8637666099489941,0.8663637190657181,0.8732961192798409,0.8867367298201321,0.906031178048787,0.9342612342052791,0.953910616107619,0.970125359622228,0.9870315859550659,1.0,0.985941215528381,0.96683175843521,0.950234000704534,0.938604496151984,0.9266244936843181,0.9144974311694871,0.8980086515776959,0.8690969087644801,0.8282590343873381,0.7842622096337901,0.6611635313817329,0.414364956086187,0.27982228935875103
0.0817905711166664,0.38290323389512104,0.5435049461254771,0.647064554495792,0.6976628019434871,0.7561115029763141,0.7891536377114069,0.8164891634175641,0.836207765733516,0.855444912826163,0.857173916249981,0.8634295282719009,0.875582327606197,0.892968554836729,0.9184783627068001,0.9353376669059871,0.950595001547302,0.9682416370405379,0.985941215528381,1.0,0.9842977988968841,0.967804415701566,0.9550943612104821,0.9412023354391301,0.927582550191575,0.9103765041386591,0.8826171467685029,0.842740670253302,0.794572612437739,0.664254951535623,0.417140136530284,0.29108444445076803
0.0920922114954866,0.38884115944362896,0.5480606528169799,0.648425769554891,0.699671876511835,0.7518191676484759,0.7832793364535721,0.8107114997343259,0.8297834344048292,0.8470645789104959,0.8499459372520909,0.8559480342422741,0.868016924932775,0.8841798925662951,0.90933465311123,0.920311502191729,0.933684307451058,0.95111143697587,0.96683175843521,0.9842977988968841,1.0,0.986801157380282,0.9722537249042359,0.957660763936685,0.9438911193894299,0.924914014176111,0.899363007136066,0.8638078327197359,0.8188869339871941,0.694431026093938,0.43605282892511704,0.289795487193353
0.0996899874184581,0.39360031704588005,0.547946826926879,0.6451056780627491,0.696148816836054,0.744169307099706,0.7755493882956921,0.803386526558949,0.820338745201595,0.835102589524897,0.839489063312721,0.846615044765889,0.8597495233555329,0.874909321559203,0.8971401596272591,0.9061359153618079,0.919387615518223,0.93474791336054,0.950234000704534,0.967804415701566,0.986801157380282,1.0,0.986342329427393,0.971649207388782,0.957289685260725,0.9368213328480219,0.9139513457276299,0.8796571553499979,0.8323629383108678,0.709076022192626,0.444552780388294,0.29838343972257503
0.0970355935018564,0.39474792412587395,0.543717943211168,0.634579355620372,0.6863591024739011,0.7355447183219391,0.765555048707988,0.7948400133488609,0.8123628453801741,0.8288767135954941,0.834384131305667,0.842112400553189,0.855660100977588,0.8699328926958271,0.891133663120203,0.8994892800462629,0.9113846178226508,0.9260870821416929,0.938604496151984,0.9550943612104821,0.9722537249042359,0.986342329427393,1.0,0.985042196925572,0.9677210606148722,0.948931486525354,0.9281967580871471,0.894088107816939,0.8426512957911322,0.7172736204031241,0.445678813716433,0.292700264902148
0.0953884765946853,0.37733028166556604,0.521548696773819,0.61724365850234,0.672340334658085,0.7231760881201279,0.7512050052875658,0.781378501968909,0.799315977393323,0.815411801639579,0.8212710043267909,0.8299846556102539,0.846504791906991,0.862272646734879,0.883708803634392,0.8903783263124649,0.9011550920397622,0.914988974146264,0.9266244936843181,0.9412023354391301,0.957660763936685,0.971649207388782,0.985042196925572,1.0,0.9838895787325609,0.965180180954006,0.941357282283696,0.904658903944028,0.8575516428571519,0.727932872375667,0.445734511652503,0.29980352319567605
0.0855360419841522,0.37015595556246506,0.516797085971461,0.608732352122806,0.666803620960195,0.7173948368520029,0.7446306400921701,0.773080790914022,0.7898870741306999,0.802517160759158,0.8076036605724829,0.816247122273408,0.8342467074424091,0.8497576449915992,0.8723821407780419,0.8781924266004799,0.8893790544662321,0.9023887848967791,0.9144974311694871,0.927582550191575,0.9438911193894299,0.957289685260725,0.9677210606148722,0.9838895787325609,1.0,0.9810782977636411,0.953568299221354,0.9156271250506149,0.8678043679812929,0.7365214498169291,0.461466359432045,0.314510051634069
0.0728508629780034,0.35549246626598,0.5014921687041279,0.5945029578891221,0.649395644227661,0.7037680461101371,0.73305671351132,0.7573937448173208,0.771124943033034,0.7831438462546558,0.7906537096006959,0.799860762072896,0.8182473436014351,0.8326857859293191,0.856407139745559,0.861898499672965,0.873220680528765,0.8854575025324442,0.8980086515776959,0.9103765041386591,0.924914014176111,0.9368213328480219,0.948931486525354,0.965180180954006,0.9810782977636411,1.0,0.9760520801936999,0.9374419429505431,0.8894680045213219,0.761494752410634,0.463874782287753,0.31543102815029306
0.0613932257426226,0.344811087520399,0.48241159016395396,0.575201906017454,0.6271337667697021,0.6823353089224828,0.7138797108645291,0.73880269213387,0.7507220749810941,0.763043743510558,0.771566061272765,0.7806403927526991,0.7989667059313891,0.8107960947796391,0.832647805002934,0.83388231948002,0.843667498903134,0.856068980588044,0.8690969087644801,0.8826171467685029,0.899363007136066,0.9139513457276299,0.9281967580871471,0.941357282283696,0.953568299221354,0.9760520801936999,1.0,0.969184703863393,0.922603059767472,0.8079983459014809,0.486848948481502,0.317337377908094
0.0422753970946735,0.332944533397967,0.460911888618445,0.5529898407179661,0.602756408715628,0.654922339352619,0.6879373562541979,0.712942585763759,0.722552659031546,0.7337551558194871,0.743345315238024,0.750063237472516,0.769052784395557,0.7787328126837579,0.798509703228273,0.7964651560611821,0.8045330413214169,0.815338330345196,0.8282590343873381,0.842740670253302,0.8638078327197359,0.8796571553499979,0.894088107816939,0.904658903944028,0.9156271250506149,0.9374419429505431,0.969184703863393,1.0,0.9517541988599351,0.8431215758854541,0.507471605964169,0.31642075189200103
0.0380467029284319,0.30821062238409996,0.425914324769846,0.511445033881084,0.55612853508371,0.601273123294209,0.636096313814646,0.662139749953897,0.6736457234963029,0.678981409137862,0.6917656185411439,0.699213023833589,0.721486183013989,0.733535776681409,0.754315248440631,0.7530193331682621,0.762772935986318,0.773826919832871,0.7842622096337901,0.794572612437739,0.8188869339871941,0.8323629383108678,0.8426512957911322,0.8575516428571519,0.8678043679812929,0.8894680045213219,0.922603059767472,0.9517541988599351,1.0,0.9024211811072141,0.562696966425975,0.33182079310622903
0.0034364213429010897,0.23039576135578402,0.32727320991578995,0.405075695427003,0.44640484147509396,0.47928427262325707,0.508691744837267,0.530050840405715,0.5392186495453449,0.543537570803976,0.557041969206731,0.564268190483442,0.5858808516575831,0.6002204600906279,0.624249792183525,0.630424464645975,0.6418817535322171,0.6504367355315981,0.6611635313817329,0.664254951535623,0.694431026093938,0.709076022192626,0.7172736204031241,0.727932872375667,0.7365214498169291,0.761494752410634,0.8079983459014809,0.8431215758854541,0.9024211811072141,1.0,0.655652746670266,0.327346993383188
0.0390054901162551,0.0925883094664552,0.15465042751407002,0.21260035387450896,0.259642972190058,0.283726213014532,0.311439355284814,0.319786667872368,0.329825797485836,0.339573441024669,0.343179114872805,0.353098500408168,0.373554948174559,0.386970386874144,0.39301175628548496,0.39953713310978295,0.411096754991692,0.408963061509413,0.414364956086187,0.417140136530284,0.43605282892511704,0.444552780388294,0.445678813716433,0.445734511652503,0.461466359432045,0.463874782287753,0.486848948481502,0.507471605964169,0.562696966425975,0.655652746670266,1.0,0.322577857683149
0.11339891030700401,0.00657951227351112,0.068893149187289,0.112812966864547,0.128346249823119,0.164634383352821,0.18354727370359303,0.191315202407112,0.20637408044067002,0.208635972194111,0.20340603007758398,0.216681055837442,0.235041907172276,0.233707966908768,0.24800372824344397,0.26297867179650797,0.27457293054432397,0.277547529360549,0.27982228935875103,0.29108444445076803,0.289795487193353,0.29838343972257503,0.292700264902148,0.29980352319567605,0.314510051634069,0.31543102815029306,0.317337377908094,0.31642075189200103,0.33182079310622903,0.327346993383188,0.322577857683149,1.0
