1.0,0.9876066143767959,0.941086170844616,0.8499222723094051,0.763855497119674,0.736667144328047,0.693800271513114,0.6414585315780911,0.593927527952164,0.55095642942971,0.503831870652344,0.45778452665213304,0.42520077618628493,0.4027736572886211,0.37862954985434294,0.354597514436309,0.336677845505412,0.323849253211701,0.311298166696576,0.29941668072013,0.28188309928454397,0.259412143179038,0.238051322156412,0.21829766608079898,0.210783812118585,0.207827669216238,0.203020399593448,0.19767244443808898,0.183545977241209,0.161004632657892,0.141870019480734,0.127222632041558
0.9876066143767959,1.0,0.982498077173626,0.92208686830928,0.855266100453438,0.828122415969377,0.78315902195718,0.72717421886695,0.6795149940125239,0.6405366863175649,0.595092075951487,0.549217779100405,0.51581048241446,0.49139083400120703,0.464497641951159,0.437364534478899,0.417937043899391,0.40487029345574,0.39172134401130104,0.37903944813129903,0.36152926274494,0.339188943434115,0.317366629363109,0.29678616213162,0.287621131382139,0.28181082015185804,0.273864535057002,0.265486742673208,0.244925195997156,0.21338037425533202,0.18693384797362,0.16680154703468303
0.941086170844616,0.982498077173626,1.0,0.978032944898371,0.9362062944467929,0.909989943062624,0.863986637763864,0.805481446867865,0.7592051859921,0.726221170130343,0.6842341819951071,0.640042909999406,0.6067342779033791,0.5807364086671079,0.5514467671339489,0.521507188256084,0.5009159421123189,0.48798742833955494,0.474552454290559,0.46132910051166104,0.44441069908464,0.42294502282813506,0.40127790809578395,0.380379068298848,0.36954958171629,0.360539008231327,0.349123196704797,0.33741935325791905,0.309882754957952,0.26866840616867604,0.23439573428365,0.208402242311843
0.8499222723094051,0.92208686830928,0.978032944898371,1.0,0.9878812817210391,0.9637920335258939,0.918536569239678,0.8596419649918691,0.816836230216881,0.7919307640074641,0.755557738124779,0.715086141344324,0.683271986401709,0.656588276400727,0.625833929278062,0.5939978123276121,0.5729598768480619,0.560723273629193,0.547526481091325,0.53424667021024,0.518693516848464,0.49909857679681396,0.47850546783892206,0.45811875445225797,0.445876636803903,0.43365919171211104,0.418835130058182,0.403895562564743,0.36969768393397207,0.319375123147007,0.27776864805881796,0.246296232373355
0.763855497119674,0.855266100453438,0.9362062944467929,0.9878812817210391,1.0,0.987233951634178,0.952108743104807,0.9017233404826991,0.8658896292491579,0.846201895024537,0.8132279753109899,0.7748137811105141,0.7444461908950161,0.718587068964279,0.6878423377328929,0.65548552607256,0.635289574914534,0.6249429493800911,0.61305079912161,0.6006561838472341,0.586538070337506,0.568332854600069,0.548446368259746,0.528293421230866,0.5153086290634771,0.501057174475946,0.48382206559919,0.466476135743038,0.42970235520723105,0.3744989550697679,0.328187523542255,0.292922827012693
0.736667144328047,0.828122415969377,0.909989943062624,0.9637920335258939,0.987233951634178,1.0,0.988654514352269,0.9590694526126321,0.933727371108044,0.9123795979504229,0.8767245348800858,0.8352221748108021,0.8045369531759441,0.7808505161815609,0.7512868917746129,0.719406464864193,0.7012714691306781,0.6941859492088829,0.684747110039241,0.6742011923020991,0.660748255431435,0.641983057917452,0.621080167456853,0.599656638354943,0.5866217703920229,0.572067255250079,0.553749801896657,0.535018427200981,0.501635326477389,0.447235404713322,0.39943023764828006,0.36228359695013
0.693800271513114,0.78315902195718,0.863986637763864,0.918536569239678,0.952108743104807,0.988654514352269,1.0,0.9907227044762901,0.9758674546510041,0.953453377629159,0.916103620261616,0.8726594567664591,0.8423922522229008,0.8213086815998549,0.7935502434874101,0.762864586500866,0.7470972714138331,0.7432528558566949,0.7363483552974079,0.727792479034215,0.715281434119656,0.6964269580822622,0.675054345405508,0.652933564429423,0.6401562874042629,0.625656320219937,0.606746499617063,0.587146595793652,0.55774175415379,0.505371680263006,0.457275738987841,0.41922297526566704
0.6414585315780911,0.72717421886695,0.805481446867865,0.8596419649918691,0.9017233404826991,0.9590694526126321,0.9907227044762901,1.0,0.9949229315341971,0.971982141060812,0.9338290124731341,0.889477004793655,0.860179480755751,0.8418628491598721,0.816280095716435,0.7872750577424,0.773958008769221,0.773121084926678,0.7686444355432941,0.762056233090675,0.7506418488950559,0.7320750536482391,0.710695127800715,0.688375798693896,0.6760812690718231,0.661914012603158,0.6428377887175739,0.622835111927124,0.5976041997662359,0.5480940328254289,0.5006749084366671,0.462545965406255
0.593927527952164,0.6795149940125239,0.7592051859921,0.816836230216881,0.8658896292491579,0.933727371108044,0.9758674546510041,0.9949229315341971,1.0,0.9878169958712091,0.958513619420612,0.9212050375201251,0.8961445749928729,0.879562666747485,0.8550602729371729,0.82665522430086,0.814000785212724,0.813853132339903,0.809768078252208,0.8033688851288541,0.7922780442498779,0.7738844989098209,0.7523536066488549,0.7296790630392241,0.715695273331202,0.6988411127717801,0.677197908339666,0.6548940738827459,0.6295867043062939,0.5792622714513871,0.530449035921526,0.491014332219591
0.55095642942971,0.6405366863175649,0.726221170130343,0.7919307640074641,0.846201895024537,0.9123795979504229,0.953453377629159,0.971982141060812,0.9878169958712091,1.0,0.991195015420678,0.970530226697948,0.9536798343358549,0.9376431046175321,0.912951690216533,0.8838899271450491,0.869789824603606,0.867583334050421,0.861475436128771,0.8531558287797829,0.8414812883939708,0.823140465555337,0.8013004054600601,0.7780945488407159,0.759819714502891,0.736654396709851,0.709561969012975,0.682677071957133,0.6522511943470289,0.5967622204751569,0.544102532949372,0.5019058598694279
0.503831870652344,0.595092075951487,0.6842341819951071,0.755557738124779,0.8132279753109899,0.8767245348800858,0.916103620261616,0.9338290124731341,0.958513619420612,0.991195015420678,1.0,0.993892837833229,0.98435106690513,0.969085644837943,0.9447067593598579,0.9156433691201941,0.9005835284090491,0.8966675650669491,0.8889556136444108,0.879161506182532,0.8672141340221469,0.849269781602453,0.8275853592882509,0.804372310640292,0.7827967635714049,0.75470566442396,0.723496123086058,0.693228813091449,0.659031118145004,0.6002116431479161,0.545288717632876,0.501550958510755
0.45778452665213304,0.549217779100405,0.640042909999406,0.715086141344324,0.7748137811105141,0.8352221748108021,0.8726594567664591,0.889477004793655,0.9212050375201251,0.970530226697948,0.993892837833229,1.0,0.996677467924059,0.9822600938015741,0.958469445695485,0.929795461542007,0.9141382646039091,0.90885029074644,0.899905222117867,0.8890139611709209,0.876999847558147,0.8596271753230341,0.838364011016902,0.815457071920058,0.7914208234342259,0.7596023060347231,0.725381211792777,0.6927019742749398,0.6558206698999991,0.595016418926935,0.538945776454304,0.494511749741245
0.42520077618628493,0.51581048241446,0.6067342779033791,0.683271986401709,0.7444461908950161,0.8045369531759441,0.8423922522229008,0.860179480755751,0.8961445749928729,0.9536798343358549,0.98435106690513,0.996677467924059,1.0,0.99298473933413,0.975520503184492,0.9521517581202009,0.9384327458891051,0.932371180478287,0.922649836268813,0.911011236637979,0.899610254093746,0.8836222763856179,0.8633873301528442,0.841234484880078,0.816114021841058,0.7820706712556601,0.745820212149325,0.711372121789552,0.672463591859563,0.6092327099693,0.551188579681953,0.505273190293957
0.4027736572886211,0.49139083400120703,0.5807364086671079,0.656588276400727,0.718587068964279,0.7808505161815609,0.8213086815998549,0.8418628491598721,0.879562666747485,0.9376431046175321,0.969085644837943,0.9822600938015741,0.99298473933413,1.0,0.9946795205815491,0.9816101287270219,0.972365284492009,0.9660675678160021,0.955980273221109,0.943908560227692,0.933821063789414,0.920095242162558,0.901559733627433,0.880670437744079,0.855761789560562,0.8208650827516719,0.783478335581087,0.7478435123602751,0.7074973388881691,0.64141478950275,0.580622430216787,0.532492120569197
0.37862954985434294,0.464497641951159,0.5514467671339489,0.625833929278062,0.6878423377328929,0.7512868917746129,0.7935502434874101,0.816280095716435,0.8550602729371729,0.912951690216533,0.9447067593598579,0.958469445695485,0.975520503184492,0.9946795205815491,1.0,0.996053237058527,0.9908121604809159,0.9843806976440649,0.9740898948307851,0.961778845294461,0.9529510360324059,0.9413530162867769,0.9245100331340129,0.90496040866224,0.880521069248866,0.845279839094525,0.807330534183723,0.771069174874695,0.729931724084151,0.6621201724983579,0.59962845093996,0.5501186608333549
0.354597514436309,0.437364534478899,0.521507188256084,0.5939978123276121,0.65548552607256,0.719406464864193,0.762864586500866,0.7872750577424,0.82665522430086,0.8838899271450491,0.9156433691201941,0.929795461542007,0.9521517581202009,0.9816101287270219,0.996053237058527,1.0,0.998253192232101,0.9917613619755699,0.981383009430866,0.968970775527424,0.961303593124845,0.951637780857007,0.9363967240824258,0.9181681044861401,0.8943415976291509,0.8591041685926659,0.8209939131145451,0.7845020814191501,0.7430338176334029,0.674311080518111,0.610888328288634,0.560612364776058
0.336677845505412,0.417937043899391,0.5009159421123189,0.5729598768480619,0.635289574914534,0.7012714691306781,0.7470972714138331,0.773958008769221,0.814000785212724,0.869789824603606,0.9005835284090491,0.9141382646039091,0.9384327458891051,0.972365284492009,0.9908121604809159,0.998253192232101,1.0,0.9969355325210251,0.9894643787298051,0.9795176464831129,0.973302237064458,0.964305258599975,0.949553087902072,0.931676228902799,0.909207703934663,0.875511794246549,0.8384283836778371,0.8026235659598749,0.7619791906959659,0.6930281471402759,0.628937862538379,0.5779901153691321
0.323849253211701,0.40487029345574,0.48798742833955494,0.560723273629193,0.6249429493800911,0.6941859492088829,0.7432528558566949,0.773121084926678,0.813853132339903,0.867583334050421,0.8966675650669491,0.90885029074644,0.932371180478287,0.9660675678160021,0.9843806976440649,0.9917613619755699,0.9969355325210251,1.0,0.99775770528182,0.9922677087696842,0.987709391149034,0.978369629646461,0.963218786036261,0.9449235078204541,0.9243842359603991,0.893428945456862,0.8583046012070279,0.8239107499964109,0.785000984931577,0.7163854848508779,0.65186598551643,0.6003473169601121
0.311298166696576,0.39172134401130104,0.474552454290559,0.547526481091325,0.61305079912161,0.684747110039241,0.7363483552974079,0.7686444355432941,0.809768078252208,0.861475436128771,0.8889556136444108,0.899905222117867,0.922649836268813,0.955980273221109,0.9740898948307851,0.981383009430866,0.9894643787298051,0.99775770528182,1.0,0.9983497806872099,0.995231402295489,0.9856437943582779,0.9702255524529241,0.9516612765798341,0.9328725326302941,0.9044126201494279,0.871135255634211,0.8381158902658791,0.800879478788227,0.7328848193656958,0.668311928805022,0.6165553899670689
0.29941668072013,0.37903944813129903,0.46132910051166104,0.53424667021024,0.6006561838472341,0.6742011923020991,0.727792479034215,0.762056233090675,0.8033688851288541,0.8531558287797829,0.879161506182532,0.8890139611709209,0.911011236637979,0.943908560227692,0.961778845294461,0.968970775527424,0.9795176464831129,0.9922677087696842,0.9983497806872099,1.0,0.9981282393029121,0.988362245582173,0.972769681693771,0.9540409558673091,0.9368213233377322,0.910604171814277,0.8790304586747829,0.847308421362378,0.81164083958545,0.7444218840754341,0.680033974617937,0.628258326175566
0.28188309928454397,0.36152926274494,0.44441069908464,0.518693516848464,0.586538070337506,0.660748255431435,0.715281434119656,0.7506418488950559,0.7922780442498779,0.8414812883939708,0.8672141340221469,0.876999847558147,0.899610254093746,0.933821063789414,0.9529510360324059,0.961303593124845,0.973302237064458,0.987709391149034,0.995231402295489,0.9981282393029121,1.0,0.9955507232579771,0.9845181776522071,0.969668932515418,0.9552131401059191,0.930640627744252,0.9001324285955841,0.869100728408543,0.8340327383375259,0.766171717821973,0.7007629027469949,0.648044237605501
0.259412143179038,0.339188943434115,0.42294502282813506,0.49909857679681396,0.568332854600069,0.641983057917452,0.6964269580822622,0.7320750536482391,0.7738844989098209,0.823140465555337,0.849269781602453,0.8596271753230341,0.8836222763856179,0.920095242162558,0.9413530162867769,0.951637780857007,0.964305258599975,0.978369629646461,0.9856437943582779,0.988362245582173,0.9955507232579771,1.0,0.9966541565762199,0.988385806753231,0.9775084995495021,0.9542761766786381,0.9245495694077759,0.893957319635856,0.859019727792863,0.7899601632622241,0.723111745743763,0.669147775005019
0.238051322156412,0.317366629363109,0.40127790809578395,0.47850546783892206,0.548446368259746,0.621080167456853,0.675054345405508,0.710695127800715,0.7523536066488549,0.8013004054600601,0.8275853592882509,0.838364011016902,0.8633873301528442,0.901559733627433,0.9245100331340129,0.9363967240824258,0.949553087902072,0.963218786036261,0.9702255524529241,0.972769681693771,0.9845181776522071,0.9966541565762199,1.0,0.997499608653999,0.989804715248841,0.967902290154378,0.9390678361360251,0.9090771973029309,0.874504448312036,0.804902835435545,0.737287339485144,0.682631991462453
0.21829766608079898,0.29678616213162,0.380379068298848,0.45811875445225797,0.528293421230866,0.599656638354943,0.652933564429423,0.688375798693896,0.7296790630392241,0.7780945488407159,0.804372310640292,0.815457071920058,0.841234484880078,0.880670437744079,0.90496040866224,0.9181681044861401,0.931676228902799,0.9449235078204541,0.9516612765798341,0.9540409558673091,0.969668932515418,0.988385806753231,0.997499608653999,1.0,0.995098299818225,0.974463906561314,0.9465563733228961,0.9172476720157879,0.883176850841564,0.81348194174752,0.7455678641652109,0.6906094907504741
0.210783812118585,0.287621131382139,0.36954958171629,0.445876636803903,0.5153086290634771,0.5866217703920229,0.6401562874042629,0.6760812690718231,0.715695273331202,0.759819714502891,0.7827967635714049,0.7914208234342259,0.816114021841058,0.855761789560562,0.880521069248866,0.8943415976291509,0.909207703934663,0.9243842359603991,0.9328725326302941,0.9368213233377322,0.9552131401059191,0.9775084995495021,0.989804715248841,0.995098299818225,1.0,0.9916430345294119,0.9732599564893091,0.9513346853056179,0.919845522343124,0.848710180452747,0.7788818954050469,0.722223513617129
0.207827669216238,0.28181082015185804,0.360539008231327,0.43365919171211104,0.501057174475946,0.572067255250079,0.625656320219937,0.661914012603158,0.6988411127717801,0.736654396709851,0.75470566442396,0.7596023060347231,0.7820706712556601,0.8208650827516719,0.845279839094525,0.8591041685926659,0.875511794246549,0.893428945456862,0.9044126201494279,0.910604171814277,0.930640627744252,0.9542761766786381,0.967902290154378,0.974463906561314,0.9916430345294119,1.0,0.994761342640515,0.9831406909205671,0.9554158118202322,0.8831925430102441,0.811700152907439,0.7535165389647449
0.203020399593448,0.273864535057002,0.349123196704797,0.418835130058182,0.48382206559919,0.553749801896657,0.606746499617063,0.6428377887175739,0.677197908339666,0.709561969012975,0.723496123086058,0.725381211792777,0.745820212149325,0.783478335581087,0.807330534183723,0.8209939131145451,0.8384283836778371,0.8583046012070279,0.871135255634211,0.8790304586747829,0.9001324285955841,0.9245495694077759,0.9390678361360251,0.9465563733228961,0.9732599564893091,0.994761342640515,1.0,0.996682196408086,0.972268833867675,0.9000401283419259,0.828077089465368,0.7693750170489141
0.19767244443808898,0.265486742673208,0.33741935325791905,0.403895562564743,0.466476135743038,0.535018427200981,0.587146595793652,0.622835111927124,0.6548940738827459,0.682677071957133,0.693228813091449,0.6927019742749398,0.711372121789552,0.7478435123602751,0.771069174874695,0.7845020814191501,0.8026235659598749,0.8239107499964109,0.8381158902658791,0.847308421362378,0.869100728408543,0.893957319635856,0.9090771973029309,0.9172476720157879,0.9513346853056179,0.9831406909205671,0.996682196408086,1.0,0.978406107952359,0.9067139831564541,0.834915131784639,0.776239871298674
0.183545977241209,0.244925195997156,0.309882754957952,0.36969768393397207,0.42970235520723105,0.501635326477389,0.55774175415379,0.5976041997662359,0.6295867043062939,0.6522511943470289,0.659031118145004,0.6558206698999991,0.672463591859563,0.7074973388881691,0.729931724084151,0.7430338176334029,0.7619791906959659,0.785000984931577,0.800879478788227,0.81164083958545,0.8340327383375259,0.859019727792863,0.874504448312036,0.883176850841564,0.919845522343124,0.9554158118202322,0.972268833867675,0.978406107952359,1.0,0.974117736710773,0.930264647594536,0.889268140858126
0.161004632657892,0.21338037425533202,0.26866840616867604,0.319375123147007,0.3744989550697679,0.447235404713322,0.505371680263006,0.5480940328254289,0.5792622714513871,0.5967622204751569,0.6002116431479161,0.595016418926935,0.6092327099693,0.64141478950275,0.6621201724983579,0.674311080518111,0.6930281471402759,0.7163854848508779,0.7328848193656958,0.7444218840754341,0.766171717821973,0.7899601632622241,0.804902835435545,0.81348194174752,0.848710180452747,0.8831925430102441,0.9000401283419259,0.9067139831564541,0.974117736710773,1.0,0.9891193770712109,0.969640014586172
0.141870019480734,0.18693384797362,0.23439573428365,0.27776864805881796,0.328187523542255,0.39943023764828006,0.457275738987841,0.5006749084366671,0.530449035921526,0.544102532949372,0.545288717632876,0.538945776454304,0.551188579681953,0.580622430216787,0.59962845093996,0.610888328288634,0.628937862538379,0.65186598551643,0.668311928805022,0.680033974617937,0.7007629027469949,0.723111745743763,0.737287339485144,0.7455678641652109,0.7788818954050469,0.811700152907439,0.828077089465368,0.834915131784639,0.930264647594536,0.9891193770712109,1.0,0.995064786027476
0.127222632041558,0.16680154703468303,0.208402242311843,0.246296232373355,0.292922827012693,0.36228359695013,0.41922297526566704,0.462545965406255,0.491014332219591,0.5019058598694279,0.501550958510755,0.494511749741245,0.505273190293957,0.532492120569197,0.5501186608333549,0.560612364776058,0.5779901153691321,0.6003473169601121,0.6165553899670689,0.628258326175566,0.648044237605501,0.669147775005019,0.682631991462453,0.6906094907504741,0.722223513617129,0.7535165389647449,0.7693750170489141,0.776239871298674,0.889268140858126,0.969640014586172,0.995064786027476,1.0
