1.0,0.8004662719935041,0.7126924143791551,0.6780336069352869,0.661351286839895,0.643606906303743,0.626752455786002,0.6253202552035699,0.6154447507172099,0.604019677598103,0.594424091479759,0.5902758095899101,0.5899138899408011,0.584341976847207,0.586964254866984,0.576635305398699,0.5634792068713149,0.563325412308077,0.5599047770716279,0.555533901190311,0.551737046101681,0.545761881810914,0.539526707505589,0.5306755108251839,0.5182248075989241,0.5030093025760001,0.498731016698654,0.479049578418607,0.42719946514841994,0.332853909791168,0.173045545945858,0.11086531734672099
0.8004662719935041,1.0,0.9413217263451421,0.9053043607913291,0.8850154002883349,0.8706339468082941,0.8598258296768829,0.8505464280810531,0.839933900710125,0.833205783423466,0.828038702150059,0.8209447445711491,0.815917052484811,0.808471346401604,0.8062983641509709,0.798176670926825,0.7869726184476179,0.7852927559734,0.783249335967732,0.777581209409618,0.770715025307655,0.7635575590775849,0.754311167075754,0.743640713838076,0.7324315513330601,0.718243298108249,0.7074384437362758,0.673441010098176,0.612721978037718,0.473514399027045,0.23506671600647897,0.13372872493280602
0.7126924143791551,0.9413217263451421,1.0,0.971297805177419,0.950933417975086,0.9377429589882029,0.9298827717530569,0.920367953480109,0.9107736500992399,0.9045764982901329,0.900677388182622,0.894963431477295,0.8897675892437249,0.8809116725412421,0.8785144054977259,0.871778519386493,0.8619903365418059,0.860152082053273,0.8589773688118539,0.854920653987183,0.846986419278431,0.838805189062607,0.8286508316933661,0.8201590946997249,0.810061529092785,0.7941981871308579,0.78025790953486,0.74264568839709,0.663856875406335,0.5126925670369871,0.24994885072664605,0.147135280735999
0.6780336069352869,0.9053043607913291,0.971297805177419,1.0,0.9844362958349359,0.970995585786932,0.9608767601359541,0.9522334013583721,0.944955999209352,0.9383067809284359,0.934141926969029,0.928304886599769,0.92250121490474,0.9119851381114191,0.908407493554478,0.9020447559181101,0.8935761130280709,0.8912591188848509,0.8894669299150608,0.8856131289200809,0.880342368409269,0.872380757799845,0.860454919835352,0.851180013031397,0.8414829067032931,0.8265076380014159,0.811133849357742,0.7740008245774108,0.696176366307163,0.5374304044084699,0.265911203269373,0.154553323852759
0.661351286839895,0.8850154002883349,0.950933417975086,0.9844362958349359,1.0,0.989290648354532,0.978161535786561,0.968690877063514,0.962955626162763,0.9562994368265821,0.9510942714594391,0.9458555412438309,0.939126357985466,0.9279354168085391,0.9226287037867491,0.917697993925229,0.909214484382066,0.9070566923230309,0.904895216968694,0.900530486640395,0.8948018478470121,0.8867001910457991,0.875214004817016,0.8672445440119431,0.858555259798762,0.843697591389299,0.82926748428874,0.794047167397438,0.7167496959328459,0.5531764312330479,0.274531291252034,0.167821589261484
0.643606906303743,0.8706339468082941,0.9377429589882029,0.970995585786932,0.989290648354532,1.0,0.9905827061043,0.9816776674010891,0.9758271598482979,0.967919842466131,0.9618414488119009,0.955560980298093,0.948091899798807,0.9374762384159179,0.9322778457704949,0.9264334142520749,0.917984498764869,0.914929886019185,0.912285205223217,0.9074519331269381,0.9028011935717991,0.8942490334661859,0.8838965525883299,0.875019914228082,0.8661396679951461,0.8527968927821,0.83971479852893,0.805170611456369,0.7267451754595842,0.5630994054073629,0.279271414248141,0.17283951611997303
0.626752455786002,0.8598258296768829,0.9298827717530569,0.9608767601359541,0.978161535786561,0.9905827061043,1.0,0.9910775031420991,0.984791271683155,0.9765493637494879,0.9702370768435699,0.963261838313806,0.954328857384644,0.943454478324882,0.938085050750588,0.932354287851886,0.9246880104915971,0.921754708422299,0.9186674245753079,0.9124143010275151,0.9074440557045179,0.8987716879579308,0.8896273056595341,0.881698516097107,0.873160105021547,0.859914029232632,0.8465203755662529,0.8103010422976321,0.7311544960601859,0.568214028664877,0.28394024680645696,0.182284541422804
0.6253202552035699,0.8505464280810531,0.920367953480109,0.9522334013583721,0.968690877063514,0.9816776674010891,0.9910775031420991,1.0,0.992962057819812,0.9860622946884351,0.9793991443186809,0.9729877711184791,0.96432464495305,0.954542374836777,0.949250364665227,0.942746756983078,0.93591370206158,0.932762796556125,0.929813468473027,0.924570706153123,0.920583282643504,0.91235118588954,0.903906987674237,0.896821492404267,0.8891157309544291,0.875894633125989,0.8621522960104209,0.8268109224977501,0.7471766198987361,0.58772801353094,0.295946898031739,0.19113187021649103
0.6154447507172099,0.839933900710125,0.9107736500992399,0.944955999209352,0.962955626162763,0.9758271598482979,0.984791271683155,0.992962057819812,1.0,0.9929348989306259,0.9862350278402379,0.9794455462207021,0.970745843589838,0.9605774762143899,0.953720565693555,0.9471239390867929,0.940163212054859,0.936938353897375,0.9336160990572651,0.928659960455938,0.924992648339831,0.91655352466314,0.9080377188496821,0.9017612630481421,0.8946257861831991,0.8826087892640521,0.868528436861168,0.833984338682787,0.7558494770251758,0.593872101934145,0.30079354252664803,0.194645601781121
0.604019677598103,0.833205783423466,0.9045764982901329,0.9383067809284359,0.9562994368265821,0.967919842466131,0.9765493637494879,0.9860622946884351,0.9929348989306259,1.0,0.9948314641815649,0.98819379472244,0.9803157551599448,0.970407865063985,0.963207426072889,0.9565769394681309,0.9500819890451441,0.946934522748116,0.94345191238357,0.9379575579033309,0.934203466945257,0.926986241086652,0.919248369246736,0.9130860957768442,0.9065646949767471,0.8957704124551509,0.8808355712095658,0.84605225579669,0.769577285405859,0.6076489615080479,0.310657690388138,0.198736173825744
0.594424091479759,0.828038702150059,0.900677388182622,0.934141926969029,0.9510942714594391,0.9618414488119009,0.9702370768435699,0.9793991443186809,0.9862350278402379,0.9948314641815649,1.0,0.995075609035597,0.988136084598967,0.9780261504429258,0.970751294769987,0.9644892308181829,0.957915885400523,0.9546555623586959,0.9512403801273249,0.94559307670265,0.941335630153009,0.9339092723819721,0.92597939627509,0.920415866193885,0.914311629110961,0.90343695615467,0.888673080040177,0.8549874936349641,0.779321199029695,0.6180140543317371,0.31711421433136,0.206259628562115
0.5902758095899101,0.8209447445711491,0.894963431477295,0.928304886599769,0.9458555412438309,0.955560980298093,0.963261838313806,0.9729877711184791,0.9794455462207021,0.98819379472244,0.995075609035597,1.0,0.994793276619523,0.986247101696447,0.9791511210872829,0.9727229397030859,0.965971778583392,0.962344787747203,0.958176622653362,0.952200556858337,0.9475078082941899,0.9402999826619591,0.933111562776072,0.928351064806423,0.9229308012984921,0.911881523804613,0.897323094963994,0.8656850374691201,0.7902979128900101,0.630709930009131,0.32630218979459497,0.213991820081426
0.5899138899408011,0.815917052484811,0.8897675892437249,0.92250121490474,0.939126357985466,0.948091899798807,0.954328857384644,0.96432464495305,0.970745843589838,0.9803157551599448,0.988136084598967,0.994793276619523,1.0,0.9941939715718492,0.987973411012793,0.981924138115733,0.9746875499255341,0.9704007786616708,0.965998876012778,0.9593458354109681,0.9540966402680259,0.9472025370350521,0.9400940878386921,0.9355378976942471,0.9297311622122242,0.91916345357195,0.90485574275362,0.873998242082918,0.798504577856345,0.6397325323677839,0.33433517047853695,0.217649045093471
0.584341976847207,0.808471346401604,0.8809116725412421,0.9119851381114191,0.9279354168085391,0.9374762384159179,0.943454478324882,0.954542374836777,0.9605774762143899,0.970407865063985,0.9780261504429258,0.986247101696447,0.9941939715718492,1.0,0.995045106712945,0.9894600909223391,0.982497875638919,0.9776628986576641,0.9728752993239929,0.965780014708288,0.9601097439000641,0.953692002290818,0.947554701195222,0.9430152162556359,0.936550158382604,0.9265554900968291,0.913066150859865,0.884050324338501,0.808523036947643,0.650413596216085,0.341864689322891,0.224801705752654
0.586964254866984,0.8062983641509709,0.8785144054977259,0.908407493554478,0.9226287037867491,0.9322778457704949,0.938085050750588,0.949250364665227,0.953720565693555,0.963207426072889,0.970751294769987,0.9791511210872829,0.987973411012793,0.995045106712945,1.0,0.995221478650672,0.989407065773239,0.9840568011414829,0.979370548024869,0.9723023055823791,0.9660612408606641,0.959736439252446,0.952899230970777,0.9482039019132359,0.9407267813778759,0.9297036751580459,0.916532962447938,0.887937893943542,0.8110082804053041,0.65086770591604,0.341852861219654,0.227413190047177
0.576635305398699,0.798176670926825,0.871778519386493,0.9020447559181101,0.917697993925229,0.9264334142520749,0.932354287851886,0.942746756983078,0.9471239390867929,0.9565769394681309,0.9644892308181829,0.9727229397030859,0.981924138115733,0.9894600909223391,0.995221478650672,1.0,0.995276053481846,0.9902529961127329,0.9861609286145021,0.979723684472064,0.9734390954688291,0.96746162137174,0.9604695730890981,0.9553293048880149,0.9479069407830011,0.937047837227297,0.92393508404626,0.895022146636129,0.817580497624234,0.656231214908479,0.34352073747605705,0.234655636072888
0.5634792068713149,0.7869726184476179,0.8619903365418059,0.8935761130280709,0.909214484382066,0.917984498764869,0.9246880104915971,0.93591370206158,0.940163212054859,0.9500819890451441,0.957915885400523,0.965971778583392,0.9746875499255341,0.982497875638919,0.989407065773239,0.995276053481846,1.0,0.995930922881891,0.9918475628313341,0.985359997483197,0.9789232321499839,0.9731622782187231,0.9660805830459079,0.9608568467361371,0.953252052311938,0.9419486832607371,0.928669099363298,0.90018899092271,0.82346933402668,0.6610558829017861,0.3451095697013611,0.238818548056587
0.563325412308077,0.7852927559734,0.860152082053273,0.8912591188848509,0.9070566923230309,0.914929886019185,0.921754708422299,0.932762796556125,0.936938353897375,0.946934522748116,0.9546555623586959,0.962344787747203,0.9704007786616708,0.9776628986576641,0.9840568011414829,0.9902529961127329,0.995930922881891,1.0,0.996149455950955,0.9897482358573649,0.9831784289247859,0.9768549351086301,0.9691874683158159,0.9633363432361841,0.9557430150572801,0.9434401529015559,0.9297725894090759,0.900504294173922,0.8225916209274119,0.660977589445793,0.346144221728378,0.23583877124294697
0.5599047770716279,0.783249335967732,0.8589773688118539,0.8894669299150608,0.904895216968694,0.912285205223217,0.9186674245753079,0.929813468473027,0.9336160990572651,0.94345191238357,0.9512403801273249,0.958176622653362,0.965998876012778,0.9728752993239929,0.979370548024869,0.9861609286145021,0.9918475628313341,0.996149455950955,1.0,0.9947431605913459,0.988007482325161,0.981884377547293,0.974061999090188,0.968226239085146,0.96052532709975,0.94863470887465,0.9352730782316508,0.9060434212485179,0.8275783704863149,0.664533178931311,0.349246808993892,0.240616163956055
0.555533901190311,0.777581209409618,0.854920653987183,0.8856131289200809,0.900530486640395,0.9074519331269381,0.9124143010275151,0.924570706153123,0.928659960455938,0.9379575579033309,0.94559307670265,0.952200556858337,0.9593458354109681,0.965780014708288,0.9723023055823791,0.979723684472064,0.985359997483197,0.9897482358573649,0.9947431605913459,1.0,0.994824409823491,0.989174406998249,0.9815882006791751,0.9749002293501792,0.96700344182247,0.95526319607447,0.9421469715784592,0.91420618471965,0.8391610569315601,0.674166419657875,0.35970454765401505,0.242200632892674
0.551737046101681,0.770715025307655,0.846986419278431,0.880342368409269,0.8948018478470121,0.9028011935717991,0.9074440557045179,0.920583282643504,0.924992648339831,0.934203466945257,0.941335630153009,0.9475078082941899,0.9540966402680259,0.9601097439000641,0.9660612408606641,0.9734390954688291,0.9789232321499839,0.9831784289247859,0.988007482325161,0.994824409823491,1.0,0.995550017656077,0.987752092367157,0.9802639725572091,0.972162068004423,0.9600908961969821,0.9471257576238659,0.9184433202742439,0.845714952397144,0.6836447716540329,0.371158675661126,0.251359409678969
0.545761881810914,0.7635575590775849,0.838805189062607,0.872380757799845,0.8867001910457991,0.8942490334661859,0.8987716879579308,0.91235118588954,0.91655352466314,0.926986241086652,0.9339092723819721,0.9402999826619591,0.9472025370350521,0.953692002290818,0.959736439252446,0.96746162137174,0.9731622782187231,0.9768549351086301,0.981884377547293,0.989174406998249,0.995550017656077,1.0,0.9941335035573601,0.986793316386372,0.979473783740603,0.968129670284892,0.9559831680707891,0.9285262684102951,0.8579532632419151,0.698594394640234,0.39177792719099797,0.269607671122498
0.539526707505589,0.754311167075754,0.8286508316933661,0.860454919835352,0.875214004817016,0.8838965525883299,0.8896273056595341,0.903906987674237,0.9080377188496821,0.919248369246736,0.92597939627509,0.933111562776072,0.9400940878386921,0.947554701195222,0.952899230970777,0.9604695730890981,0.9660805830459079,0.9691874683158159,0.974061999090188,0.9815882006791751,0.987752092367157,0.9941335035573601,1.0,0.993337884368406,0.9861797749200921,0.9766728093206641,0.964752019540343,0.9393555506714492,0.8679669823287008,0.711993201648753,0.4061197770167779,0.282154970562208
0.5306755108251839,0.743640713838076,0.8201590946997249,0.851180013031397,0.8672445440119431,0.875019914228082,0.881698516097107,0.896821492404267,0.9017612630481421,0.9130860957768442,0.920415866193885,0.928351064806423,0.9355378976942471,0.9430152162556359,0.9482039019132359,0.9553293048880149,0.9608568467361371,0.9633363432361841,0.968226239085146,0.9749002293501792,0.9802639725572091,0.986793316386372,0.993337884368406,1.0,0.9930730487813599,0.982904762079682,0.969530809985018,0.9452628623807641,0.8775669064387199,0.7219438432836992,0.415860616804109,0.29383846101932
0.5182248075989241,0.7324315513330601,0.810061529092785,0.8414829067032931,0.858555259798762,0.8661396679951461,0.873160105021547,0.8891157309544291,0.8946257861831991,0.9065646949767471,0.914311629110961,0.9229308012984921,0.9297311622122242,0.936550158382604,0.9407267813778759,0.9479069407830011,0.953252052311938,0.9557430150572801,0.96052532709975,0.96700344182247,0.972162068004423,0.979473783740603,0.9861797749200921,0.9930730487813599,1.0,0.990518465286355,0.9766972048582192,0.9541459393051089,0.8862766891895301,0.734442857516559,0.43228049917021505,0.307528439538231
0.5030093025760001,0.718243298108249,0.7941981871308579,0.8265076380014159,0.843697591389299,0.8527968927821,0.859914029232632,0.875894633125989,0.8826087892640521,0.8957704124551509,0.90343695615467,0.911881523804613,0.91916345357195,0.9265554900968291,0.9297036751580459,0.937047837227297,0.9419486832607371,0.9434401529015559,0.94863470887465,0.95526319607447,0.9600908961969821,0.968129670284892,0.9766728093206641,0.982904762079682,0.990518465286355,1.0,0.9890988558802221,0.9663068815586869,0.903039769133843,0.7589271853992979,0.45974679523583206,0.33625216446684597
0.498731016698654,0.7074384437362758,0.78025790953486,0.811133849357742,0.82926748428874,0.83971479852893,0.8465203755662529,0.8621522960104209,0.868528436861168,0.8808355712095658,0.888673080040177,0.897323094963994,0.90485574275362,0.913066150859865,0.916532962447938,0.92393508404626,0.928669099363298,0.9297725894090759,0.9352730782316508,0.9421469715784592,0.9471257576238659,0.9559831680707891,0.964752019540343,0.969530809985018,0.9766972048582192,0.9890988558802221,1.0,0.981593613638096,0.922216986071744,0.7818954678533689,0.47900885596151893,0.35368963387971103
0.479049578418607,0.673441010098176,0.74264568839709,0.7740008245774108,0.794047167397438,0.805170611456369,0.8103010422976321,0.8268109224977501,0.833984338682787,0.84605225579669,0.8549874936349641,0.8656850374691201,0.873998242082918,0.884050324338501,0.887937893943542,0.895022146636129,0.90018899092271,0.900504294173922,0.9060434212485179,0.91420618471965,0.9184433202742439,0.9285262684102951,0.9393555506714492,0.9452628623807641,0.9541459393051089,0.9663068815586869,0.981593613638096,1.0,0.9502793052450241,0.814645042762994,0.51570663704694,0.38182798378946603
0.42719946514841994,0.612721978037718,0.663856875406335,0.696176366307163,0.7167496959328459,0.7267451754595842,0.7311544960601859,0.7471766198987361,0.7558494770251758,0.769577285405859,0.779321199029695,0.7902979128900101,0.798504577856345,0.808523036947643,0.8110082804053041,0.817580497624234,0.82346933402668,0.8225916209274119,0.8275783704863149,0.8391610569315601,0.845714952397144,0.8579532632419151,0.8679669823287008,0.8775669064387199,0.8862766891895301,0.903039769133843,0.922216986071744,0.9502793052450241,1.0,0.89996519502101,0.629661713954419,0.4354888213312779
0.332853909791168,0.473514399027045,0.5126925670369871,0.5374304044084699,0.5531764312330479,0.5630994054073629,0.568214028664877,0.58772801353094,0.593872101934145,0.6076489615080479,0.6180140543317371,0.630709930009131,0.6397325323677839,0.650413596216085,0.65086770591604,0.656231214908479,0.6610558829017861,0.660977589445793,0.664533178931311,0.674166419657875,0.6836447716540329,0.698594394640234,0.711993201648753,0.7219438432836992,0.734442857516559,0.7589271853992979,0.7818954678533689,0.814645042762994,0.89996519502101,1.0,0.815313910942635,0.55347932622503
0.173045545945858,0.23506671600647897,0.24994885072664605,0.265911203269373,0.274531291252034,0.279271414248141,0.28394024680645696,0.295946898031739,0.30079354252664803,0.310657690388138,0.31711421433136,0.32630218979459497,0.33433517047853695,0.341864689322891,0.341852861219654,0.34352073747605705,0.3451095697013611,0.346144221728378,0.349246808993892,0.35970454765401505,0.371158675661126,0.39177792719099797,0.4061197770167779,0.415860616804109,0.43228049917021505,0.45974679523583206,0.47900885596151893,0.51570663704694,0.629661713954419,0.815313910942635,1.0,0.6770052914332869
0.11086531734672099,0.13372872493280602,0.147135280735999,0.154553323852759,0.167821589261484,0.17283951611997303,0.182284541422804,0.19113187021649103,0.194645601781121,0.198736173825744,0.206259628562115,0.213991820081426,0.217649045093471,0.224801705752654,0.227413190047177,0.234655636072888,0.238818548056587,0.23583877124294697,0.240616163956055,0.242200632892674,0.251359409678969,0.269607671122498,0.282154970562208,0.29383846101932,0.307528439538231,0.33625216446684597,0.35368963387971103,0.38182798378946603,0.4354888213312779,0.55347932622503,0.6770052914332869,1.0
