1.0,0.6114442291268439,0.516092901696669,0.47736817490182,0.455457037643594,0.44238860673539293,0.42225470065032505,0.41862954244552203,0.4060312342595421,0.39966127954695596,0.401954195020416,0.39211823726913503,0.38226824209885707,0.383172004644301,0.37757649980433294,0.37083644831936896,0.36465817849771204,0.36110165058782107,0.36303494994959007,0.36459293596745795,0.3590220809548621,0.34819845839784996,0.34391364132800295,0.332442958416308,0.319086444813865,0.320045396514605,0.31068015965429807,0.288256133013254,0.26795828232385,0.21625822895675,0.16174653814191298,0.0602052113693711
0.6114442291268439,1.0,0.9095986439831899,0.8747626248450121,0.852308758288499,0.833590436751886,0.816936683026421,0.8069238059184849,0.789014716332725,0.7839929943135041,0.773237427430065,0.7658271569416271,0.754619015198894,0.7494208641068609,0.740762084871395,0.739399443995851,0.73599242783378,0.728921075097421,0.7265353866668101,0.72146239935973,0.717072726656778,0.70628790787203,0.702545390188701,0.696506977391962,0.685854604057673,0.67426617549771,0.662409074215177,0.6400971451414019,0.603520401115312,0.522169456066998,0.35908079805048493,0.0657714913459037
0.516092901696669,0.9095986439831899,1.0,0.9602517449456941,0.9329268958752759,0.9152127104784059,0.8961484003278429,0.88910785120952,0.876947276439314,0.870464177564899,0.859187619759748,0.852158112517702,0.841748436872198,0.8366147810354692,0.8280334749384729,0.8275158983629171,0.823922626326255,0.8160118006874592,0.813507129872206,0.8070138154324059,0.8018561813265891,0.790028028866989,0.784504042528202,0.7787956986134009,0.765846672374408,0.7547137157086751,0.738770201948601,0.7162198510431229,0.6744824810129139,0.591809548703375,0.414660933042091,0.0750111293005582
0.47736817490182,0.8747626248450121,0.9602517449456941,1.0,0.973928622922729,0.9544414855979471,0.9373218977556221,0.927874137506091,0.917520516373798,0.911055092462581,0.8993142719480001,0.891356227644081,0.880894490433822,0.8744765306413209,0.866817769526668,0.8653064301518391,0.861494187204723,0.854843644857326,0.8519673011660129,0.844626461904125,0.837842277017296,0.825880873035885,0.818732325945784,0.8090804886414659,0.796457594224772,0.7861851352217941,0.767438706352452,0.7447433166066361,0.702754162990954,0.6188838574110289,0.43223076562392493,0.0846601777722466
0.455457037643594,0.852308758288499,0.9329268958752759,0.973928622922729,1.0,0.9839161788473689,0.9623658420972149,0.9499046267080219,0.937928135396894,0.93047691751212,0.917484656007403,0.9088522013930629,0.895986138383545,0.8882926040238149,0.880105035692356,0.8776889191599201,0.873513861414809,0.865852640570031,0.861589384857325,0.852887748027205,0.8471652546513729,0.8364634579218109,0.8292687269854421,0.8175394364230899,0.8065381268951372,0.797043375199077,0.77931534347018,0.7574742362978629,0.718069428915848,0.632065359563021,0.436697745280789,0.0856392495221454
0.44238860673539293,0.833590436751886,0.9152127104784059,0.9544414855979471,0.9839161788473689,1.0,0.9847132657312009,0.970491659229419,0.95671740137899,0.9452994268640369,0.932290045215859,0.9226535744903679,0.9088791880922149,0.899446642274709,0.889215880697956,0.88620693950426,0.882283851791143,0.8751198314679142,0.871196731401988,0.8614340200171969,0.85551410014476,0.846797741447105,0.84017456172031,0.832096582283127,0.8202182918611529,0.8089712576887309,0.7910221894130329,0.7701800139509591,0.7317299828786039,0.6455965738777399,0.44499292989114503,0.0889361720763342
0.42225470065032505,0.816936683026421,0.8961484003278429,0.9373218977556221,0.9623658420972149,0.9847132657312009,1.0,0.986494998931583,0.971118226456657,0.959696628785311,0.946820994702009,0.9375973863956758,0.924429095578012,0.914593869943798,0.9036450227739109,0.9000437928010421,0.8965847723664441,0.8893032034126029,0.885097148970129,0.8750260915655871,0.8690084143958721,0.8609854039586371,0.85359256947328,0.8465926806472829,0.8339016387184829,0.8207334418493141,0.802779200924682,0.782468791289742,0.742785505938285,0.6551972397220749,0.450271109744404,0.0845301034332964
0.41862954244552203,0.8069238059184849,0.88910785120952,0.927874137506091,0.9499046267080219,0.970491659229419,0.986494998931583,1.0,0.986850467325952,0.976004976697042,0.962905425730723,0.9528486211317191,0.9406185249896541,0.929101131417389,0.918655238108935,0.913891992340365,0.909112089531794,0.902096795725397,0.897260427226887,0.8889079362355781,0.884215726218524,0.8760534088839009,0.86783941601578,0.860943367045015,0.84896124930427,0.8347678203467159,0.817592210447552,0.8000108252474979,0.7598926770292941,0.670218476589411,0.46830089599070707,0.0910466632317729
0.4060312342595421,0.789014716332725,0.876947276439314,0.917520516373798,0.937928135396894,0.95671740137899,0.971118226456657,0.986850467325952,1.0,0.9898054916852701,0.97826913926311,0.968460593513717,0.95514121074237,0.9427904235468079,0.9321308003853319,0.9258082879300991,0.92009612827815,0.914462759809629,0.9110690920903229,0.9044416034321271,0.89951802764164,0.890990704703178,0.881836593001146,0.8750012850660999,0.864472687481183,0.851789541959407,0.8340463554723921,0.8158302343376801,0.7766810320730899,0.685862516994835,0.4846010264688429,0.10044319016986301
0.39966127954695596,0.7839929943135041,0.870464177564899,0.911055092462581,0.93047691751212,0.9452994268640369,0.959696628785311,0.976004976697042,0.9898054916852701,1.0,0.99082109901167,0.9802049905853499,0.9670531999327271,0.9530943750026719,0.9430895788014241,0.936012647683495,0.9292487030672779,0.9230220186091909,0.9184987781313321,0.9117267073478709,0.906834189011089,0.8997854932986701,0.89064160071479,0.884148780910918,0.874301364313515,0.860233118366387,0.842859781309213,0.824996187413416,0.786261697200076,0.693782765551555,0.49249277723817797,0.10659632646281801
0.401954195020416,0.773237427430065,0.859187619759748,0.8993142719480001,0.917484656007403,0.932290045215859,0.946820994702009,0.962905425730723,0.97826913926311,0.99082109901167,1.0,0.9924313378869221,0.9809703256385308,0.9687610226170291,0.958397099142417,0.950206281261682,0.9426882291897599,0.935998531821768,0.930095415010891,0.923891827839931,0.9188521288574891,0.911261498815976,0.9015023301193058,0.8952446484340779,0.8864896555185892,0.872950784199192,0.855302371842008,0.838810811654478,0.801320860449716,0.7087393408075421,0.505489614840061,0.11450974118852
0.39211823726913503,0.7658271569416271,0.852158112517702,0.891356227644081,0.9088522013930629,0.9226535744903679,0.9375973863956758,0.9528486211317191,0.968460593513717,0.9802049905853499,0.9924313378869221,1.0,0.991761927993595,0.9801453717727401,0.9698012689371629,0.961646774654847,0.9535323656492759,0.9468321509195771,0.9403570294608851,0.934330591301522,0.927548813195646,0.920609031481652,0.911457948569387,0.9051769952538341,0.8966347747175659,0.8835115329464049,0.866279783747239,0.8518379294709879,0.8164599557451909,0.723624328809884,0.521956954824177,0.118329409834409
0.38226824209885707,0.754619015198894,0.841748436872198,0.880894490433822,0.895986138383545,0.9088791880922149,0.924429095578012,0.9406185249896541,0.95514121074237,0.9670531999327271,0.9809703256385308,0.991761927993595,1.0,0.991736395153687,0.981846996833501,0.973448842881912,0.9650505605700039,0.9581957417376421,0.95101297561701,0.94475123074507,0.9371382733647801,0.9293261435277141,0.9191388017799409,0.91220611148956,0.904392303926803,0.8900470266278451,0.873427141298063,0.860309231160669,0.8249838704238192,0.73263629936391,0.533906088414678,0.127349101356009
0.383172004644301,0.7494208641068609,0.8366147810354692,0.8744765306413209,0.8882926040238149,0.899446642274709,0.914593869943798,0.929101131417389,0.9427904235468079,0.9530943750026719,0.9687610226170291,0.9801453717727401,0.991736395153687,1.0,0.9920884658857879,0.9832882035394691,0.974702499206114,0.9674802933867709,0.960736360307667,0.9531662919926329,0.9454845974504399,0.9371082997186941,0.928500715259677,0.9209970864396361,0.9141486722866461,0.9015162982310692,0.88565156707827,0.8722849420261299,0.836946830184492,0.744788156947677,0.5453534055474399,0.12593606216639802
0.37757649980433294,0.740762084871395,0.8280334749384729,0.866817769526668,0.880105035692356,0.889215880697956,0.9036450227739109,0.918655238108935,0.9321308003853319,0.9430895788014241,0.958397099142417,0.9698012689371629,0.981846996833501,0.9920884658857879,1.0,0.992207424053525,0.983097651593782,0.975065537350567,0.967080570898802,0.958674553677806,0.9510070797459941,0.9426201067973149,0.9337749474646129,0.926345782857472,0.9184543246197789,0.9060142505338872,0.891752804552958,0.880331948655466,0.846003565464103,0.754930294215308,0.5530730495268871,0.131807125107423
0.37083644831936896,0.739399443995851,0.8275158983629171,0.8653064301518391,0.8776889191599201,0.88620693950426,0.9000437928010421,0.913891992340365,0.9258082879300991,0.936012647683495,0.950206281261682,0.961646774654847,0.973448842881912,0.9832882035394691,0.992207424053525,1.0,0.99331819306615,0.9852565261541191,0.9765742151343421,0.9682970146682979,0.9605473135884771,0.951221597910192,0.942318847681439,0.934086622501756,0.923900987060438,0.909823964641098,0.897403671781133,0.8851023651446891,0.849598980938302,0.761153131001187,0.557093465101077,0.140959311750996
0.36465817849771204,0.73599242783378,0.823922626326255,0.861494187204723,0.873513861414809,0.882283851791143,0.8965847723664441,0.909112089531794,0.92009612827815,0.9292487030672779,0.9426882291897599,0.9535323656492759,0.9650505605700039,0.974702499206114,0.983097651593782,0.99331819306615,1.0,0.9929948080615899,0.98460566389338,0.976445852306024,0.967719007850348,0.958999223520647,0.9513024817265341,0.942853401693425,0.932149256705223,0.9186858260687428,0.906721629062898,0.8938054019946429,0.859194916833912,0.775328905852951,0.571494499689164,0.14914076185204503
0.36110165058782107,0.728921075097421,0.8160118006874592,0.854843644857326,0.865852640570031,0.8751198314679142,0.8893032034126029,0.902096795725397,0.914462759809629,0.9230220186091909,0.935998531821768,0.9468321509195771,0.9581957417376421,0.9674802933867709,0.975065537350567,0.9852565261541191,0.9929948080615899,1.0,0.9938604758610441,0.9859084392526309,0.97710956151221,0.9684803322252309,0.961374727611718,0.953097590497452,0.9420579345996221,0.9286359398669259,0.9166597361398171,0.9026920224679449,0.86886051450215,0.7878490882792941,0.586110511320468,0.166743605091418
0.36303494994959007,0.7265353866668101,0.813507129872206,0.8519673011660129,0.861589384857325,0.871196731401988,0.885097148970129,0.897260427226887,0.9110690920903229,0.9184987781313321,0.930095415010891,0.9403570294608851,0.95101297561701,0.960736360307667,0.967080570898802,0.9765742151343421,0.98460566389338,0.9938604758610441,1.0,0.992768437313559,0.9845507164258531,0.9752872473579821,0.967856141648418,0.958984722494624,0.948586789925119,0.936320744122821,0.924027475315017,0.9096678318332879,0.8732888500632141,0.79342726760362,0.590682311015208,0.16641174627250901
0.36459293596745795,0.72146239935973,0.8070138154324059,0.844626461904125,0.852887748027205,0.8614340200171969,0.8750260915655871,0.8889079362355781,0.9044416034321271,0.9117267073478709,0.923891827839931,0.934330591301522,0.94475123074507,0.9531662919926329,0.958674553677806,0.9682970146682979,0.976445852306024,0.9859084392526309,0.992768437313559,1.0,0.9938286280784141,0.9849851690788829,0.976513945953297,0.9671144298318951,0.955453322312188,0.944238596264152,0.9323894726989059,0.916307655225093,0.8803922262936759,0.801918251148932,0.601897486721148,0.18299208048387602
0.3590220809548621,0.717072726656778,0.8018561813265891,0.837842277017296,0.8471652546513729,0.85551410014476,0.8690084143958721,0.884215726218524,0.89951802764164,0.906834189011089,0.9188521288574891,0.927548813195646,0.9371382733647801,0.9454845974504399,0.9510070797459941,0.9605473135884771,0.967719007850348,0.97710956151221,0.9845507164258531,0.9938286280784141,1.0,0.992742657127179,0.9829830526901411,0.973250140018689,0.961218184180706,0.94922529872281,0.936761767077635,0.9201472983982,0.883371717809437,0.8069832917373081,0.6046498075243829,0.18558823698837698
0.34819845839784996,0.70628790787203,0.790028028866989,0.825880873035885,0.8364634579218109,0.846797741447105,0.8609854039586371,0.8760534088839009,0.890990704703178,0.8997854932986701,0.911261498815976,0.920609031481652,0.9293261435277141,0.9371082997186941,0.9426201067973149,0.951221597910192,0.958999223520647,0.9684803322252309,0.9752872473579821,0.9849851690788829,0.992742657127179,1.0,0.992452791374182,0.983550953967247,0.9719399555005319,0.9602594529890021,0.9488485851257171,0.931103298630821,0.894680016526514,0.818770407169126,0.6215375841573181,0.19119983649412195
0.34391364132800295,0.702545390188701,0.784504042528202,0.818732325945784,0.8292687269854421,0.84017456172031,0.85359256947328,0.86783941601578,0.881836593001146,0.89064160071479,0.9015023301193058,0.911457948569387,0.9191388017799409,0.928500715259677,0.9337749474646129,0.942318847681439,0.9513024817265341,0.961374727611718,0.967856141648418,0.976513945953297,0.9829830526901411,0.992452791374182,1.0,0.9905760603738509,0.9791717371404891,0.966258529020399,0.954441592737498,0.937681334551495,0.9021815688540541,0.8257044059439191,0.629265384441182,0.18656757858881
0.332442958416308,0.696506977391962,0.7787956986134009,0.8090804886414659,0.8175394364230899,0.832096582283127,0.8465926806472829,0.860943367045015,0.8750012850660999,0.884148780910918,0.8952446484340779,0.9051769952538341,0.91220611148956,0.9209970864396361,0.926345782857472,0.934086622501756,0.942853401693425,0.953097590497452,0.958984722494624,0.9671144298318951,0.973250140018689,0.983550953967247,0.9905760603738509,1.0,0.9884923795874759,0.9757928024495109,0.962919332157762,0.9461012806116751,0.911979724715105,0.8351283595267941,0.6427395467944139,0.200421443817239
0.319086444813865,0.685854604057673,0.765846672374408,0.796457594224772,0.8065381268951372,0.8202182918611529,0.8339016387184829,0.84896124930427,0.864472687481183,0.874301364313515,0.8864896555185892,0.8966347747175659,0.904392303926803,0.9141486722866461,0.9184543246197789,0.923900987060438,0.932149256705223,0.9420579345996221,0.948586789925119,0.955453322312188,0.961218184180706,0.9719399555005319,0.9791717371404891,0.9884923795874759,1.0,0.9873831665626659,0.973243867729997,0.956309328875104,0.922734877552642,0.844476909276346,0.6558314859068061,0.210579673507134
0.320045396514605,0.67426617549771,0.7547137157086751,0.7861851352217941,0.797043375199077,0.8089712576887309,0.8207334418493141,0.8347678203467159,0.851789541959407,0.860233118366387,0.872950784199192,0.8835115329464049,0.8900470266278451,0.9015162982310692,0.9060142505338872,0.909823964641098,0.9186858260687428,0.9286359398669259,0.936320744122821,0.944238596264152,0.94922529872281,0.9602594529890021,0.966258529020399,0.9757928024495109,0.9873831665626659,1.0,0.98653486634471,0.968553359937066,0.9354928984505699,0.8612697401718641,0.6734911632285691,0.223562468416416
0.31068015965429807,0.662409074215177,0.738770201948601,0.767438706352452,0.77931534347018,0.7910221894130329,0.802779200924682,0.817592210447552,0.8340463554723921,0.842859781309213,0.855302371842008,0.866279783747239,0.873427141298063,0.88565156707827,0.891752804552958,0.897403671781133,0.906721629062898,0.9166597361398171,0.924027475315017,0.9323894726989059,0.936761767077635,0.9488485851257171,0.954441592737498,0.962919332157762,0.973243867729997,0.98653486634471,1.0,0.983043263287981,0.9478265715248381,0.874580810521178,0.6854532013033481,0.23533412891399696
0.288256133013254,0.6400971451414019,0.7162198510431229,0.7447433166066361,0.7574742362978629,0.7701800139509591,0.782468791289742,0.8000108252474979,0.8158302343376801,0.824996187413416,0.838810811654478,0.8518379294709879,0.860309231160669,0.8722849420261299,0.880331948655466,0.8851023651446891,0.8938054019946429,0.9026920224679449,0.9096678318332879,0.916307655225093,0.9201472983982,0.931103298630821,0.937681334551495,0.9461012806116751,0.956309328875104,0.968553359937066,0.983043263287981,1.0,0.9708065706375921,0.900488414115992,0.712516457142427,0.24455242096706398
0.26795828232385,0.603520401115312,0.6744824810129139,0.702754162990954,0.718069428915848,0.7317299828786039,0.742785505938285,0.7598926770292941,0.7766810320730899,0.786261697200076,0.801320860449716,0.8164599557451909,0.8249838704238192,0.836946830184492,0.846003565464103,0.849598980938302,0.859194916833912,0.86886051450215,0.8732888500632141,0.8803922262936759,0.883371717809437,0.894680016526514,0.9021815688540541,0.911979724715105,0.922734877552642,0.9354928984505699,0.9478265715248381,0.9708065706375921,1.0,0.94741874262741,0.7617544224426709,0.278758564012734
0.21625822895675,0.522169456066998,0.591809548703375,0.6188838574110289,0.632065359563021,0.6455965738777399,0.6551972397220749,0.670218476589411,0.685862516994835,0.693782765551555,0.7087393408075421,0.723624328809884,0.73263629936391,0.744788156947677,0.754930294215308,0.761153131001187,0.775328905852951,0.7878490882792941,0.79342726760362,0.801918251148932,0.8069832917373081,0.818770407169126,0.8257044059439191,0.8351283595267941,0.844476909276346,0.8612697401718641,0.874580810521178,0.900488414115992,0.94741874262741,1.0,0.8362150458212142,0.343609512116037
0.16174653814191298,0.35908079805048493,0.414660933042091,0.43223076562392493,0.436697745280789,0.44499292989114503,0.450271109744404,0.46830089599070707,0.4846010264688429,0.49249277723817797,0.505489614840061,0.521956954824177,0.533906088414678,0.5453534055474399,0.5530730495268871,0.557093465101077,0.571494499689164,0.586110511320468,0.590682311015208,0.601897486721148,0.6046498075243829,0.6215375841573181,0.629265384441182,0.6427395467944139,0.6558314859068061,0.6734911632285691,0.6854532013033481,0.712516457142427,0.7617544224426709,0.8362150458212142,1.0,0.5088732592435801
0.0602052113693711,0.0657714913459037,0.0750111293005582,0.0846601777722466,0.0856392495221454,0.0889361720763342,0.0845301034332964,0.0910466632317729,0.10044319016986301,0.10659632646281801,0.11450974118852,0.118329409834409,0.127349101356009,0.12593606216639802,0.131807125107423,0.140959311750996,0.14914076185204503,0.166743605091418,0.16641174627250901,0.18299208048387602,0.18558823698837698,0.19119983649412195,0.18656757858881,0.200421443817239,0.210579673507134,0.223562468416416,0.23533412891399696,0.24455242096706398,0.278758564012734,0.343609512116037,0.5088732592435801,1.0
