1.0,0.771109353742148,0.709276779955255,0.6684753166602,0.6373643791748399,0.6209777505608511,0.6086832189875839,0.589723429084053,0.575141466039158,0.5685330488999799,0.558807532012996,0.556901800298534,0.5453524551578189,0.532864793801036,0.524055773320305,0.5134433908431439,0.500766647356335,0.49173317815836104,0.48281768343164005,0.477646391802005,0.47010415380012,0.45631933199646296,0.45109643132790106,0.44052331838685205,0.423273325720074,0.41343510215239004,0.391951228971592,0.34021287078786105,0.240815994853248,0.151385842432377,0.13924772327083498,0.0919497173102058
0.771109353742148,1.0,0.932499977066217,0.893355972929831,0.868993662177732,0.8486346826261141,0.8324912589248009,0.817264293131914,0.803872072788523,0.791947711848,0.7776606611430709,0.767674304646654,0.7566766275901752,0.7429989590435571,0.7322828956859849,0.7240513961307171,0.7124850217886609,0.703785059548273,0.6961269079571539,0.6903006534908779,0.680817953628692,0.6685986658067521,0.65799567007382,0.646521269891791,0.625053930632148,0.6113400411537641,0.583319589539844,0.516084528650141,0.36615165202172706,0.23389502136462598,0.196508934169268,0.14347740699513
0.709276779955255,0.932499977066217,1.0,0.969843289290856,0.94695341158209,0.9261432953876391,0.9136248378322901,0.8962773080486479,0.88478693291936,0.8741795425959229,0.8582082178146879,0.8499417345229692,0.8402609176800441,0.8280836702212321,0.817006354874223,0.810436369233571,0.798795933752615,0.7882921381329191,0.779234707471912,0.7721166576656291,0.765241653047456,0.753971586648235,0.742443072909019,0.729829123175375,0.709318902915888,0.695646540221556,0.668114515531447,0.5995501868743571,0.429121595058346,0.268464158225489,0.23689472989612198,0.196471172566057
0.6684753166602,0.893355972929831,0.969843289290856,1.0,0.981966357773107,0.9611833981837751,0.9495283045525451,0.9332825770661591,0.9219549379769251,0.911707455236118,0.8967717459236121,0.8893712204357479,0.8824922734929259,0.8716572101511791,0.8617571555638229,0.855635390716675,0.8436126219789889,0.8332482801953621,0.82352738312592,0.8158318657524781,0.808947238606395,0.7971942099834399,0.787528967866773,0.7732534769183391,0.751978193844315,0.7380049173622529,0.7085938948471371,0.639613281263298,0.46094197354694605,0.294307209372914,0.260708156347362,0.232056899487838
0.6373643791748399,0.868993662177732,0.94695341158209,0.981966357773107,1.0,0.9851553663761852,0.973135652078855,0.959754008923818,0.950291627665779,0.940141001906259,0.926402657651869,0.918029567946108,0.9121038229995211,0.9020287901504721,0.8935175522960942,0.8882219005402741,0.876201557305106,0.8661557491644158,0.8562230289820771,0.849736478824942,0.8426503447453141,0.830750874092751,0.8223640295277621,0.8080435642939301,0.7882269446119959,0.7738760936369791,0.742598964969213,0.67367821413256,0.48776363636889397,0.31947365366208397,0.288453706095893,0.26073546135317704
0.6209777505608511,0.8486346826261141,0.9261432953876391,0.9611833981837751,0.9851553663761852,1.0,0.991405091326072,0.980175616764676,0.971496020037353,0.9615781023748851,0.9490708782756702,0.9404177380572142,0.9344266982181508,0.925429079607827,0.9173012286966009,0.9115463152193549,0.899722233385155,0.8906457567715259,0.8818547533161479,0.875019071263009,0.86759613088731,0.856002269263439,0.8482625671272729,0.833330957364045,0.814433768957063,0.798826457013828,0.7668728878376908,0.6996163086852671,0.511456248675852,0.343319774614337,0.32061845764032504,0.28071697346325397
0.6086832189875839,0.8324912589248009,0.9136248378322901,0.9495283045525451,0.973135652078855,0.991405091326072,1.0,0.9915974536640241,0.9840568337648109,0.975475583287607,0.9644181877701229,0.956634266491576,0.950018223787747,0.9411628523606651,0.9336948448280871,0.9280946882479979,0.9169220484193951,0.9083551017940891,0.900563704386106,0.8938790764012879,0.887278837304129,0.876439256282781,0.8695315457123779,0.8544628953906691,0.8359293454168341,0.819827292434372,0.7887999005781411,0.7226800756591371,0.536128808758717,0.36921271574000797,0.34418824154684496,0.301184969843516
0.589723429084053,0.817264293131914,0.8962773080486479,0.9332825770661591,0.959754008923818,0.980175616764676,0.9915974536640241,1.0,0.9938684029426821,0.9863808166607091,0.976586868946788,0.968752827269187,0.96199560004224,0.95389153342141,0.947490384603259,0.9419492295896301,0.931981009687111,0.924370666545002,0.9176454645105849,0.9107255580507571,0.9036836292571491,0.893613145971467,0.8867289494967591,0.871243932134311,0.8534084838928979,0.836226525031006,0.804917274856266,0.7436535557267461,0.56009002656819,0.39046911139337204,0.37257390359627596,0.322575153719112
0.575141466039158,0.803872072788523,0.88478693291936,0.9219549379769251,0.950291627665779,0.971496020037353,0.9840568337648109,0.9938684029426821,1.0,0.994256747463202,0.985547409644343,0.977496814122754,0.9705720375892359,0.9627275581864392,0.9566619498266842,0.951563825770136,0.9422451203900271,0.9345345875751859,0.9279622204952629,0.9208908124214441,0.9129302275868342,0.9030771555753709,0.89643740161165,0.881602612106944,0.864857768768793,0.8470750431230409,0.815859605273591,0.7559628268992071,0.568669322563915,0.39546628627445796,0.384282296334787,0.333766848422905
0.5685330488999799,0.791947711848,0.8741795425959229,0.911707455236118,0.940141001906259,0.9615781023748851,0.975475583287607,0.9863808166607091,0.994256747463202,1.0,0.99370678758039,0.986911711091434,0.9801004321967142,0.9729030042726869,0.9668997492939051,0.9614123678469659,0.95284521105175,0.9452524968035441,0.9386255365510509,0.9320397864439441,0.9245390671053101,0.914827382751223,0.908935323864937,0.8944332451982591,0.878426799867453,0.8599858895307609,0.829688362473789,0.7714163232960529,0.587712059415527,0.41704230863194397,0.40662719900599,0.35781517149246506
0.558807532012996,0.7776606611430709,0.8582082178146879,0.8967717459236121,0.926402657651869,0.9490708782756702,0.9644181877701229,0.976586868946788,0.985547409644343,0.99370678758039,1.0,0.994287237623663,0.987649162800106,0.9819180449797231,0.976192975339895,0.970363391452605,0.9620351777474301,0.955003325018934,0.9492872567639742,0.9424158874963209,0.935176196704166,0.925545997839102,0.920418874024568,0.9068032506058059,0.8911991939414449,0.8721541549632209,0.843414289459731,0.7871786404614141,0.600729999157947,0.4289972498720279,0.42389275600614795,0.37916360662702797
0.556901800298534,0.767674304646654,0.8499417345229692,0.8893712204357479,0.918029567946108,0.9404177380572142,0.956634266491576,0.968752827269187,0.977496814122754,0.986911711091434,0.994287237623663,1.0,0.9949866786339789,0.9894718527864531,0.983845036721133,0.9778498889583179,0.969573102895765,0.9632833839089641,0.9574141075928292,0.9506568378851721,0.943781905469356,0.934635126195582,0.929903642069024,0.916834569769501,0.9018072115978258,0.8838780852485649,0.857529762726842,0.8034736354961741,0.6175758322976079,0.443076438319201,0.43966257838931,0.39868793414563797
0.5453524551578189,0.7566766275901752,0.8402609176800441,0.8824922734929259,0.9121038229995211,0.9344266982181508,0.950018223787747,0.96199560004224,0.9705720375892359,0.9801004321967142,0.987649162800106,0.9949866786339789,1.0,0.995604692102752,0.9903225365077969,0.9849916840268141,0.977828420895136,0.97212271761023,0.966345760879902,0.9601536413441059,0.9535811895945309,0.9446096607469301,0.940841879736701,0.928323137511021,0.9137736572672571,0.896148817555947,0.87086929606474,0.8166585046507401,0.6296580090240871,0.456747218201295,0.45415182333668397,0.413628876497252
0.532864793801036,0.7429989590435571,0.8280836702212321,0.8716572101511791,0.9020287901504721,0.925429079607827,0.9411628523606651,0.95389153342141,0.9627275581864392,0.9729030042726869,0.9819180449797231,0.9894718527864531,0.995604692102752,1.0,0.996495278319145,0.991653747366264,0.9854870399030079,0.980256548526838,0.974842219656518,0.9683774417199419,0.961923359694999,0.953687159894162,0.949952631728376,0.938462673387703,0.9248689822758791,0.906650063380105,0.882276850249402,0.8322376353833429,0.649388549409904,0.476130835243122,0.47859516262969104,0.42952508635945297
0.524055773320305,0.7322828956859849,0.817006354874223,0.8617571555638229,0.8935175522960942,0.9173012286966009,0.9336948448280871,0.947490384603259,0.9566619498266842,0.9668997492939051,0.976192975339895,0.983845036721133,0.9903225365077969,0.996495278319145,1.0,0.9963423464514741,0.9914623810211559,0.986739067144058,0.9816961052272422,0.975655709396912,0.969139233273726,0.961750151960255,0.958359476058256,0.9468098534181991,0.933905271705127,0.9163676854115831,0.892332467688633,0.84499926619062,0.665671559156745,0.49023343647315204,0.497497023981441,0.444998834997774
0.5134433908431439,0.7240513961307171,0.810436369233571,0.855635390716675,0.8882219005402741,0.9115463152193549,0.9280946882479979,0.9419492295896301,0.951563825770136,0.9614123678469659,0.970363391452605,0.9778498889583179,0.9849916840268141,0.991653747366264,0.9963423464514741,1.0,0.9965940093127951,0.991802867478303,0.98723529579383,0.9811601815029101,0.974991471429903,0.9674724671204141,0.9637514567420842,0.952731391985261,0.940719399875703,0.9240494769250859,0.9014553554786,0.8543616357032141,0.6734090182979939,0.495878375150843,0.5052670970162709,0.453632395253425
0.500766647356335,0.7124850217886609,0.798795933752615,0.8436126219789889,0.876201557305106,0.899722233385155,0.9169220484193951,0.931981009687111,0.9422451203900271,0.95284521105175,0.9620351777474301,0.969573102895765,0.977828420895136,0.9854870399030079,0.9914623810211559,0.9965940093127951,1.0,0.9966365855310859,0.9922707204951559,0.986537319659429,0.9803736718783871,0.9739343204365041,0.9700002488742719,0.9601180163018359,0.949099093069213,0.9334334627025179,0.9115997219670979,0.865652490343501,0.685367105177865,0.508988524266923,0.519198504171509,0.46753823390057303
0.49173317815836104,0.703785059548273,0.7882921381329191,0.8332482801953621,0.8661557491644158,0.8906457567715259,0.9083551017940891,0.924370666545002,0.9345345875751859,0.9452524968035441,0.955003325018934,0.9632833839089641,0.97212271761023,0.980256548526838,0.986739067144058,0.991802867478303,0.9966365855310859,1.0,0.996668592369283,0.9918070055460079,0.9864946684229859,0.9807834141888081,0.9766622255184401,0.967557464155463,0.9574461359204219,0.9419648330709369,0.920992026587936,0.8768345483599609,0.702109516283589,0.528871706721066,0.5324337168959721,0.483911253304865
0.48281768343164005,0.6961269079571539,0.779234707471912,0.82352738312592,0.8562230289820771,0.8818547533161479,0.900563704386106,0.9176454645105849,0.9279622204952629,0.9386255365510509,0.9492872567639742,0.9574141075928292,0.966345760879902,0.974842219656518,0.9816961052272422,0.98723529579383,0.9922707204951559,0.996668592369283,1.0,0.995826900231203,0.9905478521637741,0.9847941049365591,0.9809700479557091,0.972011115159404,0.9619500601070021,0.9473945947835,0.927361711476261,0.884202464374925,0.7089059729602858,0.5358084615718259,0.540659734144059,0.48773086445793207
0.477646391802005,0.6903006534908779,0.7721166576656291,0.8158318657524781,0.849736478824942,0.875019071263009,0.8938790764012879,0.9107255580507571,0.9208908124214441,0.9320397864439441,0.9424158874963209,0.9506568378851721,0.9601536413441059,0.9683774417199419,0.975655709396912,0.9811601815029101,0.986537319659429,0.9918070055460079,0.995826900231203,1.0,0.996137662887871,0.9905424208881239,0.9862139761314408,0.9773990969929691,0.967310240426607,0.952733404082309,0.9328875843080779,0.888817485597301,0.7174965457467741,0.551350154485493,0.548716357379793,0.493790526926885
0.47010415380012,0.680817953628692,0.765241653047456,0.808947238606395,0.8426503447453141,0.86759613088731,0.887278837304129,0.9036836292571491,0.9129302275868342,0.9245390671053101,0.935176196704166,0.943781905469356,0.9535811895945309,0.961923359694999,0.969139233273726,0.974991471429903,0.9803736718783871,0.9864946684229859,0.9905478521637741,0.996137662887871,1.0,0.99514994077214,0.991449295665912,0.983345366011388,0.973745134056552,0.960285508360279,0.94030587260344,0.897140588615687,0.7322319223404891,0.5704758306234301,0.5603608689110661,0.502925404391067
0.45631933199646296,0.6685986658067521,0.753971586648235,0.7971942099834399,0.830750874092751,0.856002269263439,0.876439256282781,0.893613145971467,0.9030771555753709,0.914827382751223,0.925545997839102,0.934635126195582,0.9446096607469301,0.953687159894162,0.961750151960255,0.9674724671204141,0.9739343204365041,0.9807834141888081,0.9847941049365591,0.9905424208881239,0.99514994077214,1.0,0.996097599329392,0.989168690272018,0.9807546699030051,0.96832291374041,0.949653893270843,0.9127347729048091,0.7638942863039929,0.603318695359795,0.595408846936267,0.521889302587981
0.45109643132790106,0.65799567007382,0.742443072909019,0.787528967866773,0.8223640295277621,0.8482625671272729,0.8695315457123779,0.8867289494967591,0.89643740161165,0.908935323864937,0.920418874024568,0.929903642069024,0.940841879736701,0.949952631728376,0.958359476058256,0.9637514567420842,0.9700002488742719,0.9766622255184401,0.9809700479557091,0.9862139761314408,0.991449295665912,0.996097599329392,1.0,0.994328917685267,0.986476646081226,0.9745869130270429,0.956532394336318,0.92098365595678,0.7702181373234879,0.611744564933437,0.607284454944737,0.5363673853187101
0.44052331838685205,0.646521269891791,0.729829123175375,0.7732534769183391,0.8080435642939301,0.833330957364045,0.8544628953906691,0.871243932134311,0.881602612106944,0.8944332451982591,0.9068032506058059,0.916834569769501,0.928323137511021,0.938462673387703,0.9468098534181991,0.952731391985261,0.9601180163018359,0.967557464155463,0.972011115159404,0.9773990969929691,0.983345366011388,0.989168690272018,0.994328917685267,1.0,0.9944239305215301,0.984861888637913,0.968255517929412,0.934477254052423,0.784817607327462,0.632344951055942,0.625119448679164,0.5582030888990439
0.423273325720074,0.625053930632148,0.709318902915888,0.751978193844315,0.7882269446119959,0.814433768957063,0.8359293454168341,0.8534084838928979,0.864857768768793,0.878426799867453,0.8911991939414449,0.9018072115978258,0.9137736572672571,0.9248689822758791,0.933905271705127,0.940719399875703,0.949099093069213,0.9574461359204219,0.9619500601070021,0.967310240426607,0.973745134056552,0.9807546699030051,0.986476646081226,0.9944239305215301,1.0,0.9929987792789571,0.9786646426308959,0.948636409647633,0.804152878987364,0.657151992558478,0.6495060179871049,0.5797499659725931
0.41343510215239004,0.6113400411537641,0.695646540221556,0.7380049173622529,0.7738760936369791,0.798826457013828,0.819827292434372,0.836226525031006,0.8470750431230409,0.8599858895307609,0.8721541549632209,0.8838780852485649,0.896148817555947,0.906650063380105,0.9163676854115831,0.9240494769250859,0.9334334627025179,0.9419648330709369,0.9473945947835,0.952733404082309,0.960285508360279,0.96832291374041,0.9745869130270429,0.984861888637913,0.9929987792789571,1.0,0.9894902683525909,0.9602904620423109,0.8158734234962008,0.668811629518883,0.66045633198098,0.594633431821854
0.391951228971592,0.583319589539844,0.668114515531447,0.7085938948471371,0.742598964969213,0.7668728878376908,0.7887999005781411,0.804917274856266,0.815859605273591,0.829688362473789,0.843414289459731,0.857529762726842,0.87086929606474,0.882276850249402,0.892332467688633,0.9014553554786,0.9115997219670979,0.920992026587936,0.927361711476261,0.9328875843080779,0.94030587260344,0.949653893270843,0.956532394336318,0.968255517929412,0.9786646426308959,0.9894902683525909,1.0,0.9759396307848219,0.832506845527808,0.686733885531546,0.677308745889558,0.611099642867068
0.34021287078786105,0.516084528650141,0.5995501868743571,0.639613281263298,0.67367821413256,0.6996163086852671,0.7226800756591371,0.7436535557267461,0.7559628268992071,0.7714163232960529,0.7871786404614141,0.8034736354961741,0.8166585046507401,0.8322376353833429,0.84499926619062,0.8543616357032141,0.865652490343501,0.8768345483599609,0.884202464374925,0.888817485597301,0.897140588615687,0.9127347729048091,0.92098365595678,0.934477254052423,0.948636409647633,0.9602904620423109,0.9759396307848219,1.0,0.902572703351198,0.7600826463173941,0.763813734884255,0.660283641178173
0.240815994853248,0.36615165202172706,0.429121595058346,0.46094197354694605,0.48776363636889397,0.511456248675852,0.536128808758717,0.56009002656819,0.568669322563915,0.587712059415527,0.600729999157947,0.6175758322976079,0.6296580090240871,0.649388549409904,0.665671559156745,0.6734090182979939,0.685367105177865,0.702109516283589,0.7089059729602858,0.7174965457467741,0.7322319223404891,0.7638942863039929,0.7702181373234879,0.784817607327462,0.804152878987364,0.8158734234962008,0.832506845527808,0.902572703351198,1.0,0.926278218819141,0.8918463743235301,0.687134460635683
0.151385842432377,0.23389502136462598,0.268464158225489,0.294307209372914,0.31947365366208397,0.343319774614337,0.36921271574000797,0.39046911139337204,0.39546628627445796,0.41704230863194397,0.4289972498720279,0.443076438319201,0.456747218201295,0.476130835243122,0.49023343647315204,0.495878375150843,0.508988524266923,0.528871706721066,0.5358084615718259,0.551350154485493,0.5704758306234301,0.603318695359795,0.611744564933437,0.632344951055942,0.657151992558478,0.668811629518883,0.686733885531546,0.7600826463173941,0.926278218819141,1.0,0.914437109609533,0.684242113322067
0.13924772327083498,0.196508934169268,0.23689472989612198,0.260708156347362,0.288453706095893,0.32061845764032504,0.34418824154684496,0.37257390359627596,0.384282296334787,0.40662719900599,0.42389275600614795,0.43966257838931,0.45415182333668397,0.47859516262969104,0.497497023981441,0.5052670970162709,0.519198504171509,0.5324337168959721,0.540659734144059,0.548716357379793,0.5603608689110661,0.595408846936267,0.607284454944737,0.625119448679164,0.6495060179871049,0.66045633198098,0.677308745889558,0.763813734884255,0.8918463743235301,0.914437109609533,1.0,0.719156446802068
0.0919497173102058,0.14347740699513,0.196471172566057,0.232056899487838,0.26073546135317704,0.28071697346325397,0.301184969843516,0.322575153719112,0.333766848422905,0.35781517149246506,0.37916360662702797,0.39868793414563797,0.413628876497252,0.42952508635945297,0.444998834997774,0.453632395253425,0.46753823390057303,0.483911253304865,0.48773086445793207,0.493790526926885,0.502925404391067,0.521889302587981,0.5363673853187101,0.5582030888990439,0.5797499659725931,0.594633431821854,0.611099642867068,0.660283641178173,0.687134460635683,0.684242113322067,0.719156446802068,1.0
